641 1024 0
641 1018 0
641 1012 0
641 1006 0
641 1000 0
641 994 0
641 988 0
641 982 0
641 976 0
641 970 0
641 964 0
641 958 0
641 952 0
641 946 0
641 940 0
641 934 0
641 928 0
641 922 0
641 916 0
641 910 0
641 904 0
641 898 0
641 892 0
641 886 0
641 880 0
641 874 0
641 868 0
641 862 0
641 856 0
641 850 0
641 844 0
641 838 0
641 832 0
641 826 0
641 820 0
641 814 0
641 808 0
641 802 0
641 796 0
641 790 0
641 784 1
641 778 1
641 772 1
641 766 1
641 760 1
641 754 1
641 748 1
641 742 1
641 736 1
641 730 1
641 724 1
641 718 1
641 712 1
641 706 1
641 700 1
641 694 1
641 688 1
641 682 1
641 676 1
641 670 1
641 664 1
641 658 1
641 652 1
641 646 1
641 640 1
641 634 1
641 628 1
641 622 1
641 616 1
641 610 1
641 604 1
641 598 1
641 592 1
641 586 1
635 586 1
635 592 1
635 598 1
635 604 1
635 610 1
635 616 1
635 622 2
635 628 2
635 634 2
635 640 2
635 646 2
635 652 2
635 658 2
635 664 2
635 670 2
635 676 2
635 682 2
635 688 2
635 694 2
635 700 2
635 706 2
635 712 2
635 718 2
635 724 2
635 730 2
635 736 2
635 742 2
635 748 2
635 754 2
635 760 2
635 766 2
635 772 2
635 778 2
635 784 2
635 790 2
635 796 2
635 802 2
635 808 2
635 814 2
635 820 2
635 826 2
635 832 2
635 838 2
635 844 2
635 850 2
635 856 2
635 862 3
635 868 3
635 874 3
635 880 3
635 886 3
635 892 3
635 898 3
635 904 3
635 910 3
635 916 3
635 922 3
635 928 3
635 934 3
635 940 3
635 946 3
635 952 3
635 958 3
635 964 3
635 970 3
635 976 3
635 982 3
635 988 3
635 994 3
635 1000 3
635 1006 3
635 1012 3
635 1018 3
635 1024 3
629 1024 3
629 1018 3
629 1012 3
629 1006 3
629 1000 3
629 994 3
629 988 3
629 982 3
629 976 3
629 970 3
629 964 3
629 958 3
629 952 4
629 946 4
629 940 4
629 934 4
629 928 4
629 922 4
629 916 4
629 910 4
629 904 4
629 898 4
629 892 4
629 886 4
629 880 4
629 874 4
629 868 4
629 862 4
629 856 4
629 850 4
629 844 4
629 838 4
629 832 4
629 826 4
629 820 4
629 814 4
629 808 4
629 802 4
629 796 4
629 790 4
629 784 4
629 778 4
629 772 4
629 766 4
629 760 4
629 754 4
629 748 4
629 742 4
629 736 4
629 730 4
629 724 4
629 718 4
629 712 5
629 706 5
629 700 5
629 694 5
629 688 5
629 682 5
629 676 5
629 670 5
629 664 5
629 658 5
629 652 5
629 646 5
629 640 5
629 634 5
629 628 5
629 622 5
629 616 5
629 610 5
629 604 5
629 598 5
629 592 5
629 586 5
623 586 5
623 592 5
623 598 5
623 604 5
623 610 5
623 616 5
623 622 5
623 628 5
623 634 5
623 640 5
623 646 5
623 652 5
623 658 5
623 664 5
623 670 5
623 676 5
623 682 5
623 688 5
623 694 6
623 700 6
623 706 6
623 712 6
623 718 6
623 724 6
623 730 6
623 736 6
623 742 6
623 748 6
623 754 6
623 760 6
623 766 6
623 772 6
623 778 6
623 784 6
623 790 6
623 796 6
623 802 6
623 808 6
623 814 6
623 820 6
623 826 6
623 832 6
623 838 6
623 844 6
623 850 6
623 856 6
623 862 6
623 868 6
623 874 6
623 880 6
623 886 6
623 892 6
623 898 6
623 904 6
623 910 6
623 916 6
623 922 6
623 928 6
623 934 7
623 940 7
623 946 7
623 952 7
623 958 7
623 964 7
623 970 7
623 976 7
623 982 7
623 988 7
623 994 7
623 1000 7
623 1006 7
623 1012 7
623 1018 7
623 1024 7
617 1024 7
617 1018 7
617 1012 7
617 1006 7
617 1000 7
617 994 7
617 988 7
617 982 7
617 976 7
617 970 7
617 964 7
617 958 7
617 952 7
617 946 7
617 940 7
617 934 7
617 928 7
617 922 7
617 916 7
617 910 7
617 904 7
617 898 7
617 892 7
617 886 7
617 880 8
617 874 8
617 868 8
617 862 8
617 856 8
617 850 8
617 844 8
617 838 8
617 832 8
617 826 8
617 820 8
617 814 8
617 808 8
617 802 8
617 796 8
617 790 8
617 784 8
617 778 8
617 772 8
617 766 8
617 760 8
617 754 8
617 748 8
617 742 8
617 736 8
617 730 8
617 724 8
617 718 8
617 712 8
617 706 8
617 700 8
617 694 8
617 688 8
617 682 8
617 676 8
617 670 8
617 664 8
617 658 8
617 652 8
617 646 8
617 640 9
617 634 9
617 628 9
617 622 9
617 616 9
617 610 9
617 604 9
617 598 9
617 592 9
617 586 9
611 586 9
611 592 9
611 598 9
611 604 9
611 610 9
611 616 9
611 622 9
611 628 9
611 634 9
611 640 9
611 646 9
611 652 9
611 658 9
611 664 9
611 670 9
611 676 9
611 682 9
611 688 9
611 694 9
611 700 9
611 706 9
611 712 9
611 718 9
611 724 9
611 730 9
611 736 9
611 742 9
611 748 9
611 754 9
611 760 9
611 766 10
611 772 10
611 778 10
611 784 10
611 790 10
611 796 10
611 802 10
611 808 10
611 814 10
611 820 10
611 826 10
611 832 10
611 838 10
611 844 10
611 850 10
611 856 10
611 862 10
611 868 10
611 874 10
611 880 10
611 886 10
611 892 10
611 898 10
611 904 10
611 910 10
611 916 10
611 922 10
611 928 10
611 934 10
611 940 10
611 946 10
611 952 10
611 958 10
611 964 10
611 970 10
611 976 10
611 982 10
611 988 10
611 994 10
611 1000 10
611 1006 11
611 1012 11
611 1018 11
611 1024 11
605 1024 11
605 1018 11
605 1012 11
605 1006 11
605 1000 11
605 994 11
605 988 11
605 982 11
605 976 11
605 970 11
605 964 11
605 958 11
605 952 11
605 946 11
605 940 11
605 934 11
605 928 11
605 922 11
605 916 11
605 910 11
605 904 11
605 898 11
605 892 11
605 886 11
605 880 11
605 874 11
605 868 11
605 862 11
605 856 11
605 850 11
605 844 11
605 838 11
605 832 11
605 826 11
605 820 11
605 814 11
605 808 12
605 802 12
605 796 12
605 790 12
605 784 12
605 778 12
605 772 12
605 766 12
605 760 12
605 754 12
605 748 12
605 742 12
605 736 12
605 730 12
605 724 12
605 718 12
605 712 12
605 706 12
605 700 12
605 694 12
605 688 12
605 682 12
605 676 12
605 670 12
605 664 12
605 658 12
605 652 12
605 646 12
605 640 12
605 634 12
605 628 12
605 622 12
605 616 12
605 610 12
605 604 12
605 598 12
605 592 12
605 586 12
599 586 12
599 592 12
599 598 13
599 604 13
599 610 13
599 616 13
599 622 13
599 628 13
599 634 13
599 640 13
599 646 13
599 652 13
599 658 13
599 664 13
599 670 13
599 676 13
599 682 13
599 688 13
599 694 13
599 700 13
599 706 13
599 712 13
599 718 13
599 724 13
599 730 13
599 736 13
599 742 13
599 748 13
599 754 13
599 760 13
599 766 13
599 772 13
599 778 13
599 784 13
599 790 13
599 796 13
599 802 13
599 808 13
599 814 13
599 820 13
599 826 13
599 832 13
599 838 14
599 844 14
599 850 14
599 856 14
599 862 14
599 868 14
599 874 14
599 880 14
599 886 14
599 892 14
599 898 14
599 904 14
599 910 14
599 916 14
599 922 14
599 928 14
599 934 14
599 940 14
599 946 14
599 952 14
599 958 14
599 964 14
599 970 14
599 976 14
599 982 14
599 988 14
599 994 14
599 1000 14
599 1006 14
599 1012 14
599 1018 14
599 1024 14
593 1024 14
593 1018 14
593 1012 14
593 1006 14
593 1000 14
593 994 14
593 988 14
593 982 14
593 976 15
593 970 15
593 964 15
593 958 15
593 952 15
593 946 15
593 940 15
593 934 15
593 928 15
593 922 15
593 916 15
593 910 15
593 904 15
593 898 15
593 892 15
593 886 15
593 880 15
593 874 15
593 868 15
593 862 15
593 856 15
593 850 15
593 844 15
593 838 15
593 832 15
593 826 15
593 820 15
593 814 15
593 808 15
593 802 15
593 796 15
593 790 15
593 784 15
593 778 15
593 772 15
593 766 15
593 760 15
593 754 15
593 748 15
593 742 15
593 736 16
593 730 16
593 724 16
593 718 16
593 712 16
593 706 16
593 700 16
593 694 16
593 688 16
593 682 16
593 676 16
593 670 16
593 664 16
593 658 16
593 652 16
593 646 16
593 640 16
593 634 16
593 628 16
593 622 16
593 616 16
593 610 16
593 604 16
593 598 16
593 592 16
593 586 16
587 586 16
587 592 16
587 598 16
587 604 16
587 610 16
587 616 16
587 622 16
587 628 16
587 634 16
587 640 16
587 646 16
587 652 16
587 658 16
587 664 16
587 670 17
587 676 17
587 682 17
587 688 17
587 694 17
587 700 17
587 706 17
587 712 17
587 718 17
587 724 17
587 730 17
587 736 17
587 742 17
587 748 17
587 754 17
587 760 17
587 766 17
587 772 17
587 778 17
587 784 17
587 790 17
587 796 17
587 802 17
587 808 17
587 814 17
587 820 17
587 826 17
587 832 17
587 838 17
587 844 17
587 850 17
587 856 17
587 862 17
587 868 17
587 874 17
587 880 17
587 886 17
587 892 17
587 898 17
587 904 17
587 910 18
587 916 18
587 922 18
587 928 18
587 934 18
587 940 18
587 946 18
587 952 18
587 958 18
587 964 18
587 970 18
587 976 18
587 982 18
587 988 18
587 994 18
587 1000 18
587 1006 18
587 1012 18
587 1018 18
587 1024 18
581 1024 18
581 1018 18
581 1012 18
581 1006 18
581 1000 18
581 994 18
581 988 18
581 982 18
581 976 18
581 970 18
581 964 18
581 958 18
581 952 18
581 946 18
581 940 18
581 934 18
581 928 18
581 922 18
581 916 18
581 910 18
581 904 19
581 898 19
581 892 19
581 886 19
581 880 19
581 874 19
581 868 19
581 862 19
581 856 19
581 850 19
581 844 19
581 838 19
581 832 19
581 826 19
581 820 19
581 814 19
581 808 19
581 802 19
581 796 19
581 790 19
581 784 19
581 778 19
581 772 19
581 766 19
581 760 19
581 754 19
581 748 19
581 742 19
581 736 19
581 730 19
581 724 19
581 718 19
581 712 19
581 706 19
581 700 19
581 694 19
581 688 19
581 682 19
581 676 19
581 670 19
581 664 20
581 658 20
581 652 20
581 646 20
581 640 20
581 634 20
581 628 20
581 622 20
581 616 20
581 610 20
581 604 20
581 598 20
581 592 20
581 586 20
575 586 20
575 592 20
575 598 20
575 604 20
575 610 20
575 616 20
575 622 20
575 628 20
575 634 20
575 640 20
575 646 20
575 652 20
575 658 20
575 664 20
575 670 20
575 676 20
575 682 20
575 688 20
575 694 20
575 700 20
575 706 20
575 712 20
575 718 20
575 724 20
575 730 20
575 736 20
575 742 21
575 748 21
575 754 21
575 760 21
575 766 21
575 772 21
575 778 21
575 784 21
575 790 21
575 796 21
575 802 21
575 808 21
575 814 21
575 820 21
575 826 21
575 832 21
575 838 21
575 844 21
575 850 21
575 856 21
575 862 21
575 868 21
575 874 21
575 880 21
575 886 21
575 892 21
575 898 21
575 904 21
575 910 21
575 916 21
575 922 21
575 928 21
575 934 21
575 940 21
575 946 21
575 952 21
575 958 21
575 964 21
575 970 21
575 976 21
575 982 22
575 988 22
575 994 22
575 1000 22
575 1006 22
575 1012 22
575 1018 22
575 1024 22
569 1024 22
569 1018 22
569 1012 22
569 1006 22
569 1000 22
569 994 22
569 988 22
569 982 22
569 976 22
569 970 22
569 964 22
569 958 22
569 952 22
569 946 22
569 940 22
569 934 22
569 928 22
569 922 22
569 916 22
569 910 22
569 904 22
569 898 22
569 892 22
569 886 22
569 880 22
569 874 22
569 868 22
569 862 22
569 856 22
569 850 22
569 844 22
569 838 22
569 832 23
569 826 23
569 820 23
569 814 23
569 808 23
569 802 23
569 796 23
569 790 23
569 784 23
569 778 23
569 772 23
569 766 23
569 760 23
569 754 23
569 748 23
569 742 23
569 736 23
569 730 23
569 724 23
569 718 23
569 712 23
569 706 23
569 700 23
569 694 23
569 688 23
569 682 23
569 676 23
569 670 23
569 664 23
569 658 23
569 652 23
569 646 23
569 640 23
569 634 23
569 628 23
569 622 23
569 616 23
569 610 23
569 604 23
569 598 23
569 592 24
569 586 24
563 586 24
563 592 24
563 598 24
563 604 24
563 610 24
563 616 24
563 622 24
563 628 24
563 634 24
563 640 24
563 646 24
563 652 24
563 658 24
563 664 24
563 670 24
563 676 24
563 682 24
563 688 24
563 694 24
563 700 24
563 706 24
563 712 24
563 718 24
563 724 24
563 730 24
563 736 24
563 742 24
563 748 24
563 754 24
563 760 24
563 766 24
563 772 24
563 778 24
563 784 24
563 790 24
563 796 24
563 802 24
563 808 24
563 814 25
563 820 25
563 826 25
563 832 25
563 838 25
563 844 25
563 850 25
563 856 25
563 862 25
563 868 25
563 874 25
563 880 25
563 886 25
563 892 25
563 898 25
563 904 25
563 910 25
563 916 25
563 922 25
563 928 25
563 934 25
563 940 25
563 946 25
563 952 25
563 958 25
563 964 25
563 970 25
563 976 25
563 982 25
563 988 25
563 994 25
563 1000 25
563 1006 25
563 1012 25
563 1018 25
563 1024 25
557 1024 25
557 1018 25
557 1012 25
557 1006 25
557 1000 26
557 994 26
557 988 26
557 982 26
557 976 26
557 970 26
557 964 26
557 958 26
557 952 26
557 946 26
557 940 26
557 934 26
557 928 26
557 922 26
557 916 26
557 910 26
557 904 26
557 898 26
557 892 26
557 886 26
557 880 26
557 874 26
557 868 26
557 862 26
557 856 26
557 850 26
557 844 26
557 838 26
557 832 26
557 826 26
557 820 26
557 814 26
557 808 26
557 802 26
557 796 26
557 790 26
557 784 26
557 778 26
557 772 26
557 766 26
557 760 27
557 754 27
557 748 27
557 742 27
557 736 27
557 730 27
557 724 27
557 718 27
557 712 27
557 706 27
557 700 27
557 694 27
557 688 27
557 682 27
557 676 27
557 670 27
557 664 27
557 658 27
557 652 27
557 646 27
557 640 27
557 634 27
557 628 27
557 622 27
557 616 27
557 610 27
557 604 27
557 598 27
557 592 27
557 586 27
551 586 27
551 592 27
551 598 27
551 604 27
551 610 27
551 616 27
551 622 27
551 628 27
551 634 27
551 640 27
551 646 28
551 652 28
551 658 28
551 664 28
551 670 28
551 676 28
551 682 28
551 688 28
551 694 28
551 700 28
551 706 28
551 712 28
551 718 28
551 724 28
551 730 28
551 736 28
551 742 28
551 748 28
551 754 28
551 760 28
551 766 28
551 772 28
551 778 28
551 784 28
551 790 28
551 796 28
551 802 28
551 808 28
551 814 28
551 820 28
551 826 28
551 832 28
551 838 28
551 844 28
551 850 28
551 856 28
551 862 28
551 868 28
551 874 28
551 880 28
551 886 29
551 892 29
551 898 29
551 904 29
551 910 29
551 916 29
551 922 29
551 928 29
551 934 29
551 940 29
551 946 29
551 952 29
551 958 29
551 964 29
551 970 29
551 976 29
551 982 29
551 988 29
551 994 29
551 1000 29
551 1006 29
551 1012 29
551 1018 29
551 1024 29
545 1024 29
545 1018 29
545 1012 29
545 1006 29
545 1000 29
545 994 29
545 988 29
545 982 29
545 976 29
545 970 29
545 964 29
545 958 29
545 952 29
545 946 29
545 940 29
545 934 29
545 928 30
545 922 30
545 916 30
545 910 30
545 904 30
545 898 30
545 892 30
545 886 30
545 880 30
545 874 30
545 868 30
545 862 30
545 856 30
545 850 30
545 844 30
545 838 30
545 832 30
545 826 30
545 820 30
545 814 30
545 808 30
545 802 30
545 796 30
545 790 30
545 784 30
545 778 30
545 772 30
545 766 30
545 760 30
545 754 30
545 748 30
545 742 30
545 736 30
545 730 30
545 724 30
545 718 30
545 712 30
545 706 30
545 700 30
545 694 30
545 688 31
545 682 31
545 676 31
545 670 31
545 664 31
545 658 31
545 652 31
545 646 31
545 640 31
545 634 31
545 628 31
545 622 31
545 616 31
545 610 31
545 604 31
545 598 31
545 592 31
545 586 31
539 586 31
539 592 31
539 598 31
539 604 31
539 610 31
539 616 31
539 622 31
539 628 31
539 634 31
539 640 31
539 646 31
539 652 31
539 658 31
539 664 31
539 670 31
539 676 31
539 682 31
539 688 31
539 694 31
539 700 31
539 706 31
539 712 31
539 718 32
539 724 32
539 730 32
539 736 32
539 742 32
539 748 32
539 754 32
539 760 32
539 766 32
539 772 32
539 778 32
539 784 32
539 790 32
539 796 32
539 802 32
539 808 32
539 814 32
539 820 32
539 826 32
539 832 32
539 838 32
539 844 32
539 850 32
539 856 32
539 862 32
539 868 32
539 874 32
539 880 32
539 886 32
539 892 32
539 898 32
539 904 32
539 910 32
539 916 32
539 922 32
539 928 32
539 934 32
539 940 32
539 946 32
539 952 32
539 958 33
539 964 33
539 970 33
539 976 33
539 982 33
539 988 33
539 994 33
539 1000 33
539 1006 33
539 1012 33
539 1018 33
539 1024 33
533 1024 33
533 1018 33
533 1012 33
533 1006 33
533 1000 33
533 994 33
533 988 33
533 982 33
533 976 33
533 970 33
533 964 33
533 958 33
533 952 33
533 946 33
533 940 33
533 934 33
533 928 33
533 922 33
533 916 33
533 910 33
533 904 33
533 898 33
533 892 33
533 886 33
533 880 33
533 874 33
533 868 33
533 862 33
533 856 34
533 850 34
533 844 34
533 838 34
533 832 34
533 826 34
533 820 34
533 814 34
533 808 34
533 802 34
533 796 34
533 790 34
533 784 34
533 778 34
533 772 34
533 766 34
533 760 34
533 754 34
533 748 34
533 742 34
533 736 34
533 730 34
533 724 34
533 718 34
533 712 34
533 706 34
533 700 34
533 694 34
533 688 34
533 682 34
533 676 34
533 670 34
533 664 34
533 658 34
533 652 34
533 646 34
533 640 34
533 634 34
533 628 34
533 622 34
533 616 35
533 610 35
533 604 35
533 598 35
533 592 35
533 586 35
527 586 35
527 592 35
527 598 35
527 604 35
527 610 35
527 616 35
527 622 35
527 628 35
527 634 35
527 640 35
527 646 35
527 652 35
527 658 35
527 664 35
527 670 35
527 676 35
527 682 35
527 688 35
527 694 35
527 700 35
527 706 35
527 712 35
527 718 35
527 724 35
527 730 35
527 736 35
527 742 35
527 748 35
527 754 35
527 760 35
527 766 35
527 772 35
527 778 35
527 784 35
527 790 36
527 796 36
527 802 36
527 808 36
527 814 36
527 820 36
527 826 36
527 832 36
527 838 36
527 844 36
527 850 36
527 856 36
527 862 36
527 868 36
527 874 36
527 880 36
527 886 36
527 892 36
527 898 36
527 904 36
527 910 36
527 916 36
527 922 36
527 928 36
527 934 36
527 940 36
527 946 36
527 952 36
527 958 36
527 964 36
527 970 36
527 976 36
527 982 36
527 988 36
527 994 36
527 1000 36
527 1006 36
527 1012 36
527 1018 36
527 1024 36
521 1024 37
521 1018 37
521 1012 37
521 1006 37
521 1000 37
521 994 37
521 988 37
521 982 37
521 976 37
521 970 37
521 964 37
521 958 37
521 952 37
521 946 37
521 940 37
521 934 37
521 928 37
521 922 37
521 916 37
521 910 37
521 904 37
521 898 37
521 892 37
521 886 37
521 880 37
521 874 37
521 868 37
521 862 37
521 856 37
521 850 37
521 844 37
521 838 37
521 832 37
521 826 37
521 820 37
521 814 37
521 808 37
521 802 37
521 796 37
521 790 37
521 784 38
521 778 38
521 772 38
521 766 38
521 760 38
521 754 38
521 748 38
521 742 38
521 736 38
521 730 38
521 724 38
521 718 38
521 712 38
521 706 38
521 700 38
521 694 38
521 688 38
521 682 38
521 676 38
521 670 38
521 664 38
521 658 38
521 652 38
521 646 38
521 640 38
521 634 38
521 628 38
521 622 38
521 616 38
521 610 38
521 604 38
521 598 38
521 592 38
521 586 38
515 586 38
515 592 38
515 598 38
515 604 38
515 610 38
515 616 38
515 622 39
515 628 39
515 634 39
515 640 39
515 646 39
515 652 39
515 658 39
515 664 39
515 670 39
515 676 39
515 682 39
515 688 39
515 694 39
515 700 39
515 706 39
515 712 39
515 718 39
515 724 39
515 730 39
515 736 39
515 742 39
515 748 39
515 754 39
515 760 39
515 766 39
515 772 39
515 778 39
515 784 39
515 790 39
515 796 39
515 802 39
515 808 39
515 814 39
515 820 39
515 826 39
515 832 39
515 838 39
515 844 39
515 850 39
515 856 39
515 862 40
515 868 40
515 874 40
515 880 40
515 886 40
515 892 40
515 898 40
515 904 40
515 910 40
515 916 40
515 922 40
515 928 40
515 934 40
515 940 40
515 946 40
515 952 40
515 958 40
515 964 40
515 970 40
515 976 40
515 982 40
515 988 40
515 994 40
515 1000 40
515 1006 40
515 1012 40
515 1018 40
515 1024 40
509 1024 40
509 1018 40
509 1012 40
509 1006 40
509 1000 40
509 994 40
509 988 40
509 982 40
509 976 40
509 970 40
509 964 40
509 958 40
509 952 41
509 946 41
509 940 41
509 934 41
509 928 41
509 922 41
509 916 41
509 910 41
509 904 41
509 898 41
509 892 41
509 886 41
509 880 41
509 874 41
509 868 41
509 862 41
509 856 41
509 850 41
509 844 41
509 838 41
509 832 41
509 826 41
509 820 41
509 814 41
509 808 41
509 802 41
509 796 41
509 790 41
509 784 41
509 778 41
509 772 41
509 766 41
509 760 41
509 754 41
509 748 41
509 742 41
509 736 41
509 730 41
509 724 41
509 718 41
509 712 42
509 706 42
509 700 42
509 694 42
509 688 42
509 682 42
509 676 42
509 670 42
509 664 42
509 658 42
509 652 42
509 646 42
509 640 42
509 634 42
509 628 42
509 622 42
509 616 42
509 610 42
509 604 42
509 598 42
509 592 42
509 586 42
503 586 42
503 592 42
503 598 42
503 604 42
503 610 42
503 616 42
503 622 42
503 628 42
503 634 42
503 640 42
503 646 42
503 652 42
503 658 42
503 664 42
503 670 42
503 676 42
503 682 42
503 688 42
503 694 43
503 700 43
503 706 43
503 712 43
503 718 43
503 724 43
503 730 43
503 736 43
503 742 43
503 748 43
503 754 43
503 760 43
503 766 43
503 772 43
503 778 43
503 784 43
503 790 43
503 796 43
503 802 43
503 808 43
503 814 43
503 820 43
503 826 43
503 832 43
503 838 43
503 844 43
503 850 43
503 856 43
503 862 43
503 868 43
503 874 43
503 880 43
503 886 43
503 892 43
503 898 43
503 904 43
503 910 43
503 916 43
503 922 43
503 928 43
503 934 44
503 940 44
503 946 44
503 952 44
503 958 44
503 964 44
503 970 44
503 976 44
503 982 44
503 988 44
503 994 44
503 1000 44
503 1006 44
503 1012 44
503 1018 44
503 1024 44
497 1024 44
497 1018 44
497 1012 44
497 1006 44
497 1000 44
497 994 44
497 988 44
497 982 44
497 976 44
497 970 44
497 964 44
497 958 44
497 952 44
497 946 44
497 940 44
497 934 44
497 928 44
497 922 44
497 916 44
497 910 44
497 904 44
497 898 44
497 892 44
497 886 44
497 880 45
497 874 45
497 868 45
497 862 45
497 856 45
497 850 45
497 844 45
497 838 45
497 832 45
497 826 45
497 820 45
497 814 45
497 808 45
497 802 45
497 796 45
497 790 45
497 784 45
497 778 45
497 772 45
497 766 45
497 760 45
497 754 45
497 748 45
497 742 45
497 736 45
497 730 45
497 724 45
497 718 45
497 712 45
497 706 45
497 700 45
497 694 45
497 688 45
497 682 45
497 676 45
497 670 45
497 664 45
497 658 45
497 652 45
497 646 45
497 640 46
497 634 46
497 628 46
497 622 46
497 616 46
497 610 46
497 604 46
497 598 46
497 592 46
497 586 46
491 586 46
491 592 46
491 598 46
491 604 46
491 610 46
491 616 46
491 622 46
491 628 46
491 634 46
491 640 46
491 646 46
491 652 46
491 658 46
491 664 46
491 670 46
491 676 46
491 682 46
491 688 46
491 694 46
491 700 46
491 706 46
491 712 46
491 718 46
491 724 46
491 730 46
491 736 46
491 742 46
491 748 46
491 754 46
491 760 46
491 766 47
491 772 47
491 778 47
491 784 47
491 790 47
491 796 47
491 802 47
491 808 47
491 814 47
491 820 47
491 826 47
491 832 47
491 838 47
491 844 47
491 850 47
491 856 47
491 862 47
491 868 47
491 874 47
491 880 47
491 886 47
491 892 47
491 898 47
491 904 47
491 910 47
491 916 47
491 922 47
491 928 47
491 934 47
491 940 47
491 946 47
491 952 47
491 958 47
491 964 47
491 970 47
491 976 47
491 982 47
491 988 47
491 994 47
491 1000 47
491 1006 48
491 1012 48
491 1018 48
491 1024 48
485 1024 48
485 1018 48
485 1012 48
485 1006 48
485 1000 48
485 994 48
485 988 48
485 982 48
485 976 48
485 970 48
485 964 48
485 958 48
485 952 48
485 946 48
485 940 48
485 934 48
485 928 48
485 922 48
485 916 48
485 910 48
485 904 48
485 898 48
485 892 48
485 886 48
485 880 48
485 874 48
485 868 48
485 862 48
485 856 48
485 850 48
485 844 48
485 838 48
485 832 48
485 826 48
485 820 48
485 814 48
485 808 49
485 802 49
485 796 49
485 790 49
485 784 49
485 778 49
485 772 49
485 766 49
485 760 49
485 754 49
485 748 49
485 742 49
485 736 49
485 730 49
485 724 49
485 718 49
485 712 49
485 706 49
485 700 49
485 694 49
485 688 49
485 682 49
485 676 49
485 670 49
485 664 49
485 658 49
485 652 49
485 646 49
485 640 49
485 634 49
485 628 49
485 622 49
485 616 49
485 610 49
485 604 49
485 598 49
485 592 49
485 586 49
479 586 49
479 592 49
479 598 50
479 604 50
479 610 50
479 616 50
479 622 50
479 628 50
479 634 50
479 640 50
479 646 50
479 652 50
479 658 50
479 664 50
479 670 50
479 676 50
479 682 50
479 688 50
479 694 50
479 700 50
479 706 50
479 712 50
479 718 50
479 724 50
479 730 50
479 736 50
479 742 50
479 748 50
479 754 50
479 760 50
479 766 50
479 772 50
479 778 50
479 784 50
479 790 50
479 796 50
479 802 50
479 808 50
479 814 50
479 820 50
479 826 50
479 832 50
479 838 51
479 844 51
479 850 51
479 856 51
479 862 51
479 868 51
479 874 51
479 880 51
479 886 51
479 892 51
479 898 51
479 904 51
479 910 51
479 916 51
479 922 51
479 928 51
479 934 51
479 940 51
479 946 51
479 952 51
479 958 51
479 964 51
479 970 51
479 976 51
479 982 51
479 988 51
479 994 51
479 1000 51
479 1006 51
479 1012 51
479 1018 51
479 1024 51
473 1024 51
473 1018 51
473 1012 51
473 1006 51
473 1000 51
473 994 51
473 988 51
473 982 51
473 976 52
473 970 52
473 964 52
473 958 52
473 952 52
473 946 52
473 940 52
473 934 52
473 928 52
473 922 52
473 916 52
473 910 52
473 904 52
473 898 52
473 892 52
473 886 52
473 880 52
473 874 52
473 868 52
473 862 52
473 856 52
473 850 52
473 844 52
473 838 52
473 832 52
473 826 52
473 820 52
473 814 52
473 808 52
473 802 52
473 796 52
473 790 52
473 784 52
473 778 52
473 772 52
473 766 52
473 760 52
473 754 52
473 748 52
473 742 52
473 736 53
473 730 53
473 724 53
473 718 53
473 712 53
473 706 53
473 700 53
473 694 53
473 688 53
473 682 53
473 676 53
473 670 53
473 664 53
473 658 53
473 652 53
473 646 53
473 640 53
473 634 53
473 628 53
473 622 53
473 616 53
473 610 53
473 604 53
473 598 53
473 592 53
473 586 53
467 586 53
467 592 53
467 598 53
467 604 53
467 610 53
467 616 53
467 622 53
467 628 53
467 634 53
467 640 53
467 646 53
467 652 53
467 658 53
467 664 53
467 670 54
467 676 54
467 682 54
467 688 54
467 694 54
467 700 54
467 706 54
467 712 54
467 718 54
467 724 54
467 730 54
467 736 54
467 742 54
467 748 54
467 754 54
467 760 54
467 766 54
467 772 54
467 778 54
467 784 54
467 790 54
467 796 54
467 802 54
467 808 54
467 814 54
467 820 54
467 826 54
467 832 54
467 838 54
467 844 54
467 850 54
467 856 54
467 862 54
467 868 54
467 874 54
467 880 54
467 886 54
467 892 54
467 898 54
467 904 54
467 910 55
467 916 55
467 922 55
467 928 55
467 934 55
467 940 55
467 946 55
467 952 55
467 958 55
467 964 55
467 970 55
467 976 55
467 982 55
467 988 55
467 994 55
467 1000 55
467 1006 55
467 1012 55
467 1018 55
467 1024 55
461 1024 55
461 1018 55
461 1012 55
461 1006 55
461 1000 55
461 994 55
461 988 55
461 982 55
461 976 55
461 970 55
461 964 55
461 958 55
461 952 55
461 946 55
461 940 55
461 934 55
461 928 55
461 922 55
461 916 55
461 910 55
461 904 56
461 898 56
461 892 56
461 886 56
461 880 56
461 874 56
461 868 56
461 862 56
461 856 56
461 850 56
461 844 56
461 838 56
461 832 56
461 826 56
461 820 56
461 814 56
461 808 56
461 802 56
461 796 56
461 790 56
461 784 56
461 778 56
461 772 56
461 766 56
461 760 56
461 754 56
461 748 56
461 742 56
461 736 56
461 730 56
461 724 56
461 718 56
461 712 56
461 706 56
461 700 56
461 694 56
461 688 56
461 682 56
461 676 56
461 670 56
461 664 57
461 658 57
461 652 57
461 646 57
461 640 57
461 634 57
461 628 57
461 622 57
461 616 57
461 610 57
461 604 57
461 598 57
461 592 57
461 586 57
455 586 57
455 592 57
455 598 57
455 604 57
455 610 57
455 616 57
455 622 57
455 628 57
455 634 57
455 640 57
455 646 57
455 652 57
455 658 57
455 664 57
455 670 57
455 676 57
455 682 57
455 688 57
455 694 57
455 700 57
455 706 57
455 712 57
455 718 57
455 724 57
455 730 57
455 736 57
455 742 58
455 748 58
455 754 58
455 760 58
455 766 58
455 772 58
455 778 58
455 784 58
455 790 58
455 796 58
455 802 58
455 808 58
455 814 58
455 820 58
455 826 58
455 832 58
455 838 58
455 844 58
455 850 58
455 856 58
455 862 58
455 868 58
455 874 58
455 880 58
455 886 58
455 892 58
455 898 58
449 898 58
449 892 58
449 886 58
449 880 58
449 874 58
449 868 58
449 862 58
449 856 58
449 850 58
449 844 58
449 838 58
449 832 58
449 826 58
449 820 59
449 814 59
449 808 59
449 802 59
449 796 59
449 790 59
449 784 59
449 778 59
449 772 59
449 766 59
449 760 59
449 754 59
449 748 59
449 742 59
449 736 59
449 730 59
449 724 59
449 718 59
449 712 59
449 706 59
449 700 59
449 694 59
449 688 59
449 682 59
449 676 59
449 670 59
449 664 59
449 658 59
449 652 59
449 646 59
449 640 59
449 634 59
449 628 59
449 622 59
449 616 59
449 610 59
449 604 59
449 598 59
449 592 59
449 586 59
443 586 60
443 592 60
443 598 60
443 604 60
443 610 60
443 616 60
443 622 60
443 628 60
443 634 60
443 640 60
443 646 60
443 652 60
443 658 60
443 664 60
443 670 60
443 676 60
443 682 60
443 688 60
443 694 60
443 700 60
443 706 60
443 712 60
443 718 60
443 724 60
443 730 60
443 736 60
443 742 60
443 748 60
443 754 60
443 760 60
443 766 60
443 772 60
443 778 60
443 784 60
443 790 60
443 796 60
443 802 60
443 808 60
443 814 60
443 820 60
443 826 61
443 832 61
443 838 61
443 844 61
443 850 61
443 856 61
443 862 61
443 868 61
443 874 61
443 880 61
443 886 61
443 892 61
443 898 61
437 898 61
437 892 61
437 886 61
437 880 61
437 874 61
437 868 61
437 862 61
437 856 61
437 850 61
437 844 61
437 838 61
437 832 61
437 826 61
437 820 61
437 814 61
437 808 61
437 802 61
437 796 61
437 790 61
437 784 61
437 778 61
437 772 61
437 766 61
437 760 61
437 754 61
437 748 61
437 742 61
437 736 62
437 730 62
437 724 62
437 718 62
437 712 62
437 706 62
437 700 62
437 694 62
437 688 62
437 682 62
437 676 62
437 670 62
437 664 62
437 658 62
437 652 62
437 646 62
437 640 62
437 634 62
437 628 62
437 622 62
437 616 62
437 610 62
437 604 62
437 598 62
437 592 62
437 586 62
431 586 62
431 592 62
431 598 62
431 604 62
431 610 62
431 616 62
431 622 62
431 628 62
431 634 62
431 640 62
431 646 62
431 652 62
431 658 62
431 664 62
431 670 63
431 676 63
431 682 63
431 688 63
431 694 63
431 700 63
431 706 63
431 712 63
431 718 63
431 724 63
431 730 63
431 736 63
431 742 63
431 748 63
431 754 63
431 760 63
431 766 63
431 772 63
431 778 63
431 784 63
431 790 63
431 796 63
431 802 63
431 808 63
431 814 63
431 820 63
431 826 63
431 832 63
431 838 63
431 844 63
431 850 63
431 856 63
431 862 63
431 868 63
431 874 63
431 880 63
431 886 63
431 892 63
431 898 63
425 898 63
425 892 64
425 886 64
425 880 64
425 874 64
425 868 64
425 862 64
425 856 64
425 850 64
425 844 64
425 838 64
425 832 64
425 826 64
425 820 64
425 814 64
425 808 64
425 802 64
425 796 64
425 790 64
425 784 64
425 778 64
425 772 64
425 766 64
425 760 64
425 754 64
425 748 64
425 742 64
425 736 64
425 730 64
425 724 64
425 718 64
425 712 64
425 706 64
425 700 64
425 694 64
425 688 64
425 682 64
425 676 64
425 670 64
425 664 64
425 658 64
425 652 65
425 646 65
425 640 65
425 634 65
425 628 65
425 622 65
425 616 65
425 610 65
425 604 65
425 598 65
425 592 65
425 586 65
419 586 65
419 592 65
419 598 65
419 604 65
419 610 65
419 616 65
419 622 65
419 628 65
419 634 65
419 640 65
419 646 65
419 652 65
419 658 65
419 664 65
419 670 65
419 676 65
419 682 65
419 688 65
419 694 65
419 700 65
419 706 65
419 712 65
419 718 65
419 724 65
419 730 65
419 736 65
419 742 65
419 748 65
419 754 66
419 760 66
419 766 66
419 772 66
419 778 66
419 784 66
419 790 66
419 796 66
419 802 66
419 808 66
419 814 66
419 820 66
419 826 66
419 832 66
419 838 66
419 844 66
419 850 66
419 856 66
419 862 66
419 868 66
419 874 66
419 880 66
419 886 66
419 892 66
419 898 66
413 898 66
413 892 66
413 886 66
413 880 66
413 874 66
413 868 66
413 862 66
413 856 66
413 850 66
413 844 66
413 838 66
413 832 66
413 826 66
413 820 66
413 814 66
413 808 67
413 802 67
413 796 67
413 790 67
413 784 67
413 778 67
413 772 67
413 766 67
413 760 67
413 754 67
413 748 67
413 742 67
413 736 67
413 730 67
413 724 67
413 718 67
413 712 67
413 706 67
413 700 67
413 694 67
413 688 67
413 682 67
413 676 67
413 670 67
413 664 67
413 658 67
413 652 67
413 646 67
413 640 67
413 634 67
413 628 67
413 622 67
413 616 67
413 610 67
413 604 67
413 598 67
413 592 67
413 586 67
407 586 67
407 592 67
407 598 68
407 604 68
407 610 68
407 616 68
407 622 68
407 628 68
407 634 68
407 640 68
407 646 68
407 652 68
407 658 68
407 664 68
407 670 68
407 676 68
407 682 68
407 688 68
407 694 68
407 700 68
407 706 68
407 712 68
407 718 68
407 724 68
407 730 68
407 736 68
407 742 68
407 748 68
407 754 68
407 760 68
407 766 68
407 772 68
407 778 68
407 784 68
407 790 68
407 796 68
407 802 68
407 808 68
407 814 68
407 820 68
407 826 68
407 832 68
407 838 69
407 844 69
407 850 69
407 856 69
407 862 69
407 868 69
407 874 69
407 880 69
407 886 69
407 892 69
407 898 69
401 898 69
401 892 69
401 886 69
401 880 69
401 874 69
401 868 69
401 862 69
401 856 69
401 850 69
401 844 69
401 838 69
401 832 69
401 826 69
401 820 69
401 814 69
401 808 69
401 802 69
401 796 69
401 790 69
401 784 69
401 778 69
401 772 69
401 766 69
401 760 69
401 754 69
401 748 69
401 742 69
401 736 69
401 730 69
401 724 70
401 718 70
401 712 70
401 706 70
401 700 70
401 694 70
401 688 70
401 682 70
401 676 70
401 670 70
401 664 70
401 658 70
401 652 70
401 646 70
401 640 70
401 634 70
401 628 70
401 622 70
401 616 70
401 610 70
401 604 70
401 598 70
401 592 70
401 586 70
395 586 70
395 592 70
395 598 70
395 604 70
395 610 70
395 616 70
395 622 70
395 628 70
395 634 70
395 640 70
395 646 70
395 652 70
395 658 70
395 664 70
395 670 70
395 676 70
395 682 71
395 688 71
395 694 71
395 700 71
395 706 71
395 712 71
395 718 71
395 724 71
395 730 71
395 736 71
395 742 71
395 748 71
395 754 71
395 760 71
395 766 71
395 772 71
395 778 71
395 784 71
395 790 71
395 796 71
395 802 71
395 808 71
395 814 71
395 820 71
395 826 71
395 832 71
395 838 71
395 844 71
395 850 71
395 856 71
395 862 71
395 868 71
395 874 71
395 880 71
395 886 71
395 892 71
395 898 71
389 898 71
389 892 71
389 886 71
389 880 72
389 874 72
389 868 72
389 862 72
389 856 72
389 850 72
389 844 72
389 838 72
389 832 72
389 826 72
389 820 72
389 814 72
389 808 72
389 802 72
389 796 72
389 790 72
389 784 72
389 778 72
389 772 72
389 766 72
389 760 72
389 754 72
389 748 72
389 742 72
389 736 72
389 730 72
389 724 72
389 718 72
389 712 72
389 706 72
389 700 72
389 694 72
389 688 72
389 682 72
389 676 72
389 670 72
389 664 72
389 658 72
389 652 72
389 646 72
389 640 73
389 634 73
389 628 73
389 622 73
389 616 73
389 610 73
389 604 73
389 598 73
389 592 73
389 586 73
383 586 73
383 592 73
383 598 73
383 604 73
383 610 73
383 616 73
383 622 73
383 628 73
383 634 73
383 640 73
383 646 73
383 652 73
383 658 73
383 664 73
383 670 73
383 676 73
383 682 73
383 688 73
383 694 73
383 700 73
383 706 73
383 712 73
383 718 73
383 724 73
383 730 73
383 736 73
383 742 73
383 748 73
383 754 73
383 760 73
383 766 74
383 772 74
383 778 74
383 784 74
383 790 74
383 796 74
383 802 74
383 808 74
383 814 74
383 820 74
383 826 74
383 832 74
383 838 74
383 844 74
383 850 74
383 856 74
383 862 74
383 868 74
383 874 74
383 880 74
383 886 74
383 892 74
383 898 74
377 898 74
377 892 74
377 886 74
377 880 74
377 874 74
377 868 74
377 862 74
377 856 74
377 850 74
377 844 74
377 838 74
377 832 74
377 826 74
377 820 74
377 814 74
377 808 74
377 802 74
377 796 75
377 790 75
377 784 75
377 778 75
377 772 75
377 766 75
377 760 75
377 754 75
377 748 75
377 742 75
377 736 75
377 730 75
377 724 75
377 718 75
377 712 75
377 706 75
377 700 75
377 694 75
377 688 75
377 682 75
377 676 75
377 670 75
377 664 75
377 658 75
377 652 75
377 646 75
377 640 75
377 634 75
377 628 75
377 622 75
377 616 75
377 610 75
377 604 75
377 598 75
377 592 75
377 586 75
371 586 75
371 592 75
371 598 75
371 604 75
371 610 76
371 616 76
371 622 76
371 628 76
371 634 76
371 640 76
371 646 76
371 652 76
371 658 76
371 664 76
371 670 76
371 676 76
371 682 76
371 688 76
371 694 76
371 700 76
371 706 76
371 712 76
371 718 76
371 724 76
371 730 76
371 736 76
371 742 76
371 748 76
371 754 76
371 760 76
371 766 76
371 772 76
371 778 76
371 784 76
371 790 76
371 796 76
371 802 76
371 808 76
371 814 76
371 820 76
371 826 76
371 832 76
371 838 76
371 844 76
371 850 77
371 856 77
371 862 77
371 868 77
371 874 77
371 880 77
371 886 77
371 892 77
371 898 77
365 898 77
365 892 77
365 886 77
365 880 77
365 874 77
365 868 77
365 862 77
365 856 77
365 850 77
365 844 77
365 838 77
365 832 77
365 826 77
365 820 77
365 814 77
365 808 77
365 802 77
365 796 77
365 790 77
365 784 77
365 778 77
365 772 77
365 766 77
365 760 77
365 754 77
365 748 77
365 742 77
365 736 77
365 730 77
365 724 77
365 718 77
365 712 78
365 706 78
365 700 78
365 694 78
365 688 78
365 682 78
365 676 78
365 670 78
365 664 78
365 658 78
365 652 78
365 646 78
365 640 78
365 634 78
365 628 78
365 622 78
365 616 78
365 610 78
365 604 78
365 598 78
365 592 78
365 586 78
359 586 78
359 592 78
359 598 78
359 604 78
359 610 78
359 616 78
359 622 78
359 628 78
359 634 78
359 640 78
359 646 78
359 652 78
359 658 78
359 664 78
359 670 78
359 676 78
359 682 78
359 688 78
359 694 79
359 700 79
359 706 79
359 712 79
359 718 79
359 724 79
359 730 79
359 736 79
359 742 79
359 748 79
359 754 79
359 760 79
359 766 79
359 772 79
359 778 79
359 784 79
359 790 79
359 796 79
359 802 79
359 808 79
359 814 79
359 820 79
359 826 79
359 832 79
359 838 79
359 844 79
359 850 79
359 856 79
359 862 79
359 868 79
359 874 79
359 880 79
359 886 79
359 892 79
359 898 79
353 898 79
353 892 79
353 886 79
353 880 79
353 874 79
353 868 80
353 862 80
353 856 80
353 850 80
353 844 80
353 838 80
353 832 80
353 826 80
353 820 80
353 814 80
353 808 80
353 802 80
353 796 80
353 790 80
353 784 80
353 778 80
353 772 80
353 766 80
353 760 80
353 754 80
353 748 80
353 742 80
353 736 80
353 730 80
353 724 80
353 718 80
353 712 80
353 706 80
353 700 80
353 694 80
353 688 80
353 682 80
353 676 80
353 670 80
353 664 80
353 658 80
353 652 80
353 646 80
353 640 80
353 634 80
353 628 81
353 622 81
353 616 81
353 610 81
353 604 81
353 598 81
353 592 81
353 586 81
347 586 81
347 592 81
347 598 81
347 604 81
347 610 81
347 616 81
347 622 81
347 628 81
347 634 81
347 640 81
347 646 81
347 652 81
347 658 81
347 664 81
347 670 81
347 676 81
347 682 81
347 688 81
347 694 81
347 700 81
347 706 81
347 712 81
347 718 81
347 724 81
347 730 81
347 736 81
347 742 81
347 748 81
347 754 81
347 760 81
347 766 81
347 772 81
347 778 82
347 784 82
347 790 82
347 796 82
347 802 82
347 808 82
347 814 82
347 820 82
347 826 82
347 832 82
347 838 82
347 844 82
347 850 82
347 856 82
347 862 82
347 868 82
347 874 82
347 880 82
347 886 82
347 892 82
347 898 82
341 898 82
341 892 82
341 886 82
341 880 82
341 874 82
341 868 82
341 862 82
341 856 82
341 850 82
341 844 82
341 838 82
341 832 82
341 826 82
341 820 82
341 814 82
341 808 82
341 802 82
341 796 82
341 790 82
341 784 83
341 778 83
341 772 83
341 766 83
341 760 83
341 754 83
341 748 83
341 742 83
341 736 83
341 730 83
341 724 83
341 718 83
341 712 83
341 706 83
341 700 83
341 694 83
341 688 83
341 682 83
341 676 83
341 670 83
341 664 83
341 658 83
341 652 83
341 646 83
341 640 83
341 634 83
341 628 83
341 622 83
341 616 83
341 610 83
341 604 83
341 598 83
341 592 83
341 586 83
335 586 83
335 592 83
335 598 83
335 604 83
335 610 83
335 616 83
335 622 84
335 628 84
335 634 84
335 640 84
335 646 84
335 652 84
335 658 84
335 664 84
335 670 84
335 676 84
335 682 84
335 688 84
335 694 84
335 700 84
335 706 84
335 712 84
335 718 84
335 724 84
335 730 84
335 736 84
335 742 84
335 748 84
335 754 84
335 760 84
335 766 84
335 772 84
335 778 84
335 784 84
335 790 84
335 796 84
335 802 84
335 808 84
335 814 84
335 820 84
335 826 84
335 832 84
335 838 84
335 844 84
335 850 84
335 856 84
335 862 85
335 868 85
335 874 85
335 880 85
335 886 85
335 892 85
335 898 85
329 898 85
329 892 85
329 886 85
329 880 85
329 874 85
329 868 85
329 862 85
329 856 85
329 850 85
329 844 85
329 838 85
329 832 85
329 826 85
329 820 85
329 814 85
329 808 85
329 802 85
329 796 85
329 790 85
329 784 85
329 778 85
329 772 85
329 766 85
329 760 85
329 754 85
329 748 85
329 742 85
329 736 85
329 730 85
329 724 85
329 718 85
329 712 85
329 706 85
329 700 86
329 694 86
329 688 86
329 682 86
329 676 86
329 670 86
329 664 86
329 658 86
329 652 86
329 646 86
329 640 86
329 634 86
329 628 86
329 622 86
329 616 86
329 610 86
329 604 86
329 598 86
329 592 86
329 586 86
323 586 86
323 592 86
323 598 86
323 604 86
323 610 86
323 616 86
323 622 86
323 628 86
323 634 86
323 640 86
323 646 86
323 652 86
323 658 86
323 664 86
323 670 86
323 676 86
323 682 86
323 688 86
323 694 86
323 700 86
323 706 87
323 712 87
323 718 87
323 724 87
323 730 87
323 736 87
323 742 87
323 748 87
323 754 87
323 760 87
323 766 87
323 772 87
323 778 87
323 784 87
323 790 87
323 796 87
323 802 87
323 808 87
323 814 87
323 820 87
323 826 87
323 832 87
323 838 87
323 844 87
323 850 87
323 856 87
323 862 87
323 868 87
323 874 87
323 880 87
323 886 87
323 892 87
323 898 87
317 898 87
317 892 87
317 886 87
317 880 87
317 874 87
317 868 87
317 862 87
317 856 88
317 850 88
317 844 88
317 838 88
317 832 88
317 826 88
317 820 88
317 814 88
317 808 88
317 802 88
317 796 88
317 790 88
317 784 88
317 778 88
317 772 88
317 766 88
317 760 88
317 754 88
317 748 88
317 742 88
317 736 88
317 730 88
317 724 88
317 718 88
317 712 88
317 706 88
317 700 88
317 694 88
317 688 88
317 682 88
317 676 88
317 670 88
317 664 88
317 658 88
317 652 88
317 646 88
317 640 88
317 634 88
317 628 88
317 622 88
317 616 89
317 610 89
317 604 89
317 598 89
317 592 89
317 586 89
311 586 89
311 592 89
311 598 89
311 604 89
311 610 89
311 616 89
311 622 89
311 628 89
311 634 89
311 640 89
311 646 89
311 652 89
311 658 89
311 664 89
311 670 89
311 676 89
311 682 89
311 688 89
311 694 89
311 700 89
311 706 89
311 712 89
311 718 89
311 724 89
311 730 89
311 736 89
311 742 89
311 748 89
311 754 89
311 760 89
311 766 89
311 772 89
311 778 89
311 784 89
311 790 90
311 796 90
311 802 90
311 808 90
311 814 90
311 820 90
311 826 90
311 832 90
311 838 90
311 844 90
311 850 90
311 856 90
311 862 90
311 868 90
311 874 90
311 880 90
311 886 90
311 892 90
311 898 90
305 898 90
305 892 90
305 886 90
305 880 90
305 874 90
305 868 90
305 862 90
305 856 90
305 850 90
305 844 90
305 838 90
305 832 90
305 826 90
305 820 90
305 814 90
305 808 90
305 802 90
305 796 90
305 790 90
305 784 90
305 778 90
305 772 91
305 766 91
305 760 91
305 754 91
305 748 91
305 742 91
305 736 91
305 730 91
305 724 91
305 718 91
305 712 91
305 706 91
305 700 91
305 694 91
305 688 91
305 682 91
305 676 91
305 670 91
305 664 91
305 658 91
305 652 91
305 646 91
305 640 91
305 634 91
305 628 91
305 622 91
305 616 91
305 610 91
305 604 91
305 598 91
305 592 91
305 586 91
299 586 91
299 592 91
299 598 91
299 604 91
299 610 91
299 616 91
299 622 91
299 628 91
299 634 92
299 640 92
299 646 92
299 652 92
299 658 92
299 664 92
299 670 92
299 676 92
299 682 92
299 688 92
299 694 92
299 700 92
299 706 92
299 712 92
299 718 92
299 724 92
299 730 92
299 736 92
299 742 92
299 748 92
299 754 92
299 760 92
299 766 92
299 772 92
299 778 92
299 784 92
299 790 92
299 796 92
299 802 92
299 808 92
299 814 92
299 820 92
299 826 92
299 832 92
299 838 92
299 844 92
299 850 92
299 856 92
299 862 92
299 868 92
299 874 93
299 880 93
299 886 93
299 892 93
299 898 93
293 898 93
293 892 93
293 886 93
293 880 93
293 874 93
293 868 93
293 862 93
293 856 93
293 850 93
293 844 93
293 838 93
293 832 93
293 826 93
293 820 93
293 814 93
293 808 93
293 802 93
293 796 93
293 790 93
293 784 93
293 778 93
293 772 93
293 766 93
293 760 93
293 754 93
293 748 93
293 742 93
293 736 93
293 730 93
293 724 93
293 718 93
293 712 93
293 706 93
293 700 93
293 694 93
293 688 94
293 682 94
293 676 94
293 670 94
293 664 94
293 658 94
293 652 94
293 646 94
293 640 94
293 634 94
293 628 94
293 622 94
293 616 94
293 610 94
293 604 94
293 598 94
293 592 94
293 586 94
287 586 94
287 592 94
287 598 94
287 604 94
287 610 94
287 616 94
287 622 94
287 628 94
287 634 94
287 640 94
287 646 94
287 652 94
287 658 94
287 664 94
287 670 94
287 676 94
287 682 94
287 688 94
287 694 94
287 700 94
287 706 94
287 712 94
287 718 95
287 724 95
287 730 95
287 736 95
287 742 95
287 748 95
287 754 95
287 760 95
287 766 95
287 772 95
281 772 95
281 766 95
281 760 95
281 754 95
281 748 95
281 742 95
281 736 95
281 730 95
281 724 95
281 718 95
281 712 95
281 706 95
281 700 95
281 694 95
281 688 95
281 682 95
281 676 95
281 670 95
281 664 95
281 658 95
281 652 95
281 646 95
281 640 95
281 634 95
281 628 95
281 622 95
281 616 95
281 610 95
281 604 95
281 598 95
281 592 96
281 586 96
275 586 96
275 592 96
275 598 96
275 604 96
275 610 96
275 616 96
275 622 96
275 628 96
275 634 96
275 640 96
275 646 96
275 652 96
275 658 96
275 664 96
275 670 96
275 676 96
275 682 96
275 688 96
275 694 96
275 700 96
275 706 96
275 712 96
275 718 96
275 724 96
275 730 96
275 736 96
275 742 96
275 748 96
275 754 96
275 760 96
275 766 96
275 772 96
269 772 96
269 766 96
269 760 96
269 754 96
269 748 96
269 742 96
269 736 97
269 730 97
269 724 97
269 718 97
269 712 97
269 706 97
269 700 97
269 694 97
269 688 97
269 682 97
269 676 97
269 670 97
269 664 97
269 658 97
269 652 97
269 646 97
269 640 97
269 634 97
269 628 97
269 622 97
269 616 97
269 610 97
269 604 97
269 598 97
269 592 97
269 586 97
263 586 97
263 592 97
263 598 97
263 604 97
263 610 97
263 616 97
263 622 97
263 628 97
263 634 97
263 640 97
263 646 97
263 652 97
263 658 97
263 664 97
263 670 98
263 676 98
263 682 98
263 688 98
263 694 98
263 700 98
263 706 98
263 712 98
263 718 98
263 724 98
263 730 98
263 736 98
263 742 98
263 748 98
263 754 98
263 760 98
263 766 98
263 772 98
257 772 98
257 766 98
257 760 98
257 754 98
257 748 98
257 742 98
257 736 98
257 730 98
257 724 98
257 718 98
257 712 98
257 706 98
257 700 98
257 694 98
257 688 98
257 682 98
257 676 98
257 670 98
257 664 98
257 658 98
257 652 98
257 646 98
257 640 99
257 634 99
257 628 99
257 622 99
257 616 99
257 610 99
257 604 99
257 598 99
257 592 99
257 586 99
251 586 99
251 592 99
251 598 99
251 604 99
251 610 99
251 616 99
251 622 99
251 628 99
251 634 99
251 640 99
251 646 99
251 652 99
251 658 99
251 664 99
251 670 99
251 676 99
251 682 99
251 688 99
251 694 99
251 700 99
251 706 99
251 712 99
251 718 99
251 724 99
251 730 99
251 736 99
251 742 99
251 748 99
251 754 99
251 760 99
251 766 100
251 772 100
245 772 100
245 766 100
245 760 100
245 754 100
245 748 100
245 742 100
245 736 100
245 730 100
245 724 100
245 718 100
245 712 100
245 706 100
245 700 100
245 694 100
245 688 100
245 682 100
245 676 100
245 670 100
245 664 100
245 658 100
245 652 100
245 646 100
245 640 100
245 634 100
245 628 100
245 622 100
245 616 100
245 610 100
245 604 100
245 598 100
245 592 100
245 586 100
239 586 100
239 592 100
239 598 100
239 604 100
239 610 100
239 616 100
239 622 101
239 628 101
239 634 101
239 640 101
239 646 101
239 652 101
239 658 101
239 664 101
239 670 101
239 676 101
239 682 101
239 688 101
239 694 101
239 700 101
239 706 101
239 712 101
239 718 101
239 724 101
239 730 101
239 736 101
239 742 101
239 748 101
239 754 101
239 760 101
239 766 101
239 772 101
233 772 101
233 766 101
233 760 101
233 754 101
233 748 101
233 742 101
233 736 101
233 730 101
233 724 101
233 718 101
233 712 101
233 706 101
233 700 101
233 694 101
233 688 102
233 682 102
233 676 102
233 670 102
233 664 102
233 658 102
233 652 102
233 646 102
233 640 102
233 634 102
233 628 102
233 622 102
233 616 102
233 610 102
233 604 102
233 598 102
233 592 102
233 586 102
227 586 102
227 592 102
227 598 102
227 604 102
227 610 102
227 616 102
227 622 102
227 628 102
227 634 102
227 640 102
227 646 102
227 652 102
227 658 102
227 664 102
227 670 102
227 676 102
227 682 102
227 688 102
227 694 102
227 700 102
227 706 102
227 712 102
227 718 103
227 724 103
227 730 103
227 736 103
227 742 103
227 748 103
227 754 103
227 760 103
227 766 103
227 772 103
221 772 103
221 766 103
221 760 103
221 754 103
221 748 103
221 742 103
221 736 103
221 730 103
221 724 103
221 718 103
221 712 103
221 706 103
221 700 103
221 694 103
221 688 103
221 682 103
221 676 103
221 670 103
221 664 103
221 658 103
221 652 103
221 646 103
221 640 103
221 634 103
221 628 103
221 622 103
221 616 103
221 610 103
221 604 103
221 598 103
221 592 104
221 586 104
215 772 104
215 766 104
215 760 104
215 754 104
215 748 104
215 742 104
215 736 104
215 730 104
215 724 104
215 718 104
215 712 104
215 706 104
215 700 104
215 694 104
215 688 104
215 682 104
215 676 104
215 670 104
215 664 104
215 658 104
215 652 104
215 646 104
215 640 104
215 634 104
215 628 104
215 622 104
215 616 104
215 610 104
215 604 104
215 598 104
215 592 104
215 586 104
