641 586 0
641 592 0
641 598 0
641 604 0
641 610 0
641 616 0
641 622 0
641 628 0
641 634 0
641 640 0
641 646 0
641 652 0
641 658 0
641 664 0
641 670 0
641 676 0
641 682 0
641 688 0
641 694 0
641 700 0
641 706 0
641 712 0
641 718 0
641 724 0
641 730 0
641 736 0
641 742 0
641 748 0
641 754 0
641 760 0
641 766 0
641 772 0
641 778 0
641 784 0
641 790 0
641 796 0
641 802 0
641 808 0
641 814 0
641 820 0
641 826 1
641 832 1
641 838 1
641 844 1
641 850 1
641 856 1
641 862 1
641 868 1
641 874 1
641 880 1
641 886 1
641 892 1
641 898 1
641 904 1
641 910 1
641 916 1
641 922 1
641 928 1
641 934 1
641 940 1
641 946 1
641 952 1
641 958 1
641 964 1
641 970 1
641 976 1
641 982 1
641 988 1
641 994 1
641 1000 1
641 1006 1
641 1012 1
641 1018 1
641 1024 1
635 1024 1
635 1018 1
635 1012 1
635 1006 1
635 1000 1
635 994 1
635 988 2
635 982 2
635 976 2
635 970 2
635 964 2
635 958 2
635 952 2
635 946 2
635 940 2
635 934 2
635 928 2
635 922 2
635 916 2
635 910 2
635 904 2
635 898 2
635 892 2
635 886 2
635 880 2
635 874 2
635 868 2
635 862 2
635 856 2
635 850 2
635 844 2
635 838 2
635 832 2
635 826 2
635 820 2
635 814 2
635 808 2
635 802 2
635 796 2
635 790 2
635 784 2
635 778 2
635 772 2
635 766 2
635 760 2
635 754 2
635 748 3
635 742 3
635 736 3
635 730 3
635 724 3
635 718 3
635 712 3
635 706 3
635 700 3
635 694 3
635 688 3
635 682 3
635 676 3
635 670 3
635 664 3
635 658 3
635 652 3
635 646 3
635 640 3
635 634 3
635 628 3
635 622 3
635 616 3
635 610 3
635 604 3
635 598 3
635 592 3
635 586 3
629 586 3
629 592 3
629 598 3
629 604 3
629 610 3
629 616 3
629 622 3
629 628 3
629 634 3
629 640 3
629 646 3
629 652 3
629 658 4
629 664 4
629 670 4
629 676 4
629 682 4
629 688 4
629 694 4
629 700 4
629 706 4
629 712 4
629 718 4
629 724 4
629 730 4
629 736 4
629 742 4
629 748 4
629 754 4
629 760 4
629 766 4
629 772 4
629 778 4
629 784 4
629 790 4
629 796 4
629 802 4
629 808 4
629 814 4
629 820 4
629 826 4
629 832 4
629 838 4
629 844 4
629 850 4
629 856 4
629 862 4
629 868 4
629 874 4
629 880 4
629 886 4
629 892 4
629 898 5
629 904 5
629 910 5
629 916 5
629 922 5
629 928 5
629 934 5
629 940 5
629 946 5
629 952 5
629 958 5
629 964 5
629 970 5
629 976 5
629 982 5
629 988 5
629 994 5
629 1000 5
629 1006 5
629 1012 5
629 1018 5
629 1024 5
623 1024 5
623 1018 5
623 1012 5
623 1006 5
623 1000 5
623 994 5
623 988 5
623 982 5
623 976 5
623 970 5
623 964 5
623 958 5
623 952 5
623 946 5
623 940 5
623 934 5
623 928 5
623 922 5
623 916 6
623 910 6
623 904 6
623 898 6
623 892 6
623 886 6
623 880 6
623 874 6
623 868 6
623 862 6
623 856 6
623 850 6
623 844 6
623 838 6
623 832 6
623 826 6
623 820 6
623 814 6
623 808 6
623 802 6
623 796 6
623 790 6
623 784 6
623 778 6
623 772 6
623 766 6
623 760 6
623 754 6
623 748 6
623 742 6
623 736 6
623 730 6
623 724 6
623 718 6
623 712 6
623 706 6
623 700 6
623 694 6
623 688 6
623 682 6
623 676 7
623 670 7
623 664 7
623 658 7
623 652 7
623 646 7
623 640 7
623 634 7
623 628 7
623 622 7
623 616 7
623 610 7
623 604 7
623 598 7
623 592 7
623 586 7
617 586 7
617 592 7
617 598 7
617 604 7
617 610 7
617 616 7
617 622 7
617 628 7
617 634 7
617 640 7
617 646 7
617 652 7
617 658 7
617 664 7
617 670 7
617 676 7
617 682 7
617 688 7
617 694 7
617 700 7
617 706 7
617 712 7
617 718 7
617 724 7
617 730 8
617 736 8
617 742 8
617 748 8
617 754 8
617 760 8
617 766 8
617 772 8
617 778 8
617 784 8
617 790 8
617 796 8
617 802 8
617 808 8
617 814 8
617 820 8
617 826 8
617 832 8
617 838 8
617 844 8
617 850 8
617 856 8
617 862 8
617 868 8
617 874 8
617 880 8
617 886 8
617 892 8
617 898 8
617 904 8
617 910 8
617 916 8
617 922 8
617 928 8
617 934 8
617 940 8
617 946 8
617 952 8
617 958 8
617 964 8
617 970 9
617 976 9
617 982 9
617 988 9
617 994 9
617 1000 9
617 1006 9
617 1012 9
617 1018 9
617 1024 9
611 1024 9
611 1018 9
611 1012 9
611 1006 9
611 1000 9
611 994 9
611 988 9
611 982 9
611 976 9
611 970 9
611 964 9
611 958 9
611 952 9
611 946 9
611 940 9
611 934 9
611 928 9
611 922 9
611 916 9
611 910 9
611 904 9
611 898 9
611 892 9
611 886 9
611 880 9
611 874 9
611 868 9
611 862 9
611 856 9
611 850 9
611 844 10
611 838 10
611 832 10
611 826 10
611 820 10
611 814 10
611 808 10
611 802 10
611 796 10
611 790 10
611 784 10
611 778 10
611 772 10
611 766 10
611 760 10
611 754 10
611 748 10
611 742 10
611 736 10
611 730 10
611 724 10
611 718 10
611 712 10
611 706 10
611 700 10
611 694 10
611 688 10
611 682 10
611 676 10
611 670 10
611 664 10
611 658 10
611 652 10
611 646 10
611 640 10
611 634 10
611 628 10
611 622 10
611 616 10
611 610 10
611 604 11
611 598 11
611 592 11
611 586 11
605 586 11
605 592 11
605 598 11
605 604 11
605 610 11
605 616 11
605 622 11
605 628 11
605 634 11
605 640 11
605 646 11
605 652 11
605 658 11
605 664 11
605 670 11
605 676 11
605 682 11
605 688 11
605 694 11
605 700 11
605 706 11
605 712 11
605 718 11
605 724 11
605 730 11
605 736 11
605 742 11
605 748 11
605 754 11
605 760 11
605 766 11
605 772 11
605 778 11
605 784 11
605 790 11
605 796 11
605 802 12
605 808 12
605 814 12
605 820 12
605 826 12
605 832 12
605 838 12
605 844 12
605 850 12
605 856 12
605 862 12
605 868 12
605 874 12
605 880 12
605 886 12
605 892 12
605 898 12
605 904 12
605 910 12
605 916 12
605 922 12
605 928 12
605 934 12
605 940 12
605 946 12
605 952 12
605 958 12
605 964 12
605 970 12
605 976 12
605 982 12
605 988 12
605 994 12
605 1000 12
605 1006 12
605 1012 12
605 1018 12
605 1024 12
599 1024 12
599 1018 12
599 1012 13
599 1006 13
599 1000 13
599 994 13
599 988 13
599 982 13
599 976 13
599 970 13
599 964 13
599 958 13
599 952 13
599 946 13
599 940 13
599 934 13
599 928 13
599 922 13
599 916 13
599 910 13
599 904 13
599 898 13
599 892 13
599 886 13
599 880 13
599 874 13
599 868 13
599 862 13
599 856 13
599 850 13
599 844 13
599 838 13
599 832 13
599 826 13
599 820 13
599 814 13
599 808 13
599 802 13
599 796 13
599 790 13
599 784 13
599 778 13
599 772 14
599 766 14
599 760 14
599 754 14
599 748 14
599 742 14
599 736 14
599 730 14
599 724 14
599 718 14
599 712 14
599 706 14
599 700 14
599 694 14
599 688 14
599 682 14
599 676 14
599 670 14
599 664 14
599 658 14
599 652 14
599 646 14
599 640 14
599 634 14
599 628 14
599 622 14
599 616 14
599 610 14
599 604 14
599 598 14
599 592 14
599 586 14
593 586 14
593 592 14
593 598 14
593 604 14
593 610 14
593 616 14
593 622 14
593 628 14
593 634 15
593 640 15
593 646 15
593 652 15
593 658 15
593 664 15
593 670 15
593 676 15
593 682 15
593 688 15
593 694 15
593 700 15
593 706 15
593 712 15
593 718 15
593 724 15
593 730 15
593 736 15
593 742 15
593 748 15
593 754 15
593 760 15
593 766 15
593 772 15
593 778 15
593 784 15
593 790 15
593 796 15
593 802 15
593 808 15
593 814 15
593 820 15
593 826 15
593 832 15
593 838 15
593 844 15
593 850 15
593 856 15
593 862 15
593 868 15
593 874 16
593 880 16
593 886 16
593 892 16
593 898 16
593 904 16
593 910 16
593 916 16
593 922 16
593 928 16
593 934 16
593 940 16
593 946 16
593 952 16
593 958 16
593 964 16
593 970 16
593 976 16
593 982 16
593 988 16
593 994 16
593 1000 16
593 1006 16
593 1012 16
593 1018 16
593 1024 16
587 1024 16
587 1018 16
587 1012 16
587 1006 16
587 1000 16
587 994 16
587 988 16
587 982 16
587 976 16
587 970 16
587 964 16
587 958 16
587 952 16
587 946 16
587 940 17
587 934 17
587 928 17
587 922 17
587 916 17
587 910 17
587 904 17
587 898 17
587 892 17
587 886 17
587 880 17
587 874 17
587 868 17
587 862 17
587 856 17
587 850 17
587 844 17
587 838 17
587 832 17
587 826 17
587 820 17
587 814 17
587 808 17
587 802 17
587 796 17
587 790 17
587 784 17
587 778 17
587 772 17
587 766 17
587 760 17
587 754 17
587 748 17
587 742 17
587 736 17
587 730 17
587 724 17
587 718 17
587 712 17
587 706 17
587 700 18
587 694 18
587 688 18
587 682 18
587 676 18
587 670 18
587 664 18
587 658 18
587 652 18
587 646 18
587 640 18
587 634 18
587 628 18
587 622 18
587 616 18
587 610 18
587 604 18
587 598 18
587 592 18
587 586 18
581 586 18
581 592 18
581 598 18
581 604 18
581 610 18
581 616 18
581 622 18
581 628 18
581 634 18
581 640 18
581 646 18
581 652 18
581 658 18
581 664 18
581 670 18
581 676 18
581 682 18
581 688 18
581 694 18
581 700 18
581 706 19
581 712 19
581 718 19
581 724 19
581 730 19
581 736 19
581 742 19
581 748 19
581 754 19
581 760 19
581 766 19
581 772 19
581 778 19
581 784 19
581 790 19
581 796 19
581 802 19
581 808 19
581 814 19
581 820 19
581 826 19
581 832 19
581 838 19
581 844 19
581 850 19
581 856 19
581 862 19
581 868 19
581 874 19
581 880 19
581 886 19
581 892 19
581 898 19
581 904 19
581 910 19
581 916 19
581 922 19
581 928 19
581 934 19
581 940 19
581 946 20
581 952 20
581 958 20
581 964 20
581 970 20
581 976 20
581 982 20
581 988 20
581 994 20
581 1000 20
581 1006 20
581 1012 20
581 1018 20
581 1024 20
575 1024 20
575 1018 20
575 1012 20
575 1006 20
575 1000 20
575 994 20
575 988 20
575 982 20
575 976 20
575 970 20
575 964 20
575 958 20
575 952 20
575 946 20
575 940 20
575 934 20
575 928 20
575 922 20
575 916 20
575 910 20
575 904 20
575 898 20
575 892 20
575 886 20
575 880 20
575 874 20
575 868 21
575 862 21
575 856 21
575 850 21
575 844 21
575 838 21
575 832 21
575 826 21
575 820 21
575 814 21
575 808 21
575 802 21
575 796 21
575 790 21
575 784 21
575 778 21
575 772 21
575 766 21
575 760 21
575 754 21
575 748 21
575 742 21
575 736 21
575 730 21
575 724 21
575 718 21
575 712 21
575 706 21
575 700 21
575 694 21
575 688 21
575 682 21
575 676 21
575 670 21
575 664 21
575 658 21
575 652 21
575 646 21
575 640 21
575 634 21
575 628 22
575 622 22
575 616 22
575 610 22
575 604 22
575 598 22
575 592 22
575 586 22
569 586 22
569 592 22
569 598 22
569 604 22
569 610 22
569 616 22
569 622 22
569 628 22
569 634 22
569 640 22
569 646 22
569 652 22
569 658 22
569 664 22
569 670 22
569 676 22
569 682 22
569 688 22
569 694 22
569 700 22
569 706 22
569 712 22
569 718 22
569 724 22
569 730 22
569 736 22
569 742 22
569 748 22
569 754 22
569 760 22
569 766 22
569 772 22
569 778 23
569 784 23
569 790 23
569 796 23
569 802 23
569 808 23
569 814 23
569 820 23
569 826 23
569 832 23
569 838 23
569 844 23
569 850 23
569 856 23
569 862 23
569 868 23
569 874 23
569 880 23
569 886 23
569 892 23
569 898 23
569 904 23
569 910 23
569 916 23
569 922 23
569 928 23
569 934 23
569 940 23
569 946 23
569 952 23
569 958 23
569 964 23
569 970 23
569 976 23
569 982 23
569 988 23
569 994 23
569 1000 23
569 1006 23
569 1012 23
569 1018 24
569 1024 24
563 1024 24
563 1018 24
563 1012 24
563 1006 24
563 1000 24
563 994 24
563 988 24
563 982 24
563 976 24
563 970 24
563 964 24
563 958 24
563 952 24
563 946 24
563 940 24
563 934 24
563 928 24
563 922 24
563 916 24
563 910 24
563 904 24
563 898 24
563 892 24
563 886 24
563 880 24
563 874 24
563 868 24
563 862 24
563 856 24
563 850 24
563 844 24
563 838 24
563 832 24
563 826 24
563 820 24
563 814 24
563 808 24
563 802 24
563 796 25
563 790 25
563 784 25
563 778 25
563 772 25
563 766 25
563 760 25
563 754 25
563 748 25
563 742 25
563 736 25
563 730 25
563 724 25
563 718 25
563 712 25
563 706 25
563 700 25
563 694 25
563 688 25
563 682 25
563 676 25
563 670 25
563 664 25
563 658 25
563 652 25
563 646 25
563 640 25
563 634 25
563 628 25
563 622 25
563 616 25
563 610 25
563 604 25
563 598 25
563 592 25
563 586 25
557 586 25
557 592 25
557 598 25
557 604 25
557 610 26
557 616 26
557 622 26
557 628 26
557 634 26
557 640 26
557 646 26
557 652 26
557 658 26
557 664 26
557 670 26
557 676 26
557 682 26
557 688 26
557 694 26
557 700 26
557 706 26
557 712 26
557 718 26
557 724 26
557 730 26
557 736 26
557 742 26
557 748 26
557 754 26
557 760 26
557 766 26
557 772 26
557 778 26
557 784 26
557 790 26
557 796 26
557 802 26
557 808 26
557 814 26
557 820 26
557 826 26
557 832 26
557 838 26
557 844 26
557 850 27
557 856 27
557 862 27
557 868 27
557 874 27
557 880 27
557 886 27
557 892 27
557 898 27
557 904 27
557 910 27
557 916 27
557 922 27
557 928 27
557 934 27
557 940 27
557 946 27
557 952 27
557 958 27
557 964 27
557 970 27
557 976 27
557 982 27
557 988 27
557 994 27
557 1000 27
557 1006 27
557 1012 27
557 1018 27
557 1024 27
551 1024 27
551 1018 27
551 1012 27
551 1006 27
551 1000 27
551 994 27
551 988 27
551 982 27
551 976 27
551 970 27
551 964 28
551 958 28
551 952 28
551 946 28
551 940 28
551 934 28
551 928 28
551 922 28
551 916 28
551 910 28
551 904 28
551 898 28
551 892 28
551 886 28
551 880 28
551 874 28
551 868 28
551 862 28
551 856 28
551 850 28
551 844 28
551 838 28
551 832 28
551 826 28
551 820 28
551 814 28
551 808 28
551 802 28
551 796 28
551 790 28
551 784 28
551 778 28
551 772 28
551 766 28
551 760 28
551 754 28
551 748 28
551 742 28
551 736 28
551 730 28
551 724 29
551 718 29
551 712 29
551 706 29
551 700 29
551 694 29
551 688 29
551 682 29
551 676 29
551 670 29
551 664 29
551 658 29
551 652 29
551 646 29
551 640 29
551 634 29
551 628 29
551 622 29
551 616 29
551 610 29
551 604 29
551 598 29
551 592 29
551 586 29
545 586 29
545 592 29
545 598 29
545 604 29
545 610 29
545 616 29
545 622 29
545 628 29
545 634 29
545 640 29
545 646 29
545 652 29
545 658 29
545 664 29
545 670 29
545 676 29
545 682 30
545 688 30
545 694 30
545 700 30
545 706 30
545 712 30
545 718 30
545 724 30
545 730 30
545 736 30
545 742 30
545 748 30
545 754 30
545 760 30
545 766 30
545 772 30
545 778 30
545 784 30
545 790 30
545 796 30
545 802 30
545 808 30
545 814 30
545 820 30
545 826 30
545 832 30
545 838 30
545 844 30
545 850 30
545 856 30
545 862 30
545 868 30
545 874 30
545 880 30
545 886 30
545 892 30
545 898 30
545 904 30
545 910 30
545 916 30
545 922 31
545 928 31
545 934 31
545 940 31
545 946 31
545 952 31
545 958 31
545 964 31
545 970 31
545 976 31
545 982 31
545 988 31
545 994 31
545 1000 31
545 1006 31
545 1012 31
545 1018 31
545 1024 31
539 1024 31
539 1018 31
539 1012 31
539 1006 31
539 1000 31
539 994 31
539 988 31
539 982 31
539 976 31
539 970 31
539 964 31
539 958 31
539 952 31
539 946 31
539 940 31
539 934 31
539 928 31
539 922 31
539 916 31
539 910 31
539 904 31
539 898 31
539 892 32
539 886 32
539 880 32
539 874 32
539 868 32
539 862 32
539 856 32
539 850 32
539 844 32
539 838 32
539 832 32
539 826 32
539 820 32
539 814 32
539 808 32
539 802 32
539 796 32
539 790 32
539 784 32
539 778 32
539 772 32
539 766 32
539 760 32
539 754 32
539 748 32
539 742 32
539 736 32
539 730 32
539 724 32
539 718 32
539 712 32
539 706 32
539 700 32
539 694 32
539 688 32
539 682 32
539 676 32
539 670 32
539 664 32
539 658 32
539 652 33
539 646 33
539 640 33
539 634 33
539 628 33
539 622 33
539 616 33
539 610 33
539 604 33
539 598 33
539 592 33
539 586 33
533 586 33
533 592 33
533 598 33
533 604 33
533 610 33
533 616 33
533 622 33
533 628 33
533 634 33
533 640 33
533 646 33
533 652 33
533 658 33
533 664 33
533 670 33
533 676 33
533 682 33
533 688 33
533 694 33
533 700 33
533 706 33
533 712 33
533 718 33
533 724 33
533 730 33
533 736 33
533 742 33
533 748 33
533 754 34
533 760 34
533 766 34
533 772 34
533 778 34
533 784 34
533 790 34
533 796 34
533 802 34
533 808 34
533 814 34
533 820 34
533 826 34
533 832 34
533 838 34
533 844 34
533 850 34
533 856 34
533 862 34
533 868 34
533 874 34
533 880 34
533 886 34
533 892 34
533 898 34
533 904 34
533 910 34
533 916 34
533 922 34
533 928 34
533 934 34
533 940 34
533 946 34
533 952 34
533 958 34
533 964 34
533 970 34
533 976 34
533 982 34
533 988 34
533 994 35
533 1000 35
533 1006 35
533 1012 35
533 1018 35
533 1024 35
527 1024 35
527 1018 35
527 1012 35
527 1006 35
527 1000 35
527 994 35
527 988 35
527 982 35
527 976 35
527 970 35
527 964 35
527 958 35
527 952 35
527 946 35
527 940 35
527 934 35
527 928 35
527 922 35
527 916 35
527 910 35
527 904 35
527 898 35
527 892 35
527 886 35
527 880 35
527 874 35
527 868 35
527 862 35
527 856 35
527 850 35
527 844 35
527 838 35
527 832 35
527 826 35
527 820 36
527 814 36
527 808 36
527 802 36
527 796 36
527 790 36
527 784 36
527 778 36
527 772 36
527 766 36
527 760 36
527 754 36
527 748 36
527 742 36
527 736 36
527 730 36
527 724 36
527 718 36
527 712 36
527 706 36
527 700 36
527 694 36
527 688 36
527 682 36
527 676 36
527 670 36
527 664 36
527 658 36
527 652 36
527 646 36
527 640 36
527 634 36
527 628 36
527 622 36
527 616 36
527 610 36
527 604 36
527 598 36
527 592 36
527 586 36
521 586 37
521 592 37
521 598 37
521 604 37
521 610 37
521 616 37
521 622 37
521 628 37
521 634 37
521 640 37
521 646 37
521 652 37
521 658 37
521 664 37
521 670 37
521 676 37
521 682 37
521 688 37
521 694 37
521 700 37
521 706 37
521 712 37
521 718 37
521 724 37
521 730 37
521 736 37
521 742 37
521 748 37
521 754 37
521 760 37
521 766 37
521 772 37
521 778 37
521 784 37
521 790 37
521 796 37
521 802 37
521 808 37
521 814 37
521 820 37
521 826 38
521 832 38
521 838 38
521 844 38
521 850 38
521 856 38
521 862 38
521 868 38
521 874 38
521 880 38
521 886 38
521 892 38
521 898 38
521 904 38
521 910 38
521 916 38
521 922 38
521 928 38
521 934 38
521 940 38
521 946 38
521 952 38
521 958 38
521 964 38
521 970 38
521 976 38
521 982 38
521 988 38
521 994 38
521 1000 38
521 1006 38
521 1012 38
521 1018 38
521 1024 38
515 1024 38
515 1018 38
515 1012 38
515 1006 38
515 1000 38
515 994 38
515 988 39
515 982 39
515 976 39
515 970 39
515 964 39
515 958 39
515 952 39
515 946 39
515 940 39
515 934 39
515 928 39
515 922 39
515 916 39
515 910 39
515 904 39
515 898 39
515 892 39
515 886 39
515 880 39
515 874 39
515 868 39
515 862 39
515 856 39
515 850 39
515 844 39
515 838 39
515 832 39
515 826 39
515 820 39
515 814 39
515 808 39
515 802 39
515 796 39
515 790 39
515 784 39
515 778 39
515 772 39
515 766 39
515 760 39
515 754 39
515 748 40
515 742 40
515 736 40
515 730 40
515 724 40
515 718 40
515 712 40
515 706 40
515 700 40
515 694 40
515 688 40
515 682 40
515 676 40
515 670 40
515 664 40
515 658 40
515 652 40
515 646 40
515 640 40
515 634 40
515 628 40
515 622 40
515 616 40
515 610 40
515 604 40
515 598 40
515 592 40
515 586 40
509 586 40
509 592 40
509 598 40
509 604 40
509 610 40
509 616 40
509 622 40
509 628 40
509 634 40
509 640 40
509 646 40
509 652 40
509 658 41
509 664 41
509 670 41
509 676 41
509 682 41
509 688 41
509 694 41
509 700 41
509 706 41
509 712 41
509 718 41
509 724 41
509 730 41
509 736 41
509 742 41
509 748 41
509 754 41
509 760 41
509 766 41
509 772 41
509 778 41
509 784 41
509 790 41
509 796 41
509 802 41
509 808 41
509 814 41
509 820 41
509 826 41
509 832 41
509 838 41
509 844 41
509 850 41
509 856 41
509 862 41
509 868 41
509 874 41
509 880 41
509 886 41
509 892 41
509 898 42
509 904 42
509 910 42
509 916 42
509 922 42
509 928 42
509 934 42
509 940 42
509 946 42
509 952 42
509 958 42
509 964 42
509 970 42
509 976 42
509 982 42
509 988 42
509 994 42
509 1000 42
509 1006 42
509 1012 42
509 1018 42
509 1024 42
503 1024 42
503 1018 42
503 1012 42
503 1006 42
503 1000 42
503 994 42
503 988 42
503 982 42
503 976 42
503 970 42
503 964 42
503 958 42
503 952 42
503 946 42
503 940 42
503 934 42
503 928 42
503 922 42
503 916 43
503 910 43
503 904 43
503 898 43
503 892 43
503 886 43
503 880 43
503 874 43
503 868 43
503 862 43
503 856 43
503 850 43
503 844 43
503 838 43
503 832 43
503 826 43
503 820 43
503 814 43
503 808 43
503 802 43
503 796 43
503 790 43
503 784 43
503 778 43
503 772 43
503 766 43
503 760 43
503 754 43
503 748 43
503 742 43
503 736 43
503 730 43
503 724 43
503 718 43
503 712 43
503 706 43
503 700 43
503 694 43
503 688 43
503 682 43
503 676 44
503 670 44
503 664 44
503 658 44
503 652 44
503 646 44
503 640 44
503 634 44
503 628 44
503 622 44
503 616 44
503 610 44
503 604 44
503 598 44
503 592 44
503 586 44
497 586 44
497 592 44
497 598 44
497 604 44
497 610 44
497 616 44
497 622 44
497 628 44
497 634 44
497 640 44
497 646 44
497 652 44
497 658 44
497 664 44
497 670 44
497 676 44
497 682 44
497 688 44
497 694 44
497 700 44
497 706 44
497 712 44
497 718 44
497 724 44
497 730 45
497 736 45
497 742 45
497 748 45
497 754 45
497 760 45
497 766 45
497 772 45
497 778 45
497 784 45
497 790 45
497 796 45
497 802 45
497 808 45
497 814 45
497 820 45
497 826 45
497 832 45
497 838 45
497 844 45
497 850 45
497 856 45
497 862 45
497 868 45
497 874 45
497 880 45
497 886 45
497 892 45
497 898 45
497 904 45
497 910 45
497 916 45
497 922 45
497 928 45
497 934 45
497 940 45
497 946 45
497 952 45
497 958 45
497 964 45
497 970 46
497 976 46
497 982 46
497 988 46
497 994 46
497 1000 46
497 1006 46
497 1012 46
497 1018 46
497 1024 46
491 1024 46
491 1018 46
491 1012 46
491 1006 46
491 1000 46
491 994 46
491 988 46
491 982 46
491 976 46
491 970 46
491 964 46
491 958 46
491 952 46
491 946 46
491 940 46
491 934 46
491 928 46
491 922 46
491 916 46
491 910 46
491 904 46
491 898 46
491 892 46
491 886 46
491 880 46
491 874 46
491 868 46
491 862 46
491 856 46
491 850 46
491 844 47
491 838 47
491 832 47
491 826 47
491 820 47
491 814 47
491 808 47
491 802 47
491 796 47
491 790 47
491 784 47
491 778 47
491 772 47
491 766 47
491 760 47
491 754 47
491 748 47
491 742 47
491 736 47
491 730 47
491 724 47
491 718 47
491 712 47
491 706 47
491 700 47
491 694 47
491 688 47
491 682 47
491 676 47
491 670 47
491 664 47
491 658 47
491 652 47
491 646 47
491 640 47
491 634 47
491 628 47
491 622 47
491 616 47
491 610 47
491 604 48
491 598 48
491 592 48
491 586 48
485 586 48
485 592 48
485 598 48
485 604 48
485 610 48
485 616 48
485 622 48
485 628 48
485 634 48
485 640 48
485 646 48
485 652 48
485 658 48
485 664 48
485 670 48
485 676 48
485 682 48
485 688 48
485 694 48
485 700 48
485 706 48
485 712 48
485 718 48
485 724 48
485 730 48
485 736 48
485 742 48
485 748 48
485 754 48
485 760 48
485 766 48
485 772 48
485 778 48
485 784 48
485 790 48
485 796 48
485 802 49
485 808 49
485 814 49
485 820 49
485 826 49
485 832 49
485 838 49
485 844 49
485 850 49
485 856 49
485 862 49
485 868 49
485 874 49
485 880 49
485 886 49
485 892 49
485 898 49
485 904 49
485 910 49
485 916 49
485 922 49
485 928 49
485 934 49
485 940 49
485 946 49
485 952 49
485 958 49
485 964 49
485 970 49
485 976 49
485 982 49
485 988 49
485 994 49
485 1000 49
485 1006 49
485 1012 49
485 1018 49
485 1024 49
479 1024 49
479 1018 49
479 1012 50
479 1006 50
479 1000 50
479 994 50
479 988 50
479 982 50
479 976 50
479 970 50
479 964 50
479 958 50
479 952 50
479 946 50
479 940 50
479 934 50
479 928 50
479 922 50
479 916 50
479 910 50
479 904 50
479 898 50
479 892 50
479 886 50
479 880 50
479 874 50
479 868 50
479 862 50
479 856 50
479 850 50
479 844 50
479 838 50
479 832 50
479 826 50
479 820 50
479 814 50
479 808 50
479 802 50
479 796 50
479 790 50
479 784 50
479 778 50
479 772 51
479 766 51
479 760 51
479 754 51
479 748 51
479 742 51
479 736 51
479 730 51
479 724 51
479 718 51
479 712 51
479 706 51
479 700 51
479 694 51
479 688 51
479 682 51
479 676 51
479 670 51
479 664 51
479 658 51
479 652 51
479 646 51
479 640 51
479 634 51
479 628 51
479 622 51
479 616 51
479 610 51
479 604 51
479 598 51
479 592 51
479 586 51
473 586 51
473 592 51
473 598 51
473 604 51
473 610 51
473 616 51
473 622 51
473 628 51
473 634 52
473 640 52
473 646 52
473 652 52
473 658 52
473 664 52
473 670 52
473 676 52
473 682 52
473 688 52
473 694 52
473 700 52
473 706 52
473 712 52
473 718 52
473 724 52
473 730 52
473 736 52
473 742 52
473 748 52
473 754 52
473 760 52
473 766 52
473 772 52
473 778 52
473 784 52
473 790 52
473 796 52
473 802 52
473 808 52
473 814 52
473 820 52
473 826 52
473 832 52
473 838 52
473 844 52
473 850 52
473 856 52
473 862 52
473 868 52
473 874 53
473 880 53
473 886 53
473 892 53
473 898 53
473 904 53
473 910 53
473 916 53
473 922 53
473 928 53
473 934 53
473 940 53
473 946 53
473 952 53
473 958 53
473 964 53
473 970 53
473 976 53
473 982 53
473 988 53
473 994 53
473 1000 53
473 1006 53
473 1012 53
473 1018 53
473 1024 53
467 1024 53
467 1018 53
467 1012 53
467 1006 53
467 1000 53
467 994 53
467 988 53
467 982 53
467 976 53
467 970 53
467 964 53
467 958 53
467 952 53
467 946 53
467 940 54
467 934 54
467 928 54
467 922 54
467 916 54
467 910 54
467 904 54
467 898 54
467 892 54
467 886 54
467 880 54
467 874 54
467 868 54
467 862 54
467 856 54
467 850 54
467 844 54
467 838 54
467 832 54
467 826 54
467 820 54
467 814 54
467 808 54
467 802 54
467 796 54
467 790 54
467 784 54
467 778 54
467 772 54
467 766 54
467 760 54
467 754 54
467 748 54
467 742 54
467 736 54
467 730 54
467 724 54
467 718 54
467 712 54
467 706 54
467 700 55
467 694 55
467 688 55
467 682 55
467 676 55
467 670 55
467 664 55
467 658 55
467 652 55
467 646 55
467 640 55
467 634 55
467 628 55
467 622 55
467 616 55
467 610 55
467 604 55
467 598 55
467 592 55
467 586 55
461 586 55
461 592 55
461 598 55
461 604 55
461 610 55
461 616 55
461 622 55
461 628 55
461 634 55
461 640 55
461 646 55
461 652 55
461 658 55
461 664 55
461 670 55
461 676 55
461 682 55
461 688 55
461 694 55
461 700 55
461 706 56
461 712 56
461 718 56
461 724 56
461 730 56
461 736 56
461 742 56
461 748 56
461 754 56
461 760 56
461 766 56
461 772 56
461 778 56
461 784 56
461 790 56
461 796 56
461 802 56
461 808 56
461 814 56
461 820 56
461 826 56
461 832 56
461 838 56
461 844 56
461 850 56
461 856 56
461 862 56
461 868 56
461 874 56
461 880 56
461 886 56
461 892 56
461 898 56
461 904 56
461 910 56
461 916 56
461 922 56
461 928 56
461 934 56
461 940 56
461 946 57
461 952 57
461 958 57
461 964 57
461 970 57
461 976 57
461 982 57
461 988 57
461 994 57
461 1000 57
461 1006 57
461 1012 57
461 1018 57
461 1024 57
455 898 57
455 892 57
455 886 57
455 880 57
455 874 57
455 868 57
455 862 57
455 856 57
455 850 57
455 844 57
455 838 57
455 832 57
455 826 57
455 820 57
455 814 57
455 808 57
455 802 57
455 796 57
455 790 57
455 784 57
455 778 57
455 772 57
455 766 57
455 760 57
455 754 57
455 748 57
455 742 58
455 736 58
455 730 58
455 724 58
455 718 58
455 712 58
455 706 58
455 700 58
455 694 58
455 688 58
455 682 58
455 676 58
455 670 58
455 664 58
455 658 58
455 652 58
455 646 58
455 640 58
455 634 58
455 628 58
455 622 58
455 616 58
455 610 58
455 604 58
455 598 58
455 592 58
455 586 58
449 586 58
449 592 58
449 598 58
449 604 58
449 610 58
449 616 58
449 622 58
449 628 58
449 634 58
449 640 58
449 646 58
449 652 58
449 658 58
449 664 59
449 670 59
449 676 59
449 682 59
449 688 59
449 694 59
449 700 59
449 706 59
449 712 59
449 718 59
449 724 59
449 730 59
449 736 59
449 742 59
449 748 59
449 754 59
449 760 59
449 766 59
449 772 59
449 778 59
449 784 59
449 790 59
449 796 59
449 802 59
449 808 59
449 814 59
449 820 59
449 826 59
449 832 59
449 838 59
449 844 59
449 850 59
449 856 59
449 862 59
449 868 59
449 874 59
449 880 59
449 886 59
449 892 59
449 898 59
443 898 60
443 892 60
443 886 60
443 880 60
443 874 60
443 868 60
443 862 60
443 856 60
443 850 60
443 844 60
443 838 60
443 832 60
443 826 60
443 820 60
443 814 60
443 808 60
443 802 60
443 796 60
443 790 60
443 784 60
443 778 60
443 772 60
443 766 60
443 760 60
443 754 60
443 748 60
443 742 60
443 736 60
443 730 60
443 724 60
443 718 60
443 712 60
443 706 60
443 700 60
443 694 60
443 688 60
443 682 60
443 676 60
443 670 60
443 664 60
443 658 61
443 652 61
443 646 61
443 640 61
443 634 61
443 628 61
443 622 61
443 616 61
443 610 61
443 604 61
443 598 61
443 592 61
443 586 61
437 586 61
437 592 61
437 598 61
437 604 61
437 610 61
437 616 61
437 622 61
437 628 61
437 634 61
437 640 61
437 646 61
437 652 61
437 658 61
437 664 61
437 670 61
437 676 61
437 682 61
437 688 61
437 694 61
437 700 61
437 706 61
437 712 61
437 718 61
437 724 61
437 730 61
437 736 61
437 742 61
437 748 62
437 754 62
437 760 62
437 766 62
437 772 62
437 778 62
437 784 62
437 790 62
437 796 62
437 802 62
437 808 62
437 814 62
437 820 62
437 826 62
437 832 62
437 838 62
437 844 62
437 850 62
437 856 62
437 862 62
437 868 62
437 874 62
437 880 62
437 886 62
437 892 62
437 898 62
431 898 62
431 892 62
431 886 62
431 880 62
431 874 62
431 868 62
431 862 62
431 856 62
431 850 62
431 844 62
431 838 62
431 832 62
431 826 62
431 820 62
431 814 63
431 808 63
431 802 63
431 796 63
431 790 63
431 784 63
431 778 63
431 772 63
431 766 63
431 760 63
431 754 63
431 748 63
431 742 63
431 736 63
431 730 63
431 724 63
431 718 63
431 712 63
431 706 63
431 700 63
431 694 63
431 688 63
431 682 63
431 676 63
431 670 63
431 664 63
431 658 63
431 652 63
431 646 63
431 640 63
431 634 63
431 628 63
431 622 63
431 616 63
431 610 63
431 604 63
431 598 63
431 592 63
431 586 63
425 586 63
425 592 64
425 598 64
425 604 64
425 610 64
425 616 64
425 622 64
425 628 64
425 634 64
425 640 64
425 646 64
425 652 64
425 658 64
425 664 64
425 670 64
425 676 64
425 682 64
425 688 64
425 694 64
425 700 64
425 706 64
425 712 64
425 718 64
425 724 64
425 730 64
425 736 64
425 742 64
425 748 64
425 754 64
425 760 64
425 766 64
425 772 64
425 778 64
425 784 64
425 790 64
425 796 64
425 802 64
425 808 64
425 814 64
425 820 64
425 826 64
425 832 65
425 838 65
425 844 65
425 850 65
425 856 65
425 862 65
425 868 65
425 874 65
425 880 65
425 886 65
425 892 65
425 898 65
419 898 65
419 892 65
419 886 65
419 880 65
419 874 65
419 868 65
419 862 65
419 856 65
419 850 65
419 844 65
419 838 65
419 832 65
419 826 65
419 820 65
419 814 65
419 808 65
419 802 65
419 796 65
419 790 65
419 784 65
419 778 65
419 772 65
419 766 65
419 760 65
419 754 65
419 748 65
419 742 65
419 736 65
419 730 66
419 724 66
419 718 66
419 712 66
419 706 66
419 700 66
419 694 66
419 688 66
419 682 66
419 676 66
419 670 66
419 664 66
419 658 66
419 652 66
419 646 66
419 640 66
419 634 66
419 628 66
419 622 66
419 616 66
419 610 66
419 604 66
419 598 66
419 592 66
419 586 66
413 586 66
413 592 66
413 598 66
413 604 66
413 610 66
413 616 66
413 622 66
413 628 66
413 634 66
413 640 66
413 646 66
413 652 66
413 658 66
413 664 66
413 670 66
413 676 67
413 682 67
413 688 67
413 694 67
413 700 67
413 706 67
413 712 67
413 718 67
413 724 67
413 730 67
413 736 67
413 742 67
413 748 67
413 754 67
413 760 67
413 766 67
413 772 67
413 778 67
413 784 67
413 790 67
413 796 67
413 802 67
413 808 67
413 814 67
413 820 67
413 826 67
413 832 67
413 838 67
413 844 67
413 850 67
413 856 67
413 862 67
413 868 67
413 874 67
413 880 67
413 886 67
413 892 67
413 898 67
407 898 67
407 892 67
407 886 68
407 880 68
407 874 68
407 868 68
407 862 68
407 856 68
407 850 68
407 844 68
407 838 68
407 832 68
407 826 68
407 820 68
407 814 68
407 808 68
407 802 68
407 796 68
407 790 68
407 784 68
407 778 68
407 772 68
407 766 68
407 760 68
407 754 68
407 748 68
407 742 68
407 736 68
407 730 68
407 724 68
407 718 68
407 712 68
407 706 68
407 700 68
407 694 68
407 688 68
407 682 68
407 676 68
407 670 68
407 664 68
407 658 68
407 652 68
407 646 69
407 640 69
407 634 69
407 628 69
407 622 69
407 616 69
407 610 69
407 604 69
407 598 69
407 592 69
407 586 69
401 586 69
401 592 69
401 598 69
401 604 69
401 610 69
401 616 69
401 622 69
401 628 69
401 634 69
401 640 69
401 646 69
401 652 69
401 658 69
401 664 69
401 670 69
401 676 69
401 682 69
401 688 69
401 694 69
401 700 69
401 706 69
401 712 69
401 718 69
401 724 69
401 730 69
401 736 69
401 742 69
401 748 69
401 754 69
401 760 70
401 766 70
401 772 70
401 778 70
401 784 70
401 790 70
401 796 70
401 802 70
401 808 70
401 814 70
401 820 70
401 826 70
401 832 70
401 838 70
401 844 70
401 850 70
401 856 70
401 862 70
401 868 70
401 874 70
401 880 70
401 886 70
401 892 70
401 898 70
395 898 70
395 892 70
395 886 70
395 880 70
395 874 70
395 868 70
395 862 70
395 856 70
395 850 70
395 844 70
395 838 70
395 832 70
395 826 70
395 820 70
395 814 70
395 808 70
395 802 71
395 796 71
395 790 71
395 784 71
395 778 71
395 772 71
395 766 71
395 760 71
395 754 71
395 748 71
395 742 71
395 736 71
395 730 71
395 724 71
395 718 71
395 712 71
395 706 71
395 700 71
395 694 71
395 688 71
395 682 71
395 676 71
395 670 71
395 664 71
395 658 71
395 652 71
395 646 71
395 640 71
395 634 71
395 628 71
395 622 71
395 616 71
395 610 71
395 604 71
395 598 71
395 592 71
395 586 71
389 586 71
389 592 71
389 598 71
389 604 72
389 610 72
389 616 72
389 622 72
389 628 72
389 634 72
389 640 72
389 646 72
389 652 72
389 658 72
389 664 72
389 670 72
389 676 72
389 682 72
389 688 72
389 694 72
389 700 72
389 706 72
389 712 72
389 718 72
389 724 72
389 730 72
389 736 72
389 742 72
389 748 72
389 754 72
389 760 72
389 766 72
389 772 72
389 778 72
389 784 72
389 790 72
389 796 72
389 802 72
389 808 72
389 814 72
389 820 72
389 826 72
389 832 72
389 838 72
389 844 73
389 850 73
389 856 73
389 862 73
389 868 73
389 874 73
389 880 73
389 886 73
389 892 73
389 898 73
383 898 73
383 892 73
383 886 73
383 880 73
383 874 73
383 868 73
383 862 73
383 856 73
383 850 73
383 844 73
383 838 73
383 832 73
383 826 73
383 820 73
383 814 73
383 808 73
383 802 73
383 796 73
383 790 73
383 784 73
383 778 73
383 772 73
383 766 73
383 760 73
383 754 73
383 748 73
383 742 73
383 736 73
383 730 73
383 724 73
383 718 74
383 712 74
383 706 74
383 700 74
383 694 74
383 688 74
383 682 74
383 676 74
383 670 74
383 664 74
383 658 74
383 652 74
383 646 74
383 640 74
383 634 74
383 628 74
383 622 74
383 616 74
383 610 74
383 604 74
383 598 74
383 592 74
383 586 74
377 586 74
377 592 74
377 598 74
377 604 74
377 610 74
377 616 74
377 622 74
377 628 74
377 634 74
377 640 74
377 646 74
377 652 74
377 658 74
377 664 74
377 670 74
377 676 74
377 682 74
377 688 75
377 694 75
377 700 75
377 706 75
377 712 75
377 718 75
377 724 75
377 730 75
377 736 75
377 742 75
377 748 75
377 754 75
377 760 75
377 766 75
377 772 75
377 778 75
377 784 75
377 790 75
377 796 75
377 802 75
377 808 75
377 814 75
377 820 75
377 826 75
377 832 75
377 838 75
377 844 75
377 850 75
377 856 75
377 862 75
377 868 75
377 874 75
377 880 75
377 886 75
377 892 75
377 898 75
371 898 75
371 892 75
371 886 75
371 880 75
371 874 76
371 868 76
371 862 76
371 856 76
371 850 76
371 844 76
371 838 76
371 832 76
371 826 76
371 820 76
371 814 76
371 808 76
371 802 76
371 796 76
371 790 76
371 784 76
371 778 76
371 772 76
371 766 76
371 760 76
371 754 76
371 748 76
371 742 76
371 736 76
371 730 76
371 724 76
371 718 76
371 712 76
371 706 76
371 700 76
371 694 76
371 688 76
371 682 76
371 676 76
371 670 76
371 664 76
371 658 76
371 652 76
371 646 76
371 640 76
371 634 77
371 628 77
371 622 77
371 616 77
371 610 77
371 604 77
371 598 77
371 592 77
371 586 77
365 586 77
365 592 77
365 598 77
365 604 77
365 610 77
365 616 77
365 622 77
365 628 77
365 634 77
365 640 77
365 646 77
365 652 77
365 658 77
365 664 77
365 670 77
365 676 77
365 682 77
365 688 77
365 694 77
365 700 77
365 706 77
365 712 77
365 718 77
365 724 77
365 730 77
365 736 77
365 742 77
365 748 77
365 754 77
365 760 77
365 766 77
365 772 78
365 778 78
365 784 78
365 790 78
365 796 78
365 802 78
365 808 78
365 814 78
365 820 78
365 826 78
365 832 78
365 838 78
365 844 78
365 850 78
365 856 78
365 862 78
365 868 78
365 874 78
365 880 78
365 886 78
365 892 78
365 898 78
359 898 78
359 892 78
359 886 78
359 880 78
359 874 78
359 868 78
359 862 78
359 856 78
359 850 78
359 844 78
359 838 78
359 832 78
359 826 78
359 820 78
359 814 78
359 808 78
359 802 78
359 796 78
359 790 79
359 784 79
359 778 79
359 772 79
359 766 79
359 760 79
359 754 79
359 748 79
359 742 79
359 736 79
359 730 79
359 724 79
359 718 79
359 712 79
359 706 79
359 700 79
359 694 79
359 688 79
359 682 79
359 676 79
359 670 79
359 664 79
359 658 79
359 652 79
359 646 79
359 640 79
359 634 79
359 628 79
359 622 79
359 616 79
359 610 79
359 604 79
359 598 79
359 592 79
359 586 79
353 586 79
353 592 79
353 598 79
353 604 79
353 610 79
353 616 80
353 622 80
353 628 80
353 634 80
353 640 80
353 646 80
353 652 80
353 658 80
353 664 80
353 670 80
353 676 80
353 682 80
353 688 80
353 694 80
353 700 80
353 706 80
353 712 80
353 718 80
353 724 80
353 730 80
353 736 80
353 742 80
353 748 80
353 754 80
353 760 80
353 766 80
353 772 80
353 778 80
353 784 80
353 790 80
353 796 80
353 802 80
353 808 80
353 814 80
353 820 80
353 826 80
353 832 80
353 838 80
353 844 80
353 850 80
353 856 81
353 862 81
353 868 81
353 874 81
353 880 81
353 886 81
353 892 81
353 898 81
347 898 81
347 892 81
347 886 81
347 880 81
347 874 81
347 868 81
347 862 81
347 856 81
347 850 81
347 844 81
347 838 81
347 832 81
347 826 81
347 820 81
347 814 81
347 808 81
347 802 81
347 796 81
347 790 81
347 784 81
347 778 81
347 772 81
347 766 81
347 760 81
347 754 81
347 748 81
347 742 81
347 736 81
347 730 81
347 724 81
347 718 81
347 712 81
347 706 82
347 700 82
347 694 82
347 688 82
347 682 82
347 676 82
347 670 82
347 664 82
347 658 82
347 652 82
347 646 82
347 640 82
347 634 82
347 628 82
347 622 82
347 616 82
347 610 82
347 604 82
347 598 82
347 592 82
347 586 82
341 586 82
341 592 82
341 598 82
341 604 82
341 610 82
341 616 82
341 622 82
341 628 82
341 634 82
341 640 82
341 646 82
341 652 82
341 658 82
341 664 82
341 670 82
341 676 82
341 682 82
341 688 82
341 694 82
341 700 83
341 706 83
341 712 83
341 718 83
341 724 83
341 730 83
341 736 83
341 742 83
341 748 83
341 754 83
341 760 83
341 766 83
341 772 83
341 778 83
341 784 83
341 790 83
341 796 83
341 802 83
341 808 83
341 814 83
341 820 83
341 826 83
341 832 83
341 838 83
341 844 83
341 850 83
341 856 83
341 862 83
341 868 83
341 874 83
341 880 83
341 886 83
341 892 83
341 898 83
335 898 83
335 892 83
335 886 83
335 880 83
335 874 83
335 868 83
335 862 84
335 856 84
335 850 84
335 844 84
335 838 84
335 832 84
335 826 84
335 820 84
335 814 84
335 808 84
335 802 84
335 796 84
335 790 84
335 784 84
335 778 84
335 772 84
335 766 84
335 760 84
335 754 84
335 748 84
335 742 84
335 736 84
335 730 84
335 724 84
335 718 84
335 712 84
335 706 84
335 700 84
335 694 84
335 688 84
335 682 84
335 676 84
335 670 84
335 664 84
335 658 84
335 652 84
335 646 84
335 640 84
335 634 84
335 628 84
335 622 85
335 616 85
335 610 85
335 604 85
335 598 85
335 592 85
335 586 85
329 586 85
329 592 85
329 598 85
329 604 85
329 610 85
329 616 85
329 622 85
329 628 85
329 634 85
329 640 85
329 646 85
329 652 85
329 658 85
329 664 85
329 670 85
329 676 85
329 682 85
329 688 85
329 694 85
329 700 85
329 706 85
329 712 85
329 718 85
329 724 85
329 730 85
329 736 85
329 742 85
329 748 85
329 754 85
329 760 85
329 766 85
329 772 85
329 778 85
329 784 86
329 790 86
329 796 86
329 802 86
329 808 86
329 814 86
329 820 86
329 826 86
329 832 86
329 838 86
329 844 86
329 850 86
329 856 86
329 862 86
329 868 86
329 874 86
329 880 86
329 886 86
329 892 86
329 898 86
323 898 86
323 892 86
323 886 86
323 880 86
323 874 86
323 868 86
323 862 86
323 856 86
323 850 86
323 844 86
323 838 86
323 832 86
323 826 86
323 820 86
323 814 86
323 808 86
323 802 86
323 796 86
323 790 86
323 784 86
323 778 87
323 772 87
323 766 87
323 760 87
323 754 87
323 748 87
323 742 87
323 736 87
323 730 87
323 724 87
323 718 87
323 712 87
323 706 87
323 700 87
323 694 87
323 688 87
323 682 87
323 676 87
323 670 87
323 664 87
323 658 87
323 652 87
323 646 87
323 640 87
323 634 87
323 628 87
323 622 87
323 616 87
323 610 87
323 604 87
323 598 87
323 592 87
323 586 87
317 586 87
317 592 87
317 598 87
317 604 87
317 610 87
317 616 87
317 622 87
317 628 88
317 634 88
317 640 88
317 646 88
317 652 88
317 658 88
317 664 88
317 670 88
317 676 88
317 682 88
317 688 88
317 694 88
317 700 88
317 706 88
317 712 88
317 718 88
317 724 88
317 730 88
317 736 88
317 742 88
317 748 88
317 754 88
317 760 88
317 766 88
317 772 88
317 778 88
317 784 88
317 790 88
317 796 88
317 802 88
317 808 88
317 814 88
317 820 88
317 826 88
317 832 88
317 838 88
317 844 88
317 850 88
317 856 88
317 862 88
317 868 89
317 874 89
317 880 89
317 886 89
317 892 89
317 898 89
311 898 89
311 892 89
311 886 89
311 880 89
311 874 89
311 868 89
311 862 89
311 856 89
311 850 89
311 844 89
311 838 89
311 832 89
311 826 89
311 820 89
311 814 89
311 808 89
311 802 89
311 796 89
311 790 89
311 784 89
311 778 89
311 772 89
311 766 89
311 760 89
311 754 89
311 748 89
311 742 89
311 736 89
311 730 89
311 724 89
311 718 89
311 712 89
311 706 89
311 700 89
311 694 90
311 688 90
311 682 90
311 676 90
311 670 90
311 664 90
311 658 90
311 652 90
311 646 90
311 640 90
311 634 90
311 628 90
311 622 90
311 616 90
311 610 90
311 604 90
311 598 90
311 592 90
311 586 90
305 586 90
305 592 90
305 598 90
305 604 90
305 610 90
305 616 90
305 622 90
305 628 90
305 634 90
305 640 90
305 646 90
305 652 90
305 658 90
305 664 90
305 670 90
305 676 90
305 682 90
305 688 90
305 694 90
305 700 90
305 706 90
305 712 91
305 718 91
305 724 91
305 730 91
305 736 91
305 742 91
305 748 91
305 754 91
305 760 91
305 766 91
305 772 91
305 778 91
305 784 91
305 790 91
305 796 91
305 802 91
305 808 91
305 814 91
305 820 91
305 826 91
305 832 91
305 838 91
305 844 91
305 850 91
305 856 91
305 862 91
305 868 91
305 874 91
305 880 91
305 886 91
305 892 91
305 898 91
299 898 91
299 892 91
299 886 91
299 880 91
299 874 91
299 868 91
299 862 91
299 856 91
299 850 92
299 844 92
299 838 92
299 832 92
299 826 92
299 820 92
299 814 92
299 808 92
299 802 92
299 796 92
299 790 92
299 784 92
299 778 92
299 772 92
299 766 92
299 760 92
299 754 92
299 748 92
299 742 92
299 736 92
299 730 92
299 724 92
299 718 92
299 712 92
299 706 92
299 700 92
299 694 92
299 688 92
299 682 92
299 676 92
299 670 92
299 664 92
299 658 92
299 652 92
299 646 92
299 640 92
299 634 92
299 628 92
299 622 92
299 616 92
299 610 93
299 604 93
299 598 93
299 592 93
299 586 93
293 586 93
293 592 93
293 598 93
293 604 93
293 610 93
293 616 93
293 622 93
293 628 93
293 634 93
293 640 93
293 646 93
293 652 93
293 658 93
293 664 93
293 670 93
293 676 93
293 682 93
293 688 93
293 694 93
293 700 93
293 706 93
293 712 93
293 718 93
293 724 93
293 730 93
293 736 93
293 742 93
293 748 93
293 754 93
293 760 93
293 766 93
293 772 93
293 778 93
293 784 93
293 790 93
293 796 94
293 802 94
293 808 94
293 814 94
293 820 94
293 826 94
293 832 94
293 838 94
293 844 94
293 850 94
293 856 94
293 862 94
293 868 94
293 874 94
293 880 94
293 886 94
293 892 94
293 898 94
287 772 94
287 766 94
287 760 94
287 754 94
287 748 94
287 742 94
287 736 94
287 730 94
287 724 94
287 718 94
287 712 94
287 706 94
287 700 94
287 694 94
287 688 94
287 682 94
287 676 94
287 670 94
287 664 94
287 658 94
287 652 94
287 646 94
287 640 95
287 634 95
287 628 95
287 622 95
287 616 95
287 610 95
287 604 95
287 598 95
287 592 95
287 586 95
281 586 95
281 592 95
281 598 95
281 604 95
281 610 95
281 616 95
281 622 95
281 628 95
281 634 95
281 640 95
281 646 95
281 652 95
281 658 95
281 664 95
281 670 95
281 676 95
281 682 95
281 688 95
281 694 95
281 700 95
281 706 95
281 712 95
281 718 95
281 724 95
281 730 95
281 736 95
281 742 95
281 748 95
281 754 95
281 760 95
281 766 96
281 772 96
275 772 96
275 766 96
275 760 96
275 754 96
275 748 96
275 742 96
275 736 96
275 730 96
275 724 96
275 718 96
275 712 96
275 706 96
275 700 96
275 694 96
275 688 96
275 682 96
275 676 96
275 670 96
275 664 96
275 658 96
275 652 96
275 646 96
275 640 96
275 634 96
275 628 96
275 622 96
275 616 96
275 610 96
275 604 96
275 598 96
275 592 96
275 586 96
269 586 96
269 592 96
269 598 96
269 604 96
269 610 96
269 616 96
269 622 97
269 628 97
269 634 97
269 640 97
269 646 97
269 652 97
269 658 97
269 664 97
269 670 97
269 676 97
269 682 97
269 688 97
269 694 97
269 700 97
269 706 97
269 712 97
269 718 97
269 724 97
269 730 97
269 736 97
269 742 97
269 748 97
269 754 97
269 760 97
269 766 97
269 772 97
263 772 97
263 766 97
263 760 97
263 754 97
263 748 97
263 742 97
263 736 97
263 730 97
263 724 97
263 718 97
263 712 97
263 706 97
263 700 97
263 694 97
263 688 98
263 682 98
263 676 98
263 670 98
263 664 98
263 658 98
263 652 98
263 646 98
263 640 98
263 634 98
263 628 98
263 622 98
263 616 98
263 610 98
263 604 98
263 598 98
263 592 98
263 586 98
257 586 98
257 592 98
257 598 98
257 604 98
257 610 98
257 616 98
257 622 98
257 628 98
257 634 98
257 640 98
257 646 98
257 652 98
257 658 98
257 664 98
257 670 98
257 676 98
257 682 98
257 688 98
257 694 98
257 700 98
257 706 98
257 712 98
257 718 99
257 724 99
257 730 99
257 736 99
257 742 99
257 748 99
257 754 99
257 760 99
257 766 99
257 772 99
251 772 99
251 766 99
251 760 99
251 754 99
251 748 99
251 742 99
251 736 99
251 730 99
251 724 99
251 718 99
251 712 99
251 706 99
251 700 99
251 694 99
251 688 99
251 682 99
251 676 99
251 670 99
251 664 99
251 658 99
251 652 99
251 646 99
251 640 99
251 634 99
251 628 99
251 622 99
251 616 99
251 610 99
251 604 99
251 598 99
251 592 100
251 586 100
245 586 100
245 592 100
245 598 100
245 604 100
245 610 100
245 616 100
245 622 100
245 628 100
245 634 100
245 640 100
245 646 100
245 652 100
245 658 100
245 664 100
245 670 100
245 676 100
245 682 100
245 688 100
245 694 100
245 700 100
245 706 100
245 712 100
245 718 100
245 724 100
245 730 100
245 736 100
245 742 100
245 748 100
245 754 100
245 760 100
245 766 100
245 772 100
239 772 100
239 766 100
239 760 100
239 754 100
239 748 100
239 742 100
239 736 101
239 730 101
239 724 101
239 718 101
239 712 101
239 706 101
239 700 101
239 694 101
239 688 101
239 682 101
239 676 101
239 670 101
239 664 101
239 658 101
239 652 101
239 646 101
239 640 101
239 634 101
239 628 101
239 622 101
239 616 101
239 610 101
239 604 101
239 598 101
239 592 101
239 586 101
233 586 101
233 592 101
233 598 101
233 604 101
233 610 101
233 616 101
233 622 101
233 628 101
233 634 101
233 640 101
233 646 101
233 652 101
233 658 101
233 664 101
233 670 102
233 676 102
233 682 102
233 688 102
233 694 102
233 700 102
233 706 102
233 712 102
233 718 102
233 724 102
233 730 102
233 736 102
233 742 102
233 748 102
233 754 102
233 760 102
233 766 102
233 772 102
227 772 102
227 766 102
227 760 102
227 754 102
227 748 102
227 742 102
227 736 102
227 730 102
227 724 102
227 718 102
227 712 102
227 706 102
227 700 102
227 694 102
227 688 102
227 682 102
227 676 102
227 670 102
227 664 102
227 658 102
227 652 102
227 646 102
227 640 103
227 634 103
227 628 103
227 622 103
227 616 103
227 610 103
227 604 103
227 598 103
227 592 103
227 586 103
221 586 103
221 592 103
221 598 103
221 604 103
221 610 103
221 616 103
221 622 103
221 628 103
221 634 103
221 640 103
221 646 103
221 652 103
221 658 103
221 664 103
221 670 103
221 676 103
221 682 103
221 688 103
221 694 103
221 700 103
221 706 103
221 712 103
221 718 103
221 724 103
221 730 103
221 736 103
221 742 103
221 748 103
221 754 103
221 760 103
221 766 104
221 772 104
215 586 104
215 592 104
215 598 104
215 604 104
215 610 104
215 616 104
215 622 104
215 628 104
215 634 104
215 640 104
215 646 104
215 652 104
215 658 104
215 664 104
215 670 104
215 676 104
215 682 104
215 688 104
215 694 104
215 700 104
215 706 104
215 712 104
215 718 104
215 724 104
215 730 104
215 736 104
215 742 104
215 748 104
215 754 104
215 760 104
215 766 104
215 772 104
