359 898 0
353 898 0
347 898 0
341 898 0
335 898 0
329 898 0
323 898 0
317 898 0
311 898 0
305 898 0
299 898 0
293 898 0
293 892 0
299 892 0
305 892 0
311 892 0
317 892 0
323 892 0
329 892 0
335 892 0
341 892 0
347 892 0
353 892 0
359 892 0
359 886 0
353 886 0
347 886 0
341 886 0
335 886 0
329 886 0
323 886 0
317 886 0
311 886 0
305 886 0
299 886 0
293 886 0
293 880 0
299 880 0
305 880 0
311 880 0
317 880 1
323 880 1
329 880 1
335 880 1
341 880 1
347 880 1
353 880 1
359 880 1
359 874 1
353 874 1
347 874 1
341 874 1
335 874 1
329 874 1
323 874 1
317 874 1
311 874 1
305 874 1
299 874 1
293 874 1
293 868 1
299 868 1
305 868 1
311 868 1
317 868 1
323 868 1
329 868 1
335 868 1
341 868 1
347 868 1
353 868 1
359 868 1
359 862 1
353 862 1
347 862 1
341 862 1
335 862 1
329 862 1
323 862 1
317 862 1
311 862 2
305 862 2
299 862 2
293 862 2
293 856 2
299 856 2
305 856 2
311 856 2
317 856 2
323 856 2
329 856 2
335 856 2
341 856 2
347 856 2
353 856 2
359 856 2
359 850 2
353 850 2
347 850 2
341 850 2
335 850 2
329 850 2
323 850 2
317 850 2
311 850 2
305 850 2
299 850 2
293 850 2
293 844 2
299 844 2
305 844 2
311 844 2
317 844 2
323 844 2
329 844 2
335 844 2
341 844 2
347 844 2
353 844 2
359 844 2
359 838 3
353 838 3
347 838 3
341 838 3
335 838 3
329 838 3
323 838 3
317 838 3
311 838 3
305 838 3
299 838 3
293 838 3
293 832 3
299 832 3
305 832 3
311 832 3
317 832 3
323 832 3
329 832 3
335 832 3
341 832 3
347 832 3
353 832 3
359 832 3
359 826 3
353 826 3
347 826 3
341 826 3
335 826 3
329 826 3
323 826 3
317 826 3
311 826 3
305 826 3
299 826 3
293 826 3
293 820 3
299 820 3
305 820 3
311 820 3
317 820 4
323 820 4
329 820 4
335 820 4
341 820 4
347 820 4
353 820 4
359 820 4
359 814 4
353 814 4
347 814 4
341 814 4
335 814 4
329 814 4
323 814 4
317 814 4
311 814 4
305 814 4
299 814 4
293 814 4
293 808 4
299 808 4
305 808 4
311 808 4
317 808 4
323 808 4
329 808 4
335 808 4
341 808 4
347 808 4
353 808 4
359 808 4
359 802 4
353 802 4
347 802 4
341 802 4
335 802 4
329 802 4
323 802 4
317 802 4
311 802 5
305 802 5
299 802 5
293 802 5
293 796 5
299 796 5
305 796 5
311 796 5
317 796 5
323 796 5
329 796 5
335 796 5
341 796 5
347 796 5
353 796 5
359 796 5
359 790 5
353 790 5
347 790 5
341 790 5
335 790 5
329 790 5
323 790 5
317 790 5
311 790 5
305 790 5
299 790 5
293 790 5
293 784 5
299 784 5
305 784 5
311 784 5
317 784 5
323 784 5
329 784 5
335 784 5
341 784 5
347 784 5
353 784 5
359 784 5
359 778 6
353 778 6
347 778 6
341 778 6
335 778 6
329 778 6
323 778 6
317 778 6
311 778 6
305 778 6
299 778 6
293 778 6
215 772 6
221 772 6
227 772 6
233 772 6
239 772 6
245 772 6
251 772 6
257 772 6
263 772 6
269 772 6
275 772 6
281 772 6
287 772 6
293 772 6
299 772 6
305 772 6
311 772 6
317 772 6
323 772 6
329 772 6
335 772 6
341 772 6
347 772 6
353 772 6
359 772 6
359 766 6
353 766 6
347 766 6
341 766 7
335 766 7
329 766 7
323 766 7
317 766 7
311 766 7
305 766 7
299 766 7
293 766 7
287 766 7
281 766 7
275 766 7
269 766 7
263 766 7
257 766 7
251 766 7
245 766 7
239 766 7
233 766 7
227 766 7
221 766 7
215 766 7
215 760 7
221 760 7
227 760 7
233 760 7
239 760 7
245 760 7
251 760 7
257 760 7
263 760 7
269 760 7
275 760 7
281 760 7
287 760 7
293 760 7
299 760 7
305 760 7
311 760 7
317 760 7
323 760 8
329 760 8
335 760 8
341 760 8
347 760 8
353 760 8
359 760 8
359 754 8
353 754 8
347 754 8
341 754 8
335 754 8
329 754 8
323 754 8
317 754 8
311 754 8
305 754 8
299 754 8
293 754 8
287 754 8
281 754 8
275 754 8
269 754 8
263 754 8
257 754 8
251 754 8
245 754 8
239 754 8
233 754 8
227 754 8
221 754 8
215 754 8
215 748 8
221 748 8
227 748 8
233 748 8
239 748 8
245 748 8
251 748 8
257 748 8
263 748 9
269 748 9
275 748 9
281 748 9
287 748 9
293 748 9
299 748 9
305 748 9
311 748 9
317 748 9
323 748 9
329 748 9
335 748 9
341 748 9
347 748 9
353 748 9
359 748 9
359 742 9
353 742 9
347 742 9
341 742 9
335 742 9
329 742 9
323 742 9
317 742 9
311 742 9
305 742 9
299 742 9
293 742 9
287 742 9
281 742 9
275 742 9
269 742 9
263 742 9
257 742 9
251 742 9
245 742 9
239 742 9
233 742 9
227 742 9
221 742 10
215 742 10
215 736 10
221 736 10
227 736 10
233 736 10
239 736 10
245 736 10
251 736 10
257 736 10
263 736 10
269 736 10
275 736 10
281 736 10
287 736 10
293 736 10
299 736 10
305 736 10
311 736 10
317 736 10
323 736 10
329 736 10
335 736 10
341 736 10
347 736 10
353 736 10
359 736 10
359 730 10
353 730 10
347 730 10
341 730 10
335 730 10
329 730 10
323 730 10
317 730 10
311 730 10
305 730 10
299 730 10
293 730 10
287 730 10
281 730 11
275 730 11
269 730 11
263 730 11
257 730 11
251 730 11
245 730 11
239 730 11
233 730 11
227 730 11
221 730 11
215 730 11
215 724 11
221 724 11
227 724 11
233 724 11
239 724 11
245 724 11
251 724 11
257 724 11
263 724 11
269 724 11
275 724 11
281 724 11
287 724 11
293 724 11
299 724 11
305 724 11
311 724 11
317 724 11
323 724 11
329 724 11
335 724 11
341 724 11
347 724 11
353 724 11
359 724 11
359 718 11
353 718 11
347 718 11
341 718 12
335 718 12
329 718 12
323 718 12
317 718 12
311 718 12
305 718 12
299 718 12
293 718 12
287 718 12
281 718 12
275 718 12
269 718 12
263 718 12
257 718 12
251 718 12
245 718 12
239 718 12
233 718 12
227 718 12
221 718 12
215 718 12
215 712 12
221 712 12
227 712 12
233 712 12
239 712 12
245 712 12
251 712 12
257 712 12
263 712 12
269 712 12
275 712 12
281 712 12
287 712 12
293 712 12
299 712 12
305 712 12
311 712 12
317 712 12
323 712 13
329 712 13
335 712 13
341 712 13
347 712 13
353 712 13
359 712 13
359 706 13
353 706 13
347 706 13
341 706 13
335 706 13
329 706 13
323 706 13
317 706 13
311 706 13
305 706 13
299 706 13
293 706 13
287 706 13
281 706 13
275 706 13
269 706 13
263 706 13
257 706 13
251 706 13
245 706 13
239 706 13
233 706 13
227 706 13
221 706 13
215 706 13
215 700 13
221 700 13
227 700 13
233 700 13
239 700 13
245 700 13
251 700 13
257 700 13
263 700 14
269 700 14
275 700 14
281 700 14
287 700 14
293 700 14
299 700 14
305 700 14
311 700 14
317 700 14
323 700 14
329 700 14
335 700 14
341 700 14
347 700 14
353 700 14
359 700 14
359 694 14
353 694 14
347 694 14
341 694 14
335 694 14
329 694 14
323 694 14
317 694 14
311 694 14
305 694 14
299 694 14
293 694 14
287 694 14
281 694 14
275 694 14
269 694 14
263 694 14
257 694 14
251 694 14
245 694 14
239 694 14
233 694 14
227 694 14
221 694 15
215 694 15
215 688 15
221 688 15
227 688 15
233 688 15
239 688 15
245 688 15
251 688 15
257 688 15
263 688 15
269 688 15
275 688 15
281 688 15
287 688 15
293 688 15
299 688 15
305 688 15
311 688 15
317 688 15
323 688 15
329 688 15
335 688 15
341 688 15
347 688 15
353 688 15
359 688 15
359 682 15
353 682 15
347 682 15
341 682 15
335 682 15
329 682 15
323 682 15
317 682 15
311 682 15
305 682 15
299 682 15
293 682 15
287 682 15
281 682 16
275 682 16
269 682 16
263 682 16
257 682 16
251 682 16
245 682 16
239 682 16
233 682 16
227 682 16
221 682 16
215 682 16
215 676 16
221 676 16
227 676 16
233 676 16
239 676 16
245 676 16
251 676 16
257 676 16
263 676 16
269 676 16
275 676 16
281 676 16
287 676 16
293 676 16
299 676 16
305 676 16
311 676 16
317 676 16
323 676 16
329 676 16
335 676 16
341 676 16
347 676 16
353 676 16
359 676 16
359 670 16
353 670 16
347 670 16
341 670 17
335 670 17
329 670 17
323 670 17
317 670 17
311 670 17
305 670 17
299 670 17
293 670 17
287 670 17
281 670 17
275 670 17
269 670 17
263 670 17
257 670 17
251 670 17
245 670 17
239 670 17
233 670 17
227 670 17
221 670 17
215 670 17
215 664 17
221 664 17
227 664 17
233 664 17
239 664 17
245 664 17
251 664 17
257 664 17
263 664 17
269 664 17
275 664 17
281 664 17
287 664 17
293 664 17
299 664 17
305 664 17
311 664 17
317 664 17
323 664 18
329 664 18
335 664 18
341 664 18
347 664 18
353 664 18
359 664 18
359 658 18
353 658 18
347 658 18
341 658 18
335 658 18
329 658 18
323 658 18
317 658 18
311 658 18
305 658 18
299 658 18
293 658 18
287 658 18
281 658 18
275 658 18
269 658 18
263 658 18
257 658 18
251 658 18
245 658 18
239 658 18
233 658 18
227 658 18
221 658 18
215 658 18
215 652 18
221 652 18
227 652 18
233 652 18
239 652 18
245 652 18
251 652 18
257 652 18
263 652 19
269 652 19
275 652 19
281 652 19
287 652 19
293 652 19
299 652 19
305 652 19
311 652 19
317 652 19
323 652 19
329 652 19
335 652 19
341 652 19
347 652 19
353 652 19
359 652 19
359 646 19
353 646 19
347 646 19
341 646 19
335 646 19
329 646 19
323 646 19
317 646 19
311 646 19
305 646 19
299 646 19
293 646 19
287 646 19
281 646 19
275 646 19
269 646 19
263 646 19
257 646 19
251 646 19
245 646 19
239 646 19
233 646 19
227 646 19
221 646 20
215 646 20
215 640 20
221 640 20
227 640 20
233 640 20
239 640 20
245 640 20
251 640 20
257 640 20
263 640 20
269 640 20
275 640 20
281 640 20
287 640 20
293 640 20
299 640 20
305 640 20
311 640 20
317 640 20
323 640 20
329 640 20
335 640 20
341 640 20
347 640 20
353 640 20
359 640 20
359 634 20
353 634 20
347 634 20
341 634 20
335 634 20
329 634 20
323 634 20
317 634 20
311 634 20
305 634 20
299 634 20
293 634 20
287 634 20
281 634 21
275 634 21
269 634 21
263 634 21
257 634 21
251 634 21
245 634 21
239 634 21
233 634 21
227 634 21
221 634 21
215 634 21
215 628 21
221 628 21
227 628 21
233 628 21
239 628 21
245 628 21
251 628 21
257 628 21
263 628 21
269 628 21
275 628 21
281 628 21
287 628 21
293 628 21
299 628 21
305 628 21
311 628 21
317 628 21
323 628 21
329 628 21
335 628 21
341 628 21
347 628 21
353 628 21
359 628 21
359 622 21
353 622 21
347 622 21
341 622 22
335 622 22
329 622 22
323 622 22
317 622 22
311 622 22
305 622 22
299 622 22
293 622 22
287 622 22
281 622 22
275 622 22
269 622 22
263 622 22
257 622 22
251 622 22
245 622 22
239 622 22
233 622 22
227 622 22
221 622 22
215 622 22
215 616 22
221 616 22
227 616 22
233 616 22
239 616 22
245 616 22
251 616 22
257 616 22
263 616 22
269 616 22
275 616 22
281 616 22
287 616 22
293 616 22
299 616 22
305 616 22
311 616 22
317 616 22
323 616 23
329 616 23
335 616 23
341 616 23
347 616 23
353 616 23
359 616 23
359 610 23
353 610 23
347 610 23
341 610 23
335 610 23
329 610 23
323 610 23
317 610 23
311 610 23
305 610 23
299 610 23
293 610 23
287 610 23
281 610 23
275 610 23
269 610 23
263 610 23
257 610 23
251 610 23
245 610 23
239 610 23
233 610 23
227 610 23
221 610 23
215 610 23
215 604 23
221 604 23
227 604 23
233 604 23
239 604 23
245 604 23
251 604 23
257 604 23
263 604 24
269 604 24
275 604 24
281 604 24
287 604 24
293 604 24
299 604 24
305 604 24
311 604 24
317 604 24
323 604 24
329 604 24
335 604 24
341 604 24
347 604 24
353 604 24
359 604 24
359 598 24
353 598 24
347 598 24
341 598 24
335 598 24
329 598 24
323 598 24
317 598 24
311 598 24
305 598 24
299 598 24
293 598 24
287 598 24
281 598 24
275 598 24
269 598 24
263 598 24
257 598 24
251 598 24
245 598 24
239 598 24
233 598 24
227 598 24
221 598 25
215 598 25
215 592 25
221 592 25
227 592 25
233 592 25
239 592 25
245 592 25
251 592 25
257 592 25
263 592 25
269 592 25
275 592 25
281 592 25
287 592 25
293 592 25
299 592 25
305 592 25
311 592 25
317 592 25
323 592 25
329 592 25
335 592 25
341 592 25
347 592 25
353 592 25
359 592 25
215 586 25
221 586 25
227 586 25
233 586 25
239 586 25
245 586 25
251 586 25
257 586 25
263 586 25
269 586 25
275 586 25
281 586 25
287 586 25
293 586 26
299 586 26
305 586 26
311 586 26
317 586 26
323 586 26
329 586 26
335 586 26
341 586 26
347 586 26
353 586 26
359 586 26
365 586 26
371 586 26
377 586 26
383 586 26
389 586 26
395 586 26
401 586 26
407 586 26
413 586 26
419 586 26
425 586 26
431 586 26
437 586 26
443 586 26
449 586 26
455 586 26
461 586 26
467 586 26
473 586 26
479 586 26
485 586 26
491 586 26
497 586 26
503 586 26
509 586 26
509 592 26
503 592 26
497 592 26
491 592 27
485 592 27
479 592 27
473 592 27
467 592 27
461 592 27
455 592 27
449 592 27
443 592 27
437 592 27
431 592 27
425 592 27
419 592 27
413 592 27
407 592 27
401 592 27
395 592 27
389 592 27
383 592 27
377 592 27
371 592 27
365 592 27
365 598 27
371 598 27
377 598 27
383 598 27
389 598 27
395 598 27
401 598 27
407 598 27
413 598 27
419 598 27
425 598 27
431 598 27
437 598 27
443 598 27
449 598 27
455 598 27
461 598 27
467 598 27
473 598 28
479 598 28
485 598 28
491 598 28
497 598 28
503 598 28
509 598 28
509 604 28
503 604 28
497 604 28
491 604 28
485 604 28
479 604 28
473 604 28
467 604 28
461 604 28
455 604 28
449 604 28
443 604 28
437 604 28
431 604 28
425 604 28
419 604 28
413 604 28
407 604 28
401 604 28
395 604 28
389 604 28
383 604 28
377 604 28
371 604 28
365 604 28
365 610 28
371 610 28
377 610 28
383 610 28
389 610 28
395 610 28
401 610 28
407 610 28
413 610 29
419 610 29
425 610 29
431 610 29
437 610 29
443 610 29
449 610 29
455 610 29
461 610 29
467 610 29
473 610 29
479 610 29
485 610 29
491 610 29
497 610 29
503 610 29
509 610 29
509 616 29
503 616 29
497 616 29
491 616 29
485 616 29
479 616 29
473 616 29
467 616 29
461 616 29
455 616 29
449 616 29
443 616 29
437 616 29
431 616 29
425 616 29
419 616 29
413 616 29
407 616 29
401 616 29
395 616 29
389 616 29
383 616 29
377 616 29
371 616 30
365 616 30
365 622 30
371 622 30
377 622 30
383 622 30
389 622 30
395 622 30
401 622 30
407 622 30
413 622 30
419 622 30
425 622 30
431 622 30
437 622 30
443 622 30
449 622 30
455 622 30
461 622 30
467 622 30
473 622 30
479 622 30
485 622 30
491 622 30
497 622 30
503 622 30
509 622 30
509 628 30
503 628 30
497 628 30
491 628 30
485 628 30
479 628 30
473 628 30
467 628 30
461 628 30
455 628 30
449 628 30
443 628 30
437 628 30
431 628 31
425 628 31
419 628 31
413 628 31
407 628 31
401 628 31
395 628 31
389 628 31
383 628 31
377 628 31
371 628 31
365 628 31
365 634 31
371 634 31
377 634 31
383 634 31
389 634 31
395 634 31
401 634 31
407 634 31
413 634 31
419 634 31
425 634 31
431 634 31
437 634 31
443 634 31
449 634 31
455 634 31
461 634 31
467 634 31
473 634 31
479 634 31
485 634 31
491 634 31
497 634 31
503 634 31
509 634 31
509 640 31
503 640 31
497 640 31
491 640 32
485 640 32
479 640 32
473 640 32
467 640 32
461 640 32
455 640 32
449 640 32
443 640 32
437 640 32
431 640 32
425 640 32
419 640 32
413 640 32
407 640 32
401 640 32
395 640 32
389 640 32
383 640 32
377 640 32
371 640 32
365 640 32
365 646 32
371 646 32
377 646 32
383 646 32
389 646 32
395 646 32
401 646 32
407 646 32
413 646 32
419 646 32
425 646 32
431 646 32
437 646 32
443 646 32
449 646 32
455 646 32
461 646 32
467 646 32
473 646 33
479 646 33
485 646 33
491 646 33
497 646 33
503 646 33
509 646 33
509 652 33
503 652 33
497 652 33
491 652 33
485 652 33
479 652 33
473 652 33
467 652 33
461 652 33
455 652 33
449 652 33
443 652 33
437 652 33
431 652 33
425 652 33
419 652 33
413 652 33
407 652 33
401 652 33
395 652 33
389 652 33
383 652 33
377 652 33
371 652 33
365 652 33
365 658 33
371 658 33
377 658 33
383 658 33
389 658 33
395 658 33
401 658 33
407 658 33
413 658 34
419 658 34
425 658 34
431 658 34
437 658 34
443 658 34
449 658 34
455 658 34
461 658 34
467 658 34
473 658 34
479 658 34
485 658 34
491 658 34
497 658 34
503 658 34
509 658 34
509 664 34
503 664 34
497 664 34
491 664 34
485 664 34
479 664 34
473 664 34
467 664 34
461 664 34
455 664 34
449 664 34
443 664 34
437 664 34
431 664 34
425 664 34
419 664 34
413 664 34
407 664 34
401 664 34
395 664 34
389 664 34
383 664 34
377 664 34
371 664 35
365 664 35
365 670 35
371 670 35
377 670 35
383 670 35
389 670 35
395 670 35
401 670 35
407 670 35
413 670 35
419 670 35
425 670 35
431 670 35
437 670 35
443 670 35
449 670 35
455 670 35
461 670 35
467 670 35
473 670 35
479 670 35
485 670 35
491 670 35
497 670 35
503 670 35
509 670 35
509 676 35
503 676 35
497 676 35
491 676 35
485 676 35
479 676 35
473 676 35
467 676 35
461 676 35
455 676 35
449 676 35
443 676 35
437 676 35
431 676 36
425 676 36
419 676 36
413 676 36
407 676 36
401 676 36
395 676 36
389 676 36
383 676 36
377 676 36
371 676 36
365 676 36
365 682 36
371 682 36
377 682 36
383 682 36
389 682 36
395 682 36
401 682 36
407 682 36
413 682 36
419 682 36
425 682 36
431 682 36
437 682 36
443 682 36
449 682 36
455 682 36
461 682 36
467 682 36
473 682 36
479 682 36
485 682 36
491 682 36
497 682 36
503 682 36
509 682 36
509 688 36
503 688 36
497 688 36
491 688 37
485 688 37
479 688 37
473 688 37
467 688 37
461 688 37
455 688 37
449 688 37
443 688 37
437 688 37
431 688 37
425 688 37
419 688 37
413 688 37
407 688 37
401 688 37
395 688 37
389 688 37
383 688 37
377 688 37
371 688 37
365 688 37
365 694 37
371 694 37
377 694 37
383 694 37
389 694 37
395 694 37
401 694 37
407 694 37
413 694 37
419 694 37
425 694 37
431 694 37
437 694 37
443 694 37
449 694 37
455 694 37
461 694 37
467 694 37
473 694 38
479 694 38
485 694 38
491 694 38
497 694 38
503 694 38
509 694 38
509 700 38
503 700 38
497 700 38
491 700 38
485 700 38
479 700 38
473 700 38
467 700 38
461 700 38
455 700 38
449 700 38
443 700 38
437 700 38
431 700 38
425 700 38
419 700 38
413 700 38
407 700 38
401 700 38
395 700 38
389 700 38
383 700 38
377 700 38
371 700 38
365 700 38
365 706 38
371 706 38
377 706 38
383 706 38
389 706 38
395 706 38
401 706 38
407 706 38
413 706 39
419 706 39
425 706 39
431 706 39
437 706 39
443 706 39
449 706 39
455 706 39
461 706 39
467 706 39
473 706 39
479 706 39
485 706 39
491 706 39
497 706 39
503 706 39
509 706 39
509 712 39
503 712 39
497 712 39
491 712 39
485 712 39
479 712 39
473 712 39
467 712 39
461 712 39
455 712 39
449 712 39
443 712 39
437 712 39
431 712 39
425 712 39
419 712 39
413 712 39
407 712 39
401 712 39
395 712 39
389 712 39
383 712 39
377 712 39
371 712 40
365 712 40
365 718 40
371 718 40
377 718 40
383 718 40
389 718 40
395 718 40
401 718 40
407 718 40
413 718 40
419 718 40
425 718 40
431 718 40
437 718 40
443 718 40
449 718 40
455 718 40
461 718 40
467 718 40
473 718 40
479 718 40
485 718 40
491 718 40
497 718 40
503 718 40
509 718 40
509 724 40
503 724 40
497 724 40
491 724 40
485 724 40
479 724 40
473 724 40
467 724 40
461 724 40
455 724 40
449 724 40
443 724 40
437 724 40
431 724 41
425 724 41
419 724 41
413 724 41
407 724 41
401 724 41
395 724 41
389 724 41
383 724 41
377 724 41
371 724 41
365 724 41
365 730 41
371 730 41
377 730 41
383 730 41
389 730 41
395 730 41
401 730 41
407 730 41
413 730 41
419 730 41
425 730 41
431 730 41
437 730 41
443 730 41
449 730 41
455 730 41
461 730 41
467 730 41
473 730 41
479 730 41
485 730 41
491 730 41
497 730 41
503 730 41
509 730 41
509 736 41
503 736 41
497 736 41
491 736 42
485 736 42
479 736 42
473 736 42
467 736 42
461 736 42
455 736 42
449 736 42
443 736 42
437 736 42
431 736 42
425 736 42
419 736 42
413 736 42
407 736 42
401 736 42
395 736 42
389 736 42
383 736 42
377 736 42
371 736 42
365 736 42
365 742 42
371 742 42
377 742 42
383 742 42
389 742 42
395 742 42
401 742 42
407 742 42
413 742 42
419 742 42
425 742 42
431 742 42
437 742 42
443 742 42
449 742 42
455 742 42
461 742 42
467 742 42
473 742 43
479 742 43
485 742 43
491 742 43
497 742 43
503 742 43
509 742 43
509 748 43
503 748 43
497 748 43
491 748 43
485 748 43
479 748 43
473 748 43
467 748 43
461 748 43
455 748 43
449 748 43
443 748 43
437 748 43
431 748 43
425 748 43
419 748 43
413 748 43
407 748 43
401 748 43
395 748 43
389 748 43
383 748 43
377 748 43
371 748 43
365 748 43
365 754 43
371 754 43
377 754 43
383 754 43
389 754 43
395 754 43
401 754 43
407 754 43
413 754 44
419 754 44
425 754 44
431 754 44
437 754 44
443 754 44
449 754 44
455 754 44
461 754 44
467 754 44
473 754 44
479 754 44
485 754 44
491 754 44
497 754 44
503 754 44
509 754 44
509 760 44
503 760 44
497 760 44
491 760 44
485 760 44
479 760 44
473 760 44
467 760 44
461 760 44
455 760 44
449 760 44
443 760 44
437 760 44
431 760 44
425 760 44
419 760 44
413 760 44
407 760 44
401 760 44
395 760 44
389 760 44
383 760 44
377 760 44
371 760 45
365 760 45
365 766 45
371 766 45
377 766 45
383 766 45
389 766 45
395 766 45
401 766 45
407 766 45
413 766 45
419 766 45
425 766 45
431 766 45
437 766 45
443 766 45
449 766 45
455 766 45
461 766 45
467 766 45
473 766 45
479 766 45
485 766 45
491 766 45
497 766 45
503 766 45
509 766 45
509 772 45
503 772 45
497 772 45
491 772 45
485 772 45
479 772 45
473 772 45
467 772 45
461 772 45
455 772 45
449 772 45
443 772 45
437 772 45
431 772 46
425 772 46
419 772 46
413 772 46
407 772 46
401 772 46
395 772 46
389 772 46
383 772 46
377 772 46
371 772 46
365 772 46
365 778 46
371 778 46
377 778 46
383 778 46
389 778 46
395 778 46
401 778 46
407 778 46
413 778 46
419 778 46
425 778 46
431 778 46
437 778 46
443 778 46
449 778 46
455 778 46
461 778 46
467 778 46
473 778 46
479 778 46
485 778 46
491 778 46
497 778 46
503 778 46
509 778 46
509 784 46
503 784 46
497 784 46
491 784 47
485 784 47
479 784 47
473 784 47
467 784 47
461 784 47
455 784 47
449 784 47
443 784 47
437 784 47
431 784 47
425 784 47
419 784 47
413 784 47
407 784 47
401 784 47
395 784 47
389 784 47
383 784 47
377 784 47
371 784 47
365 784 47
365 790 47
371 790 47
377 790 47
383 790 47
389 790 47
395 790 47
401 790 47
407 790 47
413 790 47
419 790 47
425 790 47
431 790 47
437 790 47
443 790 47
449 790 47
455 790 47
461 790 47
467 790 47
473 790 48
479 790 48
485 790 48
491 790 48
497 790 48
503 790 48
509 790 48
509 796 48
503 796 48
497 796 48
491 796 48
485 796 48
479 796 48
473 796 48
467 796 48
461 796 48
455 796 48
449 796 48
443 796 48
437 796 48
431 796 48
425 796 48
419 796 48
413 796 48
407 796 48
401 796 48
395 796 48
389 796 48
383 796 48
377 796 48
371 796 48
365 796 48
365 802 48
371 802 48
377 802 48
383 802 48
389 802 48
395 802 48
401 802 48
407 802 48
413 802 49
419 802 49
425 802 49
431 802 49
437 802 49
443 802 49
449 802 49
455 802 49
461 802 49
467 802 49
473 802 49
479 802 49
485 802 49
491 802 49
497 802 49
503 802 49
509 802 49
509 808 49
503 808 49
497 808 49
491 808 49
485 808 49
479 808 49
473 808 49
467 808 49
461 808 49
455 808 49
449 808 49
443 808 49
437 808 49
431 808 49
425 808 49
419 808 49
413 808 49
407 808 49
401 808 49
395 808 49
389 808 49
383 808 49
377 808 49
371 808 50
365 808 50
365 814 50
371 814 50
377 814 50
383 814 50
389 814 50
395 814 50
401 814 50
407 814 50
413 814 50
419 814 50
425 814 50
431 814 50
437 814 50
443 814 50
449 814 50
455 814 50
461 814 50
467 814 50
473 814 50
479 814 50
485 814 50
491 814 50
497 814 50
503 814 50
509 814 50
509 820 50
503 820 50
497 820 50
491 820 50
485 820 50
479 820 50
473 820 50
467 820 50
461 820 50
455 820 50
449 820 50
443 820 50
437 820 50
431 820 51
425 820 51
419 820 51
413 820 51
407 820 51
401 820 51
395 820 51
389 820 51
383 820 51
377 820 51
371 820 51
365 820 51
365 826 51
371 826 51
377 826 51
383 826 51
389 826 51
395 826 51
401 826 51
407 826 51
413 826 51
419 826 51
425 826 51
431 826 51
437 826 51
443 826 51
449 826 51
455 826 51
461 826 51
467 826 51
473 826 51
479 826 51
485 826 51
491 826 51
497 826 51
503 826 51
509 826 51
509 832 51
503 832 51
497 832 51
491 832 52
485 832 52
479 832 52
473 832 52
467 832 52
461 832 52
455 832 52
449 832 52
443 832 52
437 832 52
431 832 52
425 832 52
419 832 52
413 832 52
407 832 52
401 832 52
395 832 52
389 832 52
383 832 52
377 832 52
371 832 52
365 832 52
365 838 52
371 838 52
377 838 52
383 838 52
389 838 52
395 838 52
401 838 52
407 838 52
413 838 52
419 838 52
425 838 52
431 838 52
437 838 52
443 838 52
449 838 52
455 838 52
461 838 52
467 838 52
473 838 53
479 838 53
485 838 53
491 838 53
497 838 53
503 838 53
509 838 53
509 844 53
503 844 53
497 844 53
491 844 53
485 844 53
479 844 53
473 844 53
467 844 53
461 844 53
455 844 53
449 844 53
443 844 53
437 844 53
431 844 53
425 844 53
419 844 53
413 844 53
407 844 53
401 844 53
395 844 53
389 844 53
383 844 53
377 844 53
371 844 53
365 844 53
365 850 53
371 850 53
377 850 53
383 850 53
389 850 53
395 850 53
401 850 53
407 850 53
413 850 54
419 850 54
425 850 54
431 850 54
437 850 54
443 850 54
449 850 54
455 850 54
461 850 54
467 850 54
473 850 54
479 850 54
485 850 54
491 850 54
497 850 54
503 850 54
509 850 54
509 856 54
503 856 54
497 856 54
491 856 54
485 856 54
479 856 54
473 856 54
467 856 54
461 856 54
455 856 54
449 856 54
443 856 54
437 856 54
431 856 54
425 856 54
419 856 54
413 856 54
407 856 54
401 856 54
395 856 54
389 856 54
383 856 54
377 856 54
371 856 55
365 856 55
365 862 55
371 862 55
377 862 55
383 862 55
389 862 55
395 862 55
401 862 55
407 862 55
413 862 55
419 862 55
425 862 55
431 862 55
437 862 55
443 862 55
449 862 55
455 862 55
461 862 55
467 862 55
473 862 55
479 862 55
485 862 55
491 862 55
497 862 55
503 862 55
509 862 55
509 868 55
503 868 55
497 868 55
491 868 55
485 868 55
479 868 55
473 868 55
467 868 55
461 868 55
455 868 55
449 868 55
443 868 55
437 868 55
431 868 56
425 868 56
419 868 56
413 868 56
407 868 56
401 868 56
395 868 56
389 868 56
383 868 56
377 868 56
371 868 56
365 868 56
365 874 56
371 874 56
377 874 56
383 874 56
389 874 56
395 874 56
401 874 56
407 874 56
413 874 56
419 874 56
425 874 56
431 874 56
437 874 56
443 874 56
449 874 56
455 874 56
461 874 56
467 874 56
473 874 56
479 874 56
485 874 56
491 874 56
497 874 56
503 874 56
509 874 56
509 880 56
503 880 56
497 880 56
491 880 57
485 880 57
479 880 57
473 880 57
467 880 57
461 880 57
455 880 57
449 880 57
443 880 57
437 880 57
431 880 57
425 880 57
419 880 57
413 880 57
407 880 57
401 880 57
395 880 57
389 880 57
383 880 57
377 880 57
371 880 57
365 880 57
365 886 57
371 886 57
377 886 57
383 886 57
389 886 57
395 886 57
401 886 57
407 886 57
413 886 57
419 886 57
425 886 57
431 886 57
437 886 57
443 886 57
449 886 57
455 886 57
461 886 57
467 886 57
473 886 58
479 886 58
485 886 58
491 886 58
497 886 58
503 886 58
509 886 58
509 892 58
503 892 58
497 892 58
491 892 58
485 892 58
479 892 58
473 892 58
467 892 58
461 892 58
455 892 58
449 892 58
443 892 58
437 892 58
431 892 58
425 892 58
419 892 58
413 892 58
407 892 58
401 892 58
395 892 58
389 892 58
383 892 58
377 892 58
371 892 58
365 892 58
365 898 58
371 898 58
377 898 58
383 898 58
389 898 58
395 898 58
401 898 58
407 898 58
413 898 59
419 898 59
425 898 59
431 898 59
437 898 59
443 898 59
449 898 59
455 898 59
461 898 59
467 898 59
473 898 59
479 898 59
485 898 59
491 898 59
497 898 59
503 898 59
509 898 59
509 904 59
503 904 59
497 904 59
491 904 59
485 904 59
479 904 59
473 904 59
467 904 59
461 904 59
461 910 59
467 910 59
473 910 59
479 910 59
485 910 59
491 910 59
497 910 59
503 910 59
509 910 59
509 916 59
503 916 59
497 916 59
491 916 59
485 916 59
479 916 60
473 916 60
467 916 60
461 916 60
461 922 60
467 922 60
473 922 60
479 922 60
485 922 60
491 922 60
497 922 60
503 922 60
509 922 60
509 928 60
503 928 60
497 928 60
491 928 60
485 928 60
479 928 60
473 928 60
467 928 60
461 928 60
461 934 60
467 934 60
473 934 60
479 934 60
485 934 60
491 934 60
497 934 60
503 934 60
509 934 60
509 940 60
503 940 60
497 940 60
491 940 60
485 940 60
479 940 60
473 940 60
467 940 60
461 940 60
461 946 61
467 946 61
473 946 61
479 946 61
485 946 61
491 946 61
497 946 61
503 946 61
509 946 61
509 952 61
503 952 61
497 952 61
491 952 61
485 952 61
479 952 61
473 952 61
467 952 61
461 952 61
461 958 61
467 958 61
473 958 61
479 958 61
485 958 61
491 958 61
497 958 61
503 958 61
509 958 61
509 964 61
503 964 61
497 964 61
491 964 61
485 964 61
479 964 61
473 964 61
467 964 61
461 964 61
461 970 61
467 970 61
473 970 61
479 970 61
485 970 62
491 970 62
497 970 62
503 970 62
509 970 62
509 976 62
503 976 62
497 976 62
491 976 62
485 976 62
479 976 62
473 976 62
467 976 62
461 976 62
461 982 62
467 982 62
473 982 62
479 982 62
485 982 62
491 982 62
497 982 62
503 982 62
509 982 62
509 988 62
503 988 62
497 988 62
491 988 62
485 988 62
479 988 62
473 988 62
467 988 62
461 988 62
461 994 62
467 994 62
473 994 62
479 994 62
485 994 62
491 994 62
497 994 62
503 994 62
509 994 63
509 1000 63
503 1000 63
497 1000 63
491 1000 63
485 1000 63
479 1000 63
473 1000 63
467 1000 63
461 1000 63
461 1006 63
467 1006 63
473 1006 63
479 1006 63
485 1006 63
491 1006 63
497 1006 63
503 1006 63
509 1006 63
509 1012 63
503 1012 63
497 1012 63
491 1012 63
485 1012 63
479 1012 63
473 1012 63
467 1012 63
461 1012 63
461 1018 63
467 1018 63
473 1018 63
479 1018 63
485 1018 63
491 1018 63
497 1018 63
503 1018 63
509 1018 63
461 1024 63
467 1024 63
473 1024 63
479 1024 64
485 1024 64
491 1024 64
497 1024 64
503 1024 64
509 1024 64
515 1024 64
521 1024 64
527 1024 64
533 1024 64
539 1024 64
545 1024 64
551 1024 64
557 1024 64
563 1024 64
569 1024 64
575 1024 64
581 1024 64
587 1024 64
593 1024 64
599 1024 64
605 1024 64
611 1024 64
617 1024 64
623 1024 64
629 1024 64
635 1024 64
641 1024 64
641 1018 64
635 1018 64
629 1018 64
623 1018 64
617 1018 64
611 1018 64
605 1018 64
599 1018 64
593 1018 64
587 1018 64
581 1018 64
575 1018 64
569 1018 65
563 1018 65
557 1018 65
551 1018 65
545 1018 65
539 1018 65
533 1018 65
527 1018 65
521 1018 65
515 1018 65
515 1012 65
521 1012 65
527 1012 65
533 1012 65
539 1012 65
545 1012 65
551 1012 65
557 1012 65
563 1012 65
569 1012 65
575 1012 65
581 1012 65
587 1012 65
593 1012 65
599 1012 65
605 1012 65
611 1012 65
617 1012 65
623 1012 65
629 1012 65
635 1012 65
641 1012 65
641 1006 65
635 1006 65
629 1006 65
623 1006 65
617 1006 65
611 1006 65
605 1006 65
599 1006 65
593 1006 66
587 1006 66
581 1006 66
575 1006 66
569 1006 66
563 1006 66
557 1006 66
551 1006 66
545 1006 66
539 1006 66
533 1006 66
527 1006 66
521 1006 66
515 1006 66
515 1000 66
521 1000 66
527 1000 66
533 1000 66
539 1000 66
545 1000 66
551 1000 66
557 1000 66
563 1000 66
569 1000 66
575 1000 66
581 1000 66
587 1000 66
593 1000 66
599 1000 66
605 1000 66
611 1000 66
617 1000 66
623 1000 66
629 1000 66
635 1000 66
641 1000 66
641 994 66
635 994 66
629 994 66
623 994 66
617 994 67
611 994 67
605 994 67
599 994 67
593 994 67
587 994 67
581 994 67
575 994 67
569 994 67
563 994 67
557 994 67
551 994 67
545 994 67
539 994 67
533 994 67
527 994 67
521 994 67
515 994 67
515 988 67
521 988 67
527 988 67
533 988 67
539 988 67
545 988 67
551 988 67
557 988 67
563 988 67
569 988 67
575 988 67
581 988 67
587 988 67
593 988 67
599 988 67
605 988 67
611 988 67
617 988 67
623 988 67
629 988 67
635 988 67
641 988 67
641 982 68
635 982 68
629 982 68
623 982 68
617 982 68
611 982 68
605 982 68
599 982 68
593 982 68
587 982 68
581 982 68
575 982 68
569 982 68
563 982 68
557 982 68
551 982 68
545 982 68
539 982 68
533 982 68
527 982 68
521 982 68
515 982 68
515 976 68
521 976 68
527 976 68
533 976 68
539 976 68
545 976 68
551 976 68
557 976 68
563 976 68
569 976 68
575 976 68
581 976 68
587 976 68
593 976 68
599 976 68
605 976 68
611 976 68
617 976 68
623 976 69
629 976 69
635 976 69
641 976 69
641 970 69
635 970 69
629 970 69
623 970 69
617 970 69
611 970 69
605 970 69
599 970 69
593 970 69
587 970 69
581 970 69
575 970 69
569 970 69
563 970 69
557 970 69
551 970 69
545 970 69
539 970 69
533 970 69
527 970 69
521 970 69
515 970 69
515 964 69
521 964 69
527 964 69
533 964 69
539 964 69
545 964 69
551 964 69
557 964 69
563 964 69
569 964 69
575 964 69
581 964 69
587 964 69
593 964 69
599 964 70
605 964 70
611 964 70
617 964 70
623 964 70
629 964 70
635 964 70
641 964 70
641 958 70
635 958 70
629 958 70
623 958 70
617 958 70
611 958 70
605 958 70
599 958 70
593 958 70
587 958 70
581 958 70
575 958 70
569 958 70
563 958 70
557 958 70
551 958 70
545 958 70
539 958 70
533 958 70
527 958 70
521 958 70
515 958 70
515 952 70
521 952 70
527 952 70
533 952 70
539 952 70
545 952 70
551 952 70
557 952 70
563 952 70
569 952 70
575 952 71
581 952 71
587 952 71
593 952 71
599 952 71
605 952 71
611 952 71
617 952 71
623 952 71
629 952 71
635 952 71
641 952 71
641 946 71
635 946 71
629 946 71
623 946 71
617 946 71
611 946 71
605 946 71
599 946 71
593 946 71
587 946 71
581 946 71
575 946 71
569 946 71
563 946 71
557 946 71
551 946 71
545 946 71
539 946 71
533 946 71
527 946 71
521 946 71
515 946 71
515 940 71
521 940 71
527 940 71
533 940 71
539 940 71
545 940 71
551 940 72
557 940 72
563 940 72
569 940 72
575 940 72
581 940 72
587 940 72
593 940 72
599 940 72
605 940 72
611 940 72
617 940 72
623 940 72
629 940 72
635 940 72
641 940 72
641 934 72
635 934 72
629 934 72
623 934 72
617 934 72
611 934 72
605 934 72
599 934 72
593 934 72
587 934 72
581 934 72
575 934 72
569 934 72
563 934 72
557 934 72
551 934 72
545 934 72
539 934 72
533 934 72
527 934 72
521 934 72
515 934 72
515 928 72
521 928 72
527 928 73
533 928 73
539 928 73
545 928 73
551 928 73
557 928 73
563 928 73
569 928 73
575 928 73
581 928 73
587 928 73
593 928 73
599 928 73
605 928 73
611 928 73
617 928 73
623 928 73
629 928 73
635 928 73
641 928 73
641 922 73
635 922 73
629 922 73
623 922 73
617 922 73
611 922 73
605 922 73
599 922 73
593 922 73
587 922 73
581 922 73
575 922 73
569 922 73
563 922 73
557 922 73
551 922 73
545 922 73
539 922 73
533 922 73
527 922 73
521 922 74
515 922 74
515 916 74
521 916 74
527 916 74
533 916 74
539 916 74
545 916 74
551 916 74
557 916 74
563 916 74
569 916 74
575 916 74
581 916 74
587 916 74
593 916 74
599 916 74
605 916 74
611 916 74
617 916 74
623 916 74
629 916 74
635 916 74
641 916 74
641 910 74
635 910 74
629 910 74
623 910 74
617 910 74
611 910 74
605 910 74
599 910 74
593 910 74
587 910 74
581 910 74
575 910 74
569 910 74
563 910 74
557 910 74
551 910 74
545 910 75
539 910 75
533 910 75
527 910 75
521 910 75
515 910 75
515 904 75
521 904 75
527 904 75
533 904 75
539 904 75
545 904 75
551 904 75
557 904 75
563 904 75
569 904 75
575 904 75
581 904 75
587 904 75
593 904 75
599 904 75
605 904 75
611 904 75
617 904 75
623 904 75
629 904 75
635 904 75
641 904 75
641 898 75
635 898 75
629 898 75
623 898 75
617 898 75
611 898 75
605 898 75
599 898 75
593 898 75
587 898 75
581 898 75
575 898 75
569 898 76
563 898 76
557 898 76
551 898 76
545 898 76
539 898 76
533 898 76
527 898 76
521 898 76
515 898 76
515 892 76
521 892 76
527 892 76
533 892 76
539 892 76
545 892 76
551 892 76
557 892 76
563 892 76
569 892 76
575 892 76
581 892 76
587 892 76
593 892 76
599 892 76
605 892 76
611 892 76
617 892 76
623 892 76
629 892 76
635 892 76
641 892 76
641 886 76
635 886 76
629 886 76
623 886 76
617 886 76
611 886 76
605 886 76
599 886 76
593 886 77
587 886 77
581 886 77
575 886 77
569 886 77
563 886 77
557 886 77
551 886 77
545 886 77
539 886 77
533 886 77
527 886 77
521 886 77
515 886 77
515 880 77
521 880 77
527 880 77
533 880 77
539 880 77
545 880 77
551 880 77
557 880 77
563 880 77
569 880 77
575 880 77
581 880 77
587 880 77
593 880 77
599 880 77
605 880 77
611 880 77
617 880 77
623 880 77
629 880 77
635 880 77
641 880 77
641 874 77
635 874 77
629 874 77
623 874 77
617 874 78
611 874 78
605 874 78
599 874 78
593 874 78
587 874 78
581 874 78
575 874 78
569 874 78
563 874 78
557 874 78
551 874 78
545 874 78
539 874 78
533 874 78
527 874 78
521 874 78
515 874 78
515 868 78
521 868 78
527 868 78
533 868 78
539 868 78
545 868 78
551 868 78
557 868 78
563 868 78
569 868 78
575 868 78
581 868 78
587 868 78
593 868 78
599 868 78
605 868 78
611 868 78
617 868 78
623 868 78
629 868 78
635 868 78
641 868 78
641 862 79
635 862 79
629 862 79
623 862 79
617 862 79
611 862 79
605 862 79
599 862 79
593 862 79
587 862 79
581 862 79
575 862 79
569 862 79
563 862 79
557 862 79
551 862 79
545 862 79
539 862 79
533 862 79
527 862 79
521 862 79
515 862 79
515 856 79
521 856 79
527 856 79
533 856 79
539 856 79
545 856 79
551 856 79
557 856 79
563 856 79
569 856 79
575 856 79
581 856 79
587 856 79
593 856 79
599 856 79
605 856 79
611 856 79
617 856 79
623 856 80
629 856 80
635 856 80
641 856 80
641 850 80
635 850 80
629 850 80
623 850 80
617 850 80
611 850 80
605 850 80
599 850 80
593 850 80
587 850 80
581 850 80
575 850 80
569 850 80
563 850 80
557 850 80
551 850 80
545 850 80
539 850 80
533 850 80
527 850 80
521 850 80
515 850 80
515 844 80
521 844 80
527 844 80
533 844 80
539 844 80
545 844 80
551 844 80
557 844 80
563 844 80
569 844 80
575 844 80
581 844 80
587 844 80
593 844 80
599 844 81
605 844 81
611 844 81
617 844 81
623 844 81
629 844 81
635 844 81
641 844 81
641 838 81
635 838 81
629 838 81
623 838 81
617 838 81
611 838 81
605 838 81
599 838 81
593 838 81
587 838 81
581 838 81
575 838 81
569 838 81
563 838 81
557 838 81
551 838 81
545 838 81
539 838 81
533 838 81
527 838 81
521 838 81
515 838 81
515 832 81
521 832 81
527 832 81
533 832 81
539 832 81
545 832 81
551 832 81
557 832 81
563 832 81
569 832 81
575 832 82
581 832 82
587 832 82
593 832 82
599 832 82
605 832 82
611 832 82
617 832 82
623 832 82
629 832 82
635 832 82
641 832 82
641 826 82
635 826 82
629 826 82
623 826 82
617 826 82
611 826 82
605 826 82
599 826 82
593 826 82
587 826 82
581 826 82
575 826 82
569 826 82
563 826 82
557 826 82
551 826 82
545 826 82
539 826 82
533 826 82
527 826 82
521 826 82
515 826 82
515 820 82
521 820 82
527 820 82
533 820 82
539 820 82
545 820 82
551 820 83
557 820 83
563 820 83
569 820 83
575 820 83
581 820 83
587 820 83
593 820 83
599 820 83
605 820 83
611 820 83
617 820 83
623 820 83
629 820 83
635 820 83
641 820 83
641 814 83
635 814 83
629 814 83
623 814 83
617 814 83
611 814 83
605 814 83
599 814 83
593 814 83
587 814 83
581 814 83
575 814 83
569 814 83
563 814 83
557 814 83
551 814 83
545 814 83
539 814 83
533 814 83
527 814 83
521 814 83
515 814 83
515 808 83
521 808 83
527 808 84
533 808 84
539 808 84
545 808 84
551 808 84
557 808 84
563 808 84
569 808 84
575 808 84
581 808 84
587 808 84
593 808 84
599 808 84
605 808 84
611 808 84
617 808 84
623 808 84
629 808 84
635 808 84
641 808 84
641 802 84
635 802 84
629 802 84
623 802 84
617 802 84
611 802 84
605 802 84
599 802 84
593 802 84
587 802 84
581 802 84
575 802 84
569 802 84
563 802 84
557 802 84
551 802 84
545 802 84
539 802 84
533 802 84
527 802 84
521 802 85
515 802 85
515 796 85
521 796 85
527 796 85
533 796 85
539 796 85
545 796 85
551 796 85
557 796 85
563 796 85
569 796 85
575 796 85
581 796 85
587 796 85
593 796 85
599 796 85
605 796 85
611 796 85
617 796 85
623 796 85
629 796 85
635 796 85
641 796 85
641 790 85
635 790 85
629 790 85
623 790 85
617 790 85
611 790 85
605 790 85
599 790 85
593 790 85
587 790 85
581 790 85
575 790 85
569 790 85
563 790 85
557 790 85
551 790 85
545 790 86
539 790 86
533 790 86
527 790 86
521 790 86
515 790 86
515 784 86
521 784 86
527 784 86
533 784 86
539 784 86
545 784 86
551 784 86
557 784 86
563 784 86
569 784 86
575 784 86
581 784 86
587 784 86
593 784 86
599 784 86
605 784 86
611 784 86
617 784 86
623 784 86
629 784 86
635 784 86
641 784 86
641 778 86
635 778 86
629 778 86
623 778 86
617 778 86
611 778 86
605 778 86
599 778 86
593 778 86
587 778 86
581 778 86
575 778 86
569 778 87
563 778 87
557 778 87
551 778 87
545 778 87
539 778 87
533 778 87
527 778 87
521 778 87
515 778 87
515 772 87
521 772 87
527 772 87
533 772 87
539 772 87
545 772 87
551 772 87
557 772 87
563 772 87
569 772 87
575 772 87
581 772 87
587 772 87
593 772 87
599 772 87
605 772 87
611 772 87
617 772 87
623 772 87
629 772 87
635 772 87
641 772 87
641 766 87
635 766 87
629 766 87
623 766 87
617 766 87
611 766 87
605 766 87
599 766 87
593 766 88
587 766 88
581 766 88
575 766 88
569 766 88
563 766 88
557 766 88
551 766 88
545 766 88
539 766 88
533 766 88
527 766 88
521 766 88
515 766 88
515 760 88
521 760 88
527 760 88
533 760 88
539 760 88
545 760 88
551 760 88
557 760 88
563 760 88
569 760 88
575 760 88
581 760 88
587 760 88
593 760 88
599 760 88
605 760 88
611 760 88
617 760 88
623 760 88
629 760 88
635 760 88
641 760 88
641 754 88
635 754 88
629 754 88
623 754 88
617 754 89
611 754 89
605 754 89
599 754 89
593 754 89
587 754 89
581 754 89
575 754 89
569 754 89
563 754 89
557 754 89
551 754 89
545 754 89
539 754 89
533 754 89
527 754 89
521 754 89
515 754 89
515 748 89
521 748 89
527 748 89
533 748 89
539 748 89
545 748 89
551 748 89
557 748 89
563 748 89
569 748 89
575 748 89
581 748 89
587 748 89
593 748 89
599 748 89
605 748 89
611 748 89
617 748 89
623 748 89
629 748 89
635 748 89
641 748 89
641 742 90
635 742 90
629 742 90
623 742 90
617 742 90
611 742 90
605 742 90
599 742 90
593 742 90
587 742 90
581 742 90
575 742 90
569 742 90
563 742 90
557 742 90
551 742 90
545 742 90
539 742 90
533 742 90
527 742 90
521 742 90
515 742 90
515 736 90
521 736 90
527 736 90
533 736 90
539 736 90
545 736 90
551 736 90
557 736 90
563 736 90
569 736 90
575 736 90
581 736 90
587 736 90
593 736 90
599 736 90
605 736 90
611 736 90
617 736 90
623 736 91
629 736 91
635 736 91
641 736 91
641 730 91
635 730 91
629 730 91
623 730 91
617 730 91
611 730 91
605 730 91
599 730 91
593 730 91
587 730 91
581 730 91
575 730 91
569 730 91
563 730 91
557 730 91
551 730 91
545 730 91
539 730 91
533 730 91
527 730 91
521 730 91
515 730 91
515 724 91
521 724 91
527 724 91
533 724 91
539 724 91
545 724 91
551 724 91
557 724 91
563 724 91
569 724 91
575 724 91
581 724 91
587 724 91
593 724 91
599 724 92
605 724 92
611 724 92
617 724 92
623 724 92
629 724 92
635 724 92
641 724 92
641 718 92
635 718 92
629 718 92
623 718 92
617 718 92
611 718 92
605 718 92
599 718 92
593 718 92
587 718 92
581 718 92
575 718 92
569 718 92
563 718 92
557 718 92
551 718 92
545 718 92
539 718 92
533 718 92
527 718 92
521 718 92
515 718 92
515 712 92
521 712 92
527 712 92
533 712 92
539 712 92
545 712 92
551 712 92
557 712 92
563 712 92
569 712 92
575 712 93
581 712 93
587 712 93
593 712 93
599 712 93
605 712 93
611 712 93
617 712 93
623 712 93
629 712 93
635 712 93
641 712 93
641 706 93
635 706 93
629 706 93
623 706 93
617 706 93
611 706 93
605 706 93
599 706 93
593 706 93
587 706 93
581 706 93
575 706 93
569 706 93
563 706 93
557 706 93
551 706 93
545 706 93
539 706 93
533 706 93
527 706 93
521 706 93
515 706 93
515 700 93
521 700 93
527 700 93
533 700 93
539 700 93
545 700 93
551 700 94
557 700 94
563 700 94
569 700 94
575 700 94
581 700 94
587 700 94
593 700 94
599 700 94
605 700 94
611 700 94
617 700 94
623 700 94
629 700 94
635 700 94
641 700 94
641 694 94
635 694 94
629 694 94
623 694 94
617 694 94
611 694 94
605 694 94
599 694 94
593 694 94
587 694 94
581 694 94
575 694 94
569 694 94
563 694 94
557 694 94
551 694 94
545 694 94
539 694 94
533 694 94
527 694 94
521 694 94
515 694 94
515 688 94
521 688 94
527 688 95
533 688 95
539 688 95
545 688 95
551 688 95
557 688 95
563 688 95
569 688 95
575 688 95
581 688 95
587 688 95
593 688 95
599 688 95
605 688 95
611 688 95
617 688 95
623 688 95
629 688 95
635 688 95
641 688 95
641 682 95
635 682 95
629 682 95
623 682 95
617 682 95
611 682 95
605 682 95
599 682 95
593 682 95
587 682 95
581 682 95
575 682 95
569 682 95
563 682 95
557 682 95
551 682 95
545 682 95
539 682 95
533 682 95
527 682 95
521 682 96
515 682 96
515 676 96
521 676 96
527 676 96
533 676 96
539 676 96
545 676 96
551 676 96
557 676 96
563 676 96
569 676 96
575 676 96
581 676 96
587 676 96
593 676 96
599 676 96
605 676 96
611 676 96
617 676 96
623 676 96
629 676 96
635 676 96
641 676 96
641 670 96
635 670 96
629 670 96
623 670 96
617 670 96
611 670 96
605 670 96
599 670 96
593 670 96
587 670 96
581 670 96
575 670 96
569 670 96
563 670 96
557 670 96
551 670 96
545 670 97
539 670 97
533 670 97
527 670 97
521 670 97
515 670 97
515 664 97
521 664 97
527 664 97
533 664 97
539 664 97
545 664 97
551 664 97
557 664 97
563 664 97
569 664 97
575 664 97
581 664 97
587 664 97
593 664 97
599 664 97
605 664 97
611 664 97
617 664 97
623 664 97
629 664 97
635 664 97
641 664 97
641 658 97
635 658 97
629 658 97
623 658 97
617 658 97
611 658 97
605 658 97
599 658 97
593 658 97
587 658 97
581 658 97
575 658 97
569 658 98
563 658 98
557 658 98
551 658 98
545 658 98
539 658 98
533 658 98
527 658 98
521 658 98
515 658 98
515 652 98
521 652 98
527 652 98
533 652 98
539 652 98
545 652 98
551 652 98
557 652 98
563 652 98
569 652 98
575 652 98
581 652 98
587 652 98
593 652 98
599 652 98
605 652 98
611 652 98
617 652 98
623 652 98
629 652 98
635 652 98
641 652 98
641 646 98
635 646 98
629 646 98
623 646 98
617 646 98
611 646 98
605 646 98
599 646 98
593 646 99
587 646 99
581 646 99
575 646 99
569 646 99
563 646 99
557 646 99
551 646 99
545 646 99
539 646 99
533 646 99
527 646 99
521 646 99
515 646 99
515 640 99
521 640 99
527 640 99
533 640 99
539 640 99
545 640 99
551 640 99
557 640 99
563 640 99
569 640 99
575 640 99
581 640 99
587 640 99
593 640 99
599 640 99
605 640 99
611 640 99
617 640 99
623 640 99
629 640 99
635 640 99
641 640 99
641 634 99
635 634 99
629 634 99
623 634 99
617 634 100
611 634 100
605 634 100
599 634 100
593 634 100
587 634 100
581 634 100
575 634 100
569 634 100
563 634 100
557 634 100
551 634 100
545 634 100
539 634 100
533 634 100
527 634 100
521 634 100
515 634 100
515 628 100
521 628 100
527 628 100
533 628 100
539 628 100
545 628 100
551 628 100
557 628 100
563 628 100
569 628 100
575 628 100
581 628 100
587 628 100
593 628 100
599 628 100
605 628 100
611 628 100
617 628 100
623 628 100
629 628 100
635 628 100
641 628 100
641 622 101
635 622 101
629 622 101
623 622 101
617 622 101
611 622 101
605 622 101
599 622 101
593 622 101
587 622 101
581 622 101
575 622 101
569 622 101
563 622 101
557 622 101
551 622 101
545 622 101
539 622 101
533 622 101
527 622 101
521 622 101
515 622 101
515 616 101
521 616 101
527 616 101
533 616 101
539 616 101
545 616 101
551 616 101
557 616 101
563 616 101
569 616 101
575 616 101
581 616 101
587 616 101
593 616 101
599 616 101
605 616 101
611 616 101
617 616 101
623 616 102
629 616 102
635 616 102
641 616 102
641 610 102
635 610 102
629 610 102
623 610 102
617 610 102
611 610 102
605 610 102
599 610 102
593 610 102
587 610 102
581 610 102
575 610 102
569 610 102
563 610 102
557 610 102
551 610 102
545 610 102
539 610 102
533 610 102
527 610 102
521 610 102
515 610 102
515 604 102
521 604 102
527 604 102
533 604 102
539 604 102
545 604 102
551 604 102
557 604 102
563 604 102
569 604 102
575 604 102
581 604 102
587 604 102
593 604 102
599 604 103
605 604 103
611 604 103
617 604 103
623 604 103
629 604 103
635 604 103
641 604 103
641 598 103
635 598 103
629 598 103
623 598 103
617 598 103
611 598 103
605 598 103
599 598 103
593 598 103
587 598 103
581 598 103
575 598 103
569 598 103
563 598 103
557 598 103
551 598 103
545 598 103
539 598 103
533 598 103
527 598 103
521 598 103
515 598 103
515 592 103
521 592 103
527 592 103
533 592 103
539 592 103
545 592 103
551 592 103
557 592 103
563 592 103
569 592 103
575 592 104
581 592 104
587 592 104
593 592 104
599 592 104
605 592 104
611 592 104
617 592 104
623 592 104
629 592 104
635 592 104
641 592 104
515 586 104
521 586 104
527 586 104
533 586 104
539 586 104
545 586 104
551 586 104
557 586 104
563 586 104
569 586 104
575 586 104
581 586 104
587 586 104
593 586 104
599 586 104
605 586 104
611 586 104
617 586 104
623 586 104
629 586 104
635 586 104
641 586 104
