641 1024 0
635 1024 0
629 1024 0
623 1024 0
617 1024 0
611 1024 0
605 1024 0
599 1024 0
593 1024 0
587 1024 0
581 1024 0
575 1024 0
569 1024 0
563 1024 0
557 1024 0
551 1024 0
545 1024 0
539 1024 0
533 1024 0
527 1024 0
521 1024 0
515 1024 0
509 1024 0
503 1024 0
497 1024 0
491 1024 0
485 1024 0
479 1024 0
473 1024 0
467 1024 0
461 1024 0
461 1018 0
467 1018 0
473 1018 0
479 1018 0
485 1018 0
491 1018 0
497 1018 0
503 1018 0
509 1018 0
515 1018 1
521 1018 1
527 1018 1
533 1018 1
539 1018 1
545 1018 1
551 1018 1
557 1018 1
563 1018 1
569 1018 1
575 1018 1
581 1018 1
587 1018 1
593 1018 1
599 1018 1
605 1018 1
611 1018 1
617 1018 1
623 1018 1
629 1018 1
635 1018 1
641 1018 1
641 1012 1
635 1012 1
629 1012 1
623 1012 1
617 1012 1
611 1012 1
605 1012 1
599 1012 1
593 1012 1
587 1012 1
581 1012 1
575 1012 1
569 1012 1
563 1012 1
557 1012 1
551 1012 1
545 1012 1
539 1012 1
533 1012 2
527 1012 2
521 1012 2
515 1012 2
509 1012 2
503 1012 2
497 1012 2
491 1012 2
485 1012 2
479 1012 2
473 1012 2
467 1012 2
461 1012 2
461 1006 2
467 1006 2
473 1006 2
479 1006 2
485 1006 2
491 1006 2
497 1006 2
503 1006 2
509 1006 2
515 1006 2
521 1006 2
527 1006 2
533 1006 2
539 1006 2
545 1006 2
551 1006 2
557 1006 2
563 1006 2
569 1006 2
575 1006 2
581 1006 2
587 1006 2
593 1006 2
599 1006 2
605 1006 2
611 1006 2
617 1006 2
623 1006 3
629 1006 3
635 1006 3
641 1006 3
641 1000 3
635 1000 3
629 1000 3
623 1000 3
617 1000 3
611 1000 3
605 1000 3
599 1000 3
593 1000 3
587 1000 3
581 1000 3
575 1000 3
569 1000 3
563 1000 3
557 1000 3
551 1000 3
545 1000 3
539 1000 3
533 1000 3
527 1000 3
521 1000 3
515 1000 3
509 1000 3
503 1000 3
497 1000 3
491 1000 3
485 1000 3
479 1000 3
473 1000 3
467 1000 3
461 1000 3
461 994 3
467 994 3
473 994 3
479 994 3
485 994 3
491 994 4
497 994 4
503 994 4
509 994 4
515 994 4
521 994 4
527 994 4
533 994 4
539 994 4
545 994 4
551 994 4
557 994 4
563 994 4
569 994 4
575 994 4
581 994 4
587 994 4
593 994 4
599 994 4
605 994 4
611 994 4
617 994 4
623 994 4
629 994 4
635 994 4
641 994 4
641 988 4
635 988 4
629 988 4
623 988 4
617 988 4
611 988 4
605 988 4
599 988 4
593 988 4
587 988 4
581 988 4
575 988 4
569 988 4
563 988 4
557 988 5
551 988 5
545 988 5
539 988 5
533 988 5
527 988 5
521 988 5
515 988 5
509 988 5
503 988 5
497 988 5
491 988 5
485 988 5
479 988 5
473 988 5
467 988 5
461 988 5
461 982 5
467 982 5
473 982 5
479 982 5
485 982 5
491 982 5
497 982 5
503 982 5
509 982 5
515 982 5
521 982 5
527 982 5
533 982 5
539 982 5
545 982 5
551 982 5
557 982 5
563 982 5
569 982 5
575 982 5
581 982 5
587 982 5
593 982 5
599 982 6
605 982 6
611 982 6
617 982 6
623 982 6
629 982 6
635 982 6
641 982 6
641 976 6
635 976 6
629 976 6
623 976 6
617 976 6
611 976 6
605 976 6
599 976 6
593 976 6
587 976 6
581 976 6
575 976 6
569 976 6
563 976 6
557 976 6
551 976 6
545 976 6
539 976 6
533 976 6
527 976 6
521 976 6
515 976 6
509 976 6
503 976 6
497 976 6
491 976 6
485 976 6
479 976 6
473 976 6
467 976 6
461 976 6
461 970 6
467 970 7
473 970 7
479 970 7
485 970 7
491 970 7
497 970 7
503 970 7
509 970 7
515 970 7
521 970 7
527 970 7
533 970 7
539 970 7
545 970 7
551 970 7
557 970 7
563 970 7
569 970 7
575 970 7
581 970 7
587 970 7
593 970 7
599 970 7
605 970 7
611 970 7
617 970 7
623 970 7
629 970 7
635 970 7
641 970 7
641 964 7
635 964 7
629 964 7
623 964 7
617 964 7
611 964 7
605 964 7
599 964 7
593 964 7
587 964 7
581 964 8
575 964 8
569 964 8
563 964 8
557 964 8
551 964 8
545 964 8
539 964 8
533 964 8
527 964 8
521 964 8
515 964 8
509 964 8
503 964 8
497 964 8
491 964 8
485 964 8
479 964 8
473 964 8
467 964 8
461 964 8
461 958 8
467 958 8
473 958 8
479 958 8
485 958 8
491 958 8
497 958 8
503 958 8
509 958 8
515 958 8
521 958 8
527 958 8
533 958 8
539 958 8
545 958 8
551 958 8
557 958 8
563 958 8
569 958 8
575 958 9
581 958 9
587 958 9
593 958 9
599 958 9
605 958 9
611 958 9
617 958 9
623 958 9
629 958 9
635 958 9
641 958 9
641 952 9
635 952 9
629 952 9
623 952 9
617 952 9
611 952 9
605 952 9
599 952 9
593 952 9
587 952 9
581 952 9
575 952 9
569 952 9
563 952 9
557 952 9
551 952 9
545 952 9
539 952 9
533 952 9
527 952 9
521 952 9
515 952 9
509 952 9
503 952 9
497 952 9
491 952 9
485 952 9
479 952 9
473 952 10
467 952 10
461 952 10
461 946 10
467 946 10
473 946 10
479 946 10
485 946 10
491 946 10
497 946 10
503 946 10
509 946 10
515 946 10
521 946 10
527 946 10
533 946 10
539 946 10
545 946 10
551 946 10
557 946 10
563 946 10
569 946 10
575 946 10
581 946 10
587 946 10
593 946 10
599 946 10
605 946 10
611 946 10
617 946 10
623 946 10
629 946 10
635 946 10
641 946 10
641 940 10
635 940 10
629 940 10
623 940 10
617 940 10
611 940 10
605 940 11
599 940 11
593 940 11
587 940 11
581 940 11
575 940 11
569 940 11
563 940 11
557 940 11
551 940 11
545 940 11
539 940 11
533 940 11
527 940 11
521 940 11
515 940 11
509 940 11
503 940 11
497 940 11
491 940 11
485 940 11
479 940 11
473 940 11
467 940 11
461 940 11
461 934 11
467 934 11
473 934 11
479 934 11
485 934 11
491 934 11
497 934 11
503 934 11
509 934 11
515 934 11
521 934 11
527 934 11
533 934 11
539 934 11
545 934 11
551 934 12
557 934 12
563 934 12
569 934 12
575 934 12
581 934 12
587 934 12
593 934 12
599 934 12
605 934 12
611 934 12
617 934 12
623 934 12
629 934 12
635 934 12
641 934 12
641 928 12
635 928 12
629 928 12
623 928 12
617 928 12
611 928 12
605 928 12
599 928 12
593 928 12
587 928 12
581 928 12
575 928 12
569 928 12
563 928 12
557 928 12
551 928 12
545 928 12
539 928 12
533 928 12
527 928 12
521 928 12
515 928 12
509 928 12
503 928 12
497 928 13
491 928 13
485 928 13
479 928 13
473 928 13
467 928 13
461 928 13
461 922 13
467 922 13
473 922 13
479 922 13
485 922 13
491 922 13
497 922 13
503 922 13
509 922 13
515 922 13
521 922 13
527 922 13
533 922 13
539 922 13
545 922 13
551 922 13
557 922 13
563 922 13
569 922 13
575 922 13
581 922 13
587 922 13
593 922 13
599 922 13
605 922 13
611 922 13
617 922 13
623 922 13
629 922 13
635 922 13
641 922 13
641 916 13
635 916 13
629 916 14
623 916 14
617 916 14
611 916 14
605 916 14
599 916 14
593 916 14
587 916 14
581 916 14
575 916 14
569 916 14
563 916 14
557 916 14
551 916 14
545 916 14
539 916 14
533 916 14
527 916 14
521 916 14
515 916 14
509 916 14
503 916 14
497 916 14
491 916 14
485 916 14
479 916 14
473 916 14
467 916 14
461 916 14
461 910 14
467 910 14
473 910 14
479 910 14
485 910 14
491 910 14
497 910 14
503 910 14
509 910 14
515 910 14
521 910 14
527 910 15
533 910 15
539 910 15
545 910 15
551 910 15
557 910 15
563 910 15
569 910 15
575 910 15
581 910 15
587 910 15
593 910 15
599 910 15
605 910 15
611 910 15
617 910 15
623 910 15
629 910 15
635 910 15
641 910 15
641 904 15
635 904 15
629 904 15
623 904 15
617 904 15
611 904 15
605 904 15
599 904 15
593 904 15
587 904 15
581 904 15
575 904 15
569 904 15
563 904 15
557 904 15
551 904 15
545 904 15
539 904 15
533 904 15
527 904 15
521 904 16
515 904 16
509 904 16
503 904 16
497 904 16
491 904 16
485 904 16
479 904 16
473 904 16
467 904 16
461 904 16
293 898 16
299 898 16
305 898 16
311 898 16
317 898 16
323 898 16
329 898 16
335 898 16
341 898 16
347 898 16
353 898 16
359 898 16
365 898 16
371 898 16
377 898 16
383 898 16
389 898 16
395 898 16
401 898 16
407 898 16
413 898 16
419 898 16
425 898 16
431 898 16
437 898 16
443 898 16
449 898 16
455 898 16
461 898 16
467 898 17
473 898 17
479 898 17
485 898 17
491 898 17
497 898 17
503 898 17
509 898 17
515 898 17
521 898 17
527 898 17
533 898 17
539 898 17
545 898 17
551 898 17
557 898 17
563 898 17
569 898 17
575 898 17
581 898 17
587 898 17
593 898 17
599 898 17
605 898 17
611 898 17
617 898 17
623 898 17
629 898 17
635 898 17
641 898 17
641 892 17
635 892 17
629 892 17
623 892 17
617 892 17
611 892 17
605 892 17
599 892 17
593 892 17
587 892 17
581 892 18
575 892 18
569 892 18
563 892 18
557 892 18
551 892 18
545 892 18
539 892 18
533 892 18
527 892 18
521 892 18
515 892 18
509 892 18
503 892 18
497 892 18
491 892 18
485 892 18
479 892 18
473 892 18
467 892 18
461 892 18
455 892 18
449 892 18
443 892 18
437 892 18
431 892 18
425 892 18
419 892 18
413 892 18
407 892 18
401 892 18
395 892 18
389 892 18
383 892 18
377 892 18
371 892 18
365 892 18
359 892 18
353 892 18
347 892 18
341 892 19
335 892 19
329 892 19
323 892 19
317 892 19
311 892 19
305 892 19
299 892 19
293 892 19
293 886 19
299 886 19
305 886 19
311 886 19
317 886 19
323 886 19
329 886 19
335 886 19
341 886 19
347 886 19
353 886 19
359 886 19
365 886 19
371 886 19
377 886 19
383 886 19
389 886 19
395 886 19
401 886 19
407 886 19
413 886 19
419 886 19
425 886 19
431 886 19
437 886 19
443 886 19
449 886 19
455 886 19
461 886 19
467 886 19
473 886 19
479 886 20
485 886 20
491 886 20
497 886 20
503 886 20
509 886 20
515 886 20
521 886 20
527 886 20
533 886 20
539 886 20
545 886 20
551 886 20
557 886 20
563 886 20
569 886 20
575 886 20
581 886 20
587 886 20
593 886 20
599 886 20
605 886 20
611 886 20
617 886 20
623 886 20
629 886 20
635 886 20
641 886 20
641 880 20
635 880 20
629 880 20
623 880 20
617 880 20
611 880 20
605 880 20
599 880 20
593 880 20
587 880 20
581 880 20
575 880 20
569 880 21
563 880 21
557 880 21
551 880 21
545 880 21
539 880 21
533 880 21
527 880 21
521 880 21
515 880 21
509 880 21
503 880 21
497 880 21
491 880 21
485 880 21
479 880 21
473 880 21
467 880 21
461 880 21
455 880 21
449 880 21
443 880 21
437 880 21
431 880 21
425 880 21
419 880 21
413 880 21
407 880 21
401 880 21
395 880 21
389 880 21
383 880 21
377 880 21
371 880 21
365 880 21
359 880 21
353 880 21
347 880 21
341 880 21
335 880 21
329 880 22
323 880 22
317 880 22
311 880 22
305 880 22
299 880 22
293 880 22
293 874 22
299 874 22
305 874 22
311 874 22
317 874 22
323 874 22
329 874 22
335 874 22
341 874 22
347 874 22
353 874 22
359 874 22
365 874 22
371 874 22
377 874 22
383 874 22
389 874 22
395 874 22
401 874 22
407 874 22
413 874 22
419 874 22
425 874 22
431 874 22
437 874 22
443 874 22
449 874 22
455 874 22
461 874 22
467 874 22
473 874 22
479 874 22
485 874 22
491 874 23
497 874 23
503 874 23
509 874 23
515 874 23
521 874 23
527 874 23
533 874 23
539 874 23
545 874 23
551 874 23
557 874 23
563 874 23
569 874 23
575 874 23
581 874 23
587 874 23
593 874 23
599 874 23
605 874 23
611 874 23
617 874 23
623 874 23
629 874 23
635 874 23
641 874 23
641 868 23
635 868 23
629 868 23
623 868 23
617 868 23
611 868 23
605 868 23
599 868 23
593 868 23
587 868 23
581 868 23
575 868 23
569 868 23
563 868 23
557 868 24
551 868 24
545 868 24
539 868 24
533 868 24
527 868 24
521 868 24
515 868 24
509 868 24
503 868 24
497 868 24
491 868 24
485 868 24
479 868 24
473 868 24
467 868 24
461 868 24
455 868 24
449 868 24
443 868 24
437 868 24
431 868 24
425 868 24
419 868 24
413 868 24
407 868 24
401 868 24
395 868 24
389 868 24
383 868 24
377 868 24
371 868 24
365 868 24
359 868 24
353 868 24
347 868 24
341 868 24
335 868 24
329 868 24
323 868 24
317 868 25
311 868 25
305 868 25
299 868 25
293 868 25
293 862 25
299 862 25
305 862 25
311 862 25
317 862 25
323 862 25
329 862 25
335 862 25
341 862 25
347 862 25
353 862 25
359 862 25
365 862 25
371 862 25
377 862 25
383 862 25
389 862 25
395 862 25
401 862 25
407 862 25
413 862 25
419 862 25
425 862 25
431 862 25
437 862 25
443 862 25
449 862 25
455 862 25
461 862 25
467 862 25
473 862 25
479 862 25
485 862 25
491 862 25
497 862 25
503 862 26
509 862 26
515 862 26
521 862 26
527 862 26
533 862 26
539 862 26
545 862 26
551 862 26
557 862 26
563 862 26
569 862 26
575 862 26
581 862 26
587 862 26
593 862 26
599 862 26
605 862 26
611 862 26
617 862 26
623 862 26
629 862 26
635 862 26
641 862 26
641 856 26
635 856 26
629 856 26
623 856 26
617 856 26
611 856 26
605 856 26
599 856 26
593 856 26
587 856 26
581 856 26
575 856 26
569 856 26
563 856 26
557 856 26
551 856 26
545 856 27
539 856 27
533 856 27
527 856 27
521 856 27
515 856 27
509 856 27
503 856 27
497 856 27
491 856 27
485 856 27
479 856 27
473 856 27
467 856 27
461 856 27
455 856 27
449 856 27
443 856 27
437 856 27
431 856 27
425 856 27
419 856 27
413 856 27
407 856 27
401 856 27
395 856 27
389 856 27
383 856 27
377 856 27
371 856 27
365 856 27
359 856 27
353 856 27
347 856 27
341 856 27
335 856 27
329 856 27
323 856 27
317 856 27
311 856 27
305 856 28
299 856 28
293 856 28
293 850 28
299 850 28
305 850 28
311 850 28
317 850 28
323 850 28
329 850 28
335 850 28
341 850 28
347 850 28
353 850 28
359 850 28
365 850 28
371 850 28
377 850 28
383 850 28
389 850 28
395 850 28
401 850 28
407 850 28
413 850 28
419 850 28
425 850 28
431 850 28
437 850 28
443 850 28
449 850 28
455 850 28
461 850 28
467 850 28
473 850 28
479 850 28
485 850 28
491 850 28
497 850 28
503 850 28
509 850 28
515 850 29
521 850 29
527 850 29
533 850 29
539 850 29
545 850 29
551 850 29
557 850 29
563 850 29
569 850 29
575 850 29
581 850 29
587 850 29
593 850 29
599 850 29
605 850 29
611 850 29
617 850 29
623 850 29
629 850 29
635 850 29
641 850 29
641 844 29
635 844 29
629 844 29
623 844 29
617 844 29
611 844 29
605 844 29
599 844 29
593 844 29
587 844 29
581 844 29
575 844 29
569 844 29
563 844 29
557 844 29
551 844 29
545 844 29
539 844 29
533 844 30
527 844 30
521 844 30
515 844 30
509 844 30
503 844 30
497 844 30
491 844 30
485 844 30
479 844 30
473 844 30
467 844 30
461 844 30
455 844 30
449 844 30
443 844 30
437 844 30
431 844 30
425 844 30
419 844 30
413 844 30
407 844 30
401 844 30
395 844 30
389 844 30
383 844 30
377 844 30
371 844 30
365 844 30
359 844 30
353 844 30
347 844 30
341 844 30
335 844 30
329 844 30
323 844 30
317 844 30
311 844 30
305 844 30
299 844 30
293 844 31
293 838 31
299 838 31
305 838 31
311 838 31
317 838 31
323 838 31
329 838 31
335 838 31
341 838 31
347 838 31
353 838 31
359 838 31
365 838 31
371 838 31
377 838 31
383 838 31
389 838 31
395 838 31
401 838 31
407 838 31
413 838 31
419 838 31
425 838 31
431 838 31
437 838 31
443 838 31
449 838 31
455 838 31
461 838 31
467 838 31
473 838 31
479 838 31
485 838 31
491 838 31
497 838 31
503 838 31
509 838 31
515 838 31
521 838 31
527 838 32
533 838 32
539 838 32
545 838 32
551 838 32
557 838 32
563 838 32
569 838 32
575 838 32
581 838 32
587 838 32
593 838 32
599 838 32
605 838 32
611 838 32
617 838 32
623 838 32
629 838 32
635 838 32
641 838 32
641 832 32
635 832 32
629 832 32
623 832 32
617 832 32
611 832 32
605 832 32
599 832 32
593 832 32
587 832 32
581 832 32
575 832 32
569 832 32
563 832 32
557 832 32
551 832 32
545 832 32
539 832 32
533 832 32
527 832 32
521 832 33
515 832 33
509 832 33
503 832 33
497 832 33
491 832 33
485 832 33
479 832 33
473 832 33
467 832 33
461 832 33
455 832 33
449 832 33
443 832 33
437 832 33
431 832 33
425 832 33
419 832 33
413 832 33
407 832 33
401 832 33
395 832 33
389 832 33
383 832 33
377 832 33
371 832 33
365 832 33
359 832 33
353 832 33
347 832 33
341 832 33
335 832 33
329 832 33
323 832 33
317 832 33
311 832 33
305 832 33
299 832 33
293 832 33
293 826 33
299 826 34
305 826 34
311 826 34
317 826 34
323 826 34
329 826 34
335 826 34
341 826 34
347 826 34
353 826 34
359 826 34
365 826 34
371 826 34
377 826 34
383 826 34
389 826 34
395 826 34
401 826 34
407 826 34
413 826 34
419 826 34
425 826 34
431 826 34
437 826 34
443 826 34
449 826 34
455 826 34
461 826 34
467 826 34
473 826 34
479 826 34
485 826 34
491 826 34
497 826 34
503 826 34
509 826 34
515 826 34
521 826 34
527 826 34
533 826 34
539 826 35
545 826 35
551 826 35
557 826 35
563 826 35
569 826 35
575 826 35
581 826 35
587 826 35
593 826 35
599 826 35
605 826 35
611 826 35
617 826 35
623 826 35
629 826 35
635 826 35
641 826 35
641 820 35
635 820 35
629 820 35
623 820 35
617 820 35
611 820 35
605 820 35
599 820 35
593 820 35
587 820 35
581 820 35
575 820 35
569 820 35
563 820 35
557 820 35
551 820 35
545 820 35
539 820 35
533 820 35
527 820 35
521 820 35
515 820 35
509 820 36
503 820 36
497 820 36
491 820 36
485 820 36
479 820 36
473 820 36
467 820 36
461 820 36
455 820 36
449 820 36
443 820 36
437 820 36
431 820 36
425 820 36
419 820 36
413 820 36
407 820 36
401 820 36
395 820 36
389 820 36
383 820 36
377 820 36
371 820 36
365 820 36
359 820 36
353 820 36
347 820 36
341 820 36
335 820 36
329 820 36
323 820 36
317 820 36
311 820 36
305 820 36
299 820 36
293 820 36
293 814 36
299 814 36
305 814 36
311 814 37
317 814 37
323 814 37
329 814 37
335 814 37
341 814 37
347 814 37
353 814 37
359 814 37
365 814 37
371 814 37
377 814 37
383 814 37
389 814 37
395 814 37
401 814 37
407 814 37
413 814 37
419 814 37
425 814 37
431 814 37
437 814 37
443 814 37
449 814 37
455 814 37
461 814 37
467 814 37
473 814 37
479 814 37
485 814 37
491 814 37
497 814 37
503 814 37
509 814 37
515 814 37
521 814 37
527 814 37
533 814 37
539 814 37
545 814 37
551 814 38
557 814 38
563 814 38
569 814 38
575 814 38
581 814 38
587 814 38
593 814 38
599 814 38
605 814 38
611 814 38
617 814 38
623 814 38
629 814 38
635 814 38
641 814 38
641 808 38
635 808 38
629 808 38
623 808 38
617 808 38
611 808 38
605 808 38
599 808 38
593 808 38
587 808 38
581 808 38
575 808 38
569 808 38
563 808 38
557 808 38
551 808 38
545 808 38
539 808 38
533 808 38
527 808 38
521 808 38
515 808 38
509 808 38
503 808 38
497 808 39
491 808 39
485 808 39
479 808 39
473 808 39
467 808 39
461 808 39
455 808 39
449 808 39
443 808 39
437 808 39
431 808 39
425 808 39
419 808 39
413 808 39
407 808 39
401 808 39
395 808 39
389 808 39
383 808 39
377 808 39
371 808 39
365 808 39
359 808 39
353 808 39
347 808 39
341 808 39
335 808 39
329 808 39
323 808 39
317 808 39
311 808 39
305 808 39
299 808 39
293 808 39
293 802 39
299 802 39
305 802 39
311 802 39
317 802 39
323 802 40
329 802 40
335 802 40
341 802 40
347 802 40
353 802 40
359 802 40
365 802 40
371 802 40
377 802 40
383 802 40
389 802 40
395 802 40
401 802 40
407 802 40
413 802 40
419 802 40
425 802 40
431 802 40
437 802 40
443 802 40
449 802 40
455 802 40
461 802 40
467 802 40
473 802 40
479 802 40
485 802 40
491 802 40
497 802 40
503 802 40
509 802 40
515 802 40
521 802 40
527 802 40
533 802 40
539 802 40
545 802 40
551 802 40
557 802 40
563 802 41
569 802 41
575 802 41
581 802 41
587 802 41
593 802 41
599 802 41
605 802 41
611 802 41
617 802 41
623 802 41
629 802 41
635 802 41
641 802 41
641 796 41
635 796 41
629 796 41
623 796 41
617 796 41
611 796 41
605 796 41
599 796 41
593 796 41
587 796 41
581 796 41
575 796 41
569 796 41
563 796 41
557 796 41
551 796 41
545 796 41
539 796 41
533 796 41
527 796 41
521 796 41
515 796 41
509 796 41
503 796 41
497 796 41
491 796 41
485 796 42
479 796 42
473 796 42
467 796 42
461 796 42
455 796 42
449 796 42
443 796 42
437 796 42
431 796 42
425 796 42
419 796 42
413 796 42
407 796 42
401 796 42
395 796 42
389 796 42
383 796 42
377 796 42
371 796 42
365 796 42
359 796 42
353 796 42
347 796 42
341 796 42
335 796 42
329 796 42
323 796 42
317 796 42
311 796 42
305 796 42
299 796 42
293 796 42
293 790 42
299 790 42
305 790 42
311 790 42
317 790 42
323 790 42
329 790 42
335 790 43
341 790 43
347 790 43
353 790 43
359 790 43
365 790 43
371 790 43
377 790 43
383 790 43
389 790 43
395 790 43
401 790 43
407 790 43
413 790 43
419 790 43
425 790 43
431 790 43
437 790 43
443 790 43
449 790 43
455 790 43
461 790 43
467 790 43
473 790 43
479 790 43
485 790 43
491 790 43
497 790 43
503 790 43
509 790 43
515 790 43
521 790 43
527 790 43
533 790 43
539 790 43
545 790 43
551 790 43
557 790 43
563 790 43
569 790 43
575 790 44
581 790 44
587 790 44
593 790 44
599 790 44
605 790 44
611 790 44
617 790 44
623 790 44
629 790 44
635 790 44
641 790 44
641 784 44
635 784 44
629 784 44
623 784 44
617 784 44
611 784 44
605 784 44
599 784 44
593 784 44
587 784 44
581 784 44
575 784 44
569 784 44
563 784 44
557 784 44
551 784 44
545 784 44
539 784 44
533 784 44
527 784 44
521 784 44
515 784 44
509 784 44
503 784 44
497 784 44
491 784 44
485 784 44
479 784 44
473 784 45
467 784 45
461 784 45
455 784 45
449 784 45
443 784 45
437 784 45
431 784 45
425 784 45
419 784 45
413 784 45
407 784 45
401 784 45
395 784 45
389 784 45
383 784 45
377 784 45
371 784 45
365 784 45
359 784 45
353 784 45
347 784 45
341 784 45
335 784 45
329 784 45
323 784 45
317 784 45
311 784 45
305 784 45
299 784 45
293 784 45
293 778 45
299 778 45
305 778 45
311 778 45
317 778 45
323 778 45
329 778 45
335 778 45
341 778 45
347 778 46
353 778 46
359 778 46
365 778 46
371 778 46
377 778 46
383 778 46
389 778 46
395 778 46
401 778 46
407 778 46
413 778 46
419 778 46
425 778 46
431 778 46
437 778 46
443 778 46
449 778 46
455 778 46
461 778 46
467 778 46
473 778 46
479 778 46
485 778 46
491 778 46
497 778 46
503 778 46
509 778 46
515 778 46
521 778 46
527 778 46
533 778 46
539 778 46
545 778 46
551 778 46
557 778 46
563 778 46
569 778 46
575 778 46
581 778 46
587 778 47
593 778 47
599 778 47
605 778 47
611 778 47
617 778 47
623 778 47
629 778 47
635 778 47
641 778 47
641 772 47
635 772 47
629 772 47
623 772 47
617 772 47
611 772 47
605 772 47
599 772 47
593 772 47
587 772 47
581 772 47
575 772 47
569 772 47
563 772 47
557 772 47
551 772 47
545 772 47
539 772 47
533 772 47
527 772 47
521 772 47
515 772 47
509 772 47
503 772 47
497 772 47
491 772 47
485 772 47
479 772 47
473 772 47
467 772 47
461 772 48
455 772 48
449 772 48
443 772 48
437 772 48
431 772 48
425 772 48
419 772 48
413 772 48
407 772 48
401 772 48
395 772 48
389 772 48
383 772 48
377 772 48
371 772 48
365 772 48
359 772 48
353 772 48
347 772 48
341 772 48
335 772 48
329 772 48
323 772 48
317 772 48
311 772 48
305 772 48
299 772 48
293 772 48
287 772 48
281 772 48
275 772 48
269 772 48
263 772 48
257 772 48
251 772 48
245 772 48
239 772 48
233 772 48
227 772 48
221 772 49
215 772 49
215 766 49
221 766 49
227 766 49
233 766 49
239 766 49
245 766 49
251 766 49
257 766 49
263 766 49
269 766 49
275 766 49
281 766 49
287 766 49
293 766 49
299 766 49
305 766 49
311 766 49
317 766 49
323 766 49
329 766 49
335 766 49
341 766 49
347 766 49
353 766 49
359 766 49
365 766 49
371 766 49
377 766 49
383 766 49
389 766 49
395 766 49
401 766 49
407 766 49
413 766 49
419 766 49
425 766 49
431 766 49
437 766 49
443 766 50
449 766 50
455 766 50
461 766 50
467 766 50
473 766 50
479 766 50
485 766 50
491 766 50
497 766 50
503 766 50
509 766 50
515 766 50
521 766 50
527 766 50
533 766 50
539 766 50
545 766 50
551 766 50
557 766 50
563 766 50
569 766 50
575 766 50
581 766 50
587 766 50
593 766 50
599 766 50
605 766 50
611 766 50
617 766 50
623 766 50
629 766 50
635 766 50
641 766 50
641 760 50
635 760 50
629 760 50
623 760 50
617 760 50
611 760 50
605 760 51
599 760 51
593 760 51
587 760 51
581 760 51
575 760 51
569 760 51
563 760 51
557 760 51
551 760 51
545 760 51
539 760 51
533 760 51
527 760 51
521 760 51
515 760 51
509 760 51
503 760 51
497 760 51
491 760 51
485 760 51
479 760 51
473 760 51
467 760 51
461 760 51
455 760 51
449 760 51
443 760 51
437 760 51
431 760 51
425 760 51
419 760 51
413 760 51
407 760 51
401 760 51
395 760 51
389 760 51
383 760 51
377 760 51
371 760 51
365 760 52
359 760 52
353 760 52
347 760 52
341 760 52
335 760 52
329 760 52
323 760 52
317 760 52
311 760 52
305 760 52
299 760 52
293 760 52
287 760 52
281 760 52
275 760 52
269 760 52
263 760 52
257 760 52
251 760 52
245 760 52
239 760 52
233 760 52
227 760 52
221 760 52
215 760 52
215 754 52
221 754 52
227 754 52
233 754 52
239 754 52
245 754 52
251 754 52
257 754 52
263 754 52
269 754 52
275 754 52
281 754 52
287 754 52
293 754 52
299 754 53
305 754 53
311 754 53
317 754 53
323 754 53
329 754 53
335 754 53
341 754 53
347 754 53
353 754 53
359 754 53
365 754 53
371 754 53
377 754 53
383 754 53
389 754 53
395 754 53
401 754 53
407 754 53
413 754 53
419 754 53
425 754 53
431 754 53
437 754 53
443 754 53
449 754 53
455 754 53
461 754 53
467 754 53
473 754 53
479 754 53
485 754 53
491 754 53
497 754 53
503 754 53
509 754 53
515 754 53
521 754 53
527 754 53
533 754 53
539 754 54
545 754 54
551 754 54
557 754 54
563 754 54
569 754 54
575 754 54
581 754 54
587 754 54
593 754 54
599 754 54
605 754 54
611 754 54
617 754 54
623 754 54
629 754 54
635 754 54
641 754 54
641 748 54
635 748 54
629 748 54
623 748 54
617 748 54
611 748 54
605 748 54
599 748 54
593 748 54
587 748 54
581 748 54
575 748 54
569 748 54
563 748 54
557 748 54
551 748 54
545 748 54
539 748 54
533 748 54
527 748 54
521 748 54
515 748 54
509 748 55
503 748 55
497 748 55
491 748 55
485 748 55
479 748 55
473 748 55
467 748 55
461 748 55
455 748 55
449 748 55
443 748 55
437 748 55
431 748 55
425 748 55
419 748 55
413 748 55
407 748 55
401 748 55
395 748 55
389 748 55
383 748 55
377 748 55
371 748 55
365 748 55
359 748 55
353 748 55
347 748 55
341 748 55
335 748 55
329 748 55
323 748 55
317 748 55
311 748 55
305 748 55
299 748 55
293 748 55
287 748 55
281 748 55
275 748 55
269 748 56
263 748 56
257 748 56
251 748 56
245 748 56
239 748 56
233 748 56
227 748 56
221 748 56
215 748 56
215 742 56
221 742 56
227 742 56
233 742 56
239 742 56
245 742 56
251 742 56
257 742 56
263 742 56
269 742 56
275 742 56
281 742 56
287 742 56
293 742 56
299 742 56
305 742 56
311 742 56
317 742 56
323 742 56
329 742 56
335 742 56
341 742 56
347 742 56
353 742 56
359 742 56
365 742 56
371 742 56
377 742 56
383 742 56
389 742 56
395 742 57
401 742 57
407 742 57
413 742 57
419 742 57
425 742 57
431 742 57
437 742 57
443 742 57
449 742 57
455 742 57
461 742 57
467 742 57
473 742 57
479 742 57
485 742 57
491 742 57
497 742 57
503 742 57
509 742 57
515 742 57
521 742 57
527 742 57
533 742 57
539 742 57
545 742 57
551 742 57
557 742 57
563 742 57
569 742 57
575 742 57
581 742 57
587 742 57
593 742 57
599 742 57
605 742 57
611 742 57
617 742 57
623 742 57
629 742 57
635 742 58
641 742 58
641 736 58
635 736 58
629 736 58
623 736 58
617 736 58
611 736 58
605 736 58
599 736 58
593 736 58
587 736 58
581 736 58
575 736 58
569 736 58
563 736 58
557 736 58
551 736 58
545 736 58
539 736 58
533 736 58
527 736 58
521 736 58
515 736 58
509 736 58
503 736 58
497 736 58
491 736 58
485 736 58
479 736 58
473 736 58
467 736 58
461 736 58
455 736 58
449 736 58
443 736 58
437 736 58
431 736 58
425 736 58
419 736 58
413 736 59
407 736 59
401 736 59
395 736 59
389 736 59
383 736 59
377 736 59
371 736 59
365 736 59
359 736 59
353 736 59
347 736 59
341 736 59
335 736 59
329 736 59
323 736 59
317 736 59
311 736 59
305 736 59
299 736 59
293 736 59
287 736 59
281 736 59
275 736 59
269 736 59
263 736 59
257 736 59
251 736 59
245 736 59
239 736 59
233 736 59
227 736 59
221 736 59
215 736 59
215 730 59
221 730 59
227 730 59
233 730 59
239 730 59
245 730 59
251 730 60
257 730 60
263 730 60
269 730 60
275 730 60
281 730 60
287 730 60
293 730 60
299 730 60
305 730 60
311 730 60
317 730 60
323 730 60
329 730 60
335 730 60
341 730 60
347 730 60
353 730 60
359 730 60
365 730 60
371 730 60
377 730 60
383 730 60
389 730 60
395 730 60
401 730 60
407 730 60
413 730 60
419 730 60
425 730 60
431 730 60
437 730 60
443 730 60
449 730 60
455 730 60
461 730 60
467 730 60
473 730 60
479 730 60
485 730 60
491 730 61
497 730 61
503 730 61
509 730 61
515 730 61
521 730 61
527 730 61
533 730 61
539 730 61
545 730 61
551 730 61
557 730 61
563 730 61
569 730 61
575 730 61
581 730 61
587 730 61
593 730 61
599 730 61
605 730 61
611 730 61
617 730 61
623 730 61
629 730 61
635 730 61
641 730 61
641 724 61
635 724 61
629 724 61
623 724 61
617 724 61
611 724 61
605 724 61
599 724 61
593 724 61
587 724 61
581 724 61
575 724 61
569 724 61
563 724 61
557 724 62
551 724 62
545 724 62
539 724 62
533 724 62
527 724 62
521 724 62
515 724 62
509 724 62
503 724 62
497 724 62
491 724 62
485 724 62
479 724 62
473 724 62
467 724 62
461 724 62
455 724 62
449 724 62
443 724 62
437 724 62
431 724 62
425 724 62
419 724 62
413 724 62
407 724 62
401 724 62
395 724 62
389 724 62
383 724 62
377 724 62
371 724 62
365 724 62
359 724 62
353 724 62
347 724 62
341 724 62
335 724 62
329 724 62
323 724 62
317 724 63
311 724 63
305 724 63
299 724 63
293 724 63
287 724 63
281 724 63
275 724 63
269 724 63
263 724 63
257 724 63
251 724 63
245 724 63
239 724 63
233 724 63
227 724 63
221 724 63
215 724 63
215 718 63
221 718 63
227 718 63
233 718 63
239 718 63
245 718 63
251 718 63
257 718 63
263 718 63
269 718 63
275 718 63
281 718 63
287 718 63
293 718 63
299 718 63
305 718 63
311 718 63
317 718 63
323 718 63
329 718 63
335 718 63
341 718 63
347 718 64
353 718 64
359 718 64
365 718 64
371 718 64
377 718 64
383 718 64
389 718 64
395 718 64
401 718 64
407 718 64
413 718 64
419 718 64
425 718 64
431 718 64
437 718 64
443 718 64
449 718 64
455 718 64
461 718 64
467 718 64
473 718 64
479 718 64
485 718 64
491 718 64
497 718 64
503 718 64
509 718 64
515 718 64
521 718 64
527 718 64
533 718 64
539 718 64
545 718 64
551 718 64
557 718 64
563 718 64
569 718 64
575 718 64
581 718 64
587 718 65
593 718 65
599 718 65
605 718 65
611 718 65
617 718 65
623 718 65
629 718 65
635 718 65
641 718 65
641 712 65
635 712 65
629 712 65
623 712 65
617 712 65
611 712 65
605 712 65
599 712 65
593 712 65
587 712 65
581 712 65
575 712 65
569 712 65
563 712 65
557 712 65
551 712 65
545 712 65
539 712 65
533 712 65
527 712 65
521 712 65
515 712 65
509 712 65
503 712 65
497 712 65
491 712 65
485 712 65
479 712 65
473 712 65
467 712 65
461 712 66
455 712 66
449 712 66
443 712 66
437 712 66
431 712 66
425 712 66
419 712 66
413 712 66
407 712 66
401 712 66
395 712 66
389 712 66
383 712 66
377 712 66
371 712 66
365 712 66
359 712 66
353 712 66
347 712 66
341 712 66
335 712 66
329 712 66
323 712 66
317 712 66
311 712 66
305 712 66
299 712 66
293 712 66
287 712 66
281 712 66
275 712 66
269 712 66
263 712 66
257 712 66
251 712 66
245 712 66
239 712 66
233 712 66
227 712 66
221 712 67
215 712 67
215 706 67
221 706 67
227 706 67
233 706 67
239 706 67
245 706 67
251 706 67
257 706 67
263 706 67
269 706 67
275 706 67
281 706 67
287 706 67
293 706 67
299 706 67
305 706 67
311 706 67
317 706 67
323 706 67
329 706 67
335 706 67
341 706 67
347 706 67
353 706 67
359 706 67
365 706 67
371 706 67
377 706 67
383 706 67
389 706 67
395 706 67
401 706 67
407 706 67
413 706 67
419 706 67
425 706 67
431 706 67
437 706 67
443 706 68
449 706 68
455 706 68
461 706 68
467 706 68
473 706 68
479 706 68
485 706 68
491 706 68
497 706 68
503 706 68
509 706 68
515 706 68
521 706 68
527 706 68
533 706 68
539 706 68
545 706 68
551 706 68
557 706 68
563 706 68
569 706 68
575 706 68
581 706 68
587 706 68
593 706 68
599 706 68
605 706 68
611 706 68
617 706 68
623 706 68
629 706 68
635 706 68
641 706 68
641 700 68
635 700 68
629 700 68
623 700 68
617 700 68
611 700 68
605 700 69
599 700 69
593 700 69
587 700 69
581 700 69
575 700 69
569 700 69
563 700 69
557 700 69
551 700 69
545 700 69
539 700 69
533 700 69
527 700 69
521 700 69
515 700 69
509 700 69
503 700 69
497 700 69
491 700 69
485 700 69
479 700 69
473 700 69
467 700 69
461 700 69
455 700 69
449 700 69
443 700 69
437 700 69
431 700 69
425 700 69
419 700 69
413 700 69
407 700 69
401 700 69
395 700 69
389 700 69
383 700 69
377 700 69
371 700 69
365 700 70
359 700 70
353 700 70
347 700 70
341 700 70
335 700 70
329 700 70
323 700 70
317 700 70
311 700 70
305 700 70
299 700 70
293 700 70
287 700 70
281 700 70
275 700 70
269 700 70
263 700 70
257 700 70
251 700 70
245 700 70
239 700 70
233 700 70
227 700 70
221 700 70
215 700 70
215 694 70
221 694 70
227 694 70
233 694 70
239 694 70
245 694 70
251 694 70
257 694 70
263 694 70
269 694 70
275 694 70
281 694 70
287 694 70
293 694 70
299 694 71
305 694 71
311 694 71
317 694 71
323 694 71
329 694 71
335 694 71
341 694 71
347 694 71
353 694 71
359 694 71
365 694 71
371 694 71
377 694 71
383 694 71
389 694 71
395 694 71
401 694 71
407 694 71
413 694 71
419 694 71
425 694 71
431 694 71
437 694 71
443 694 71
449 694 71
455 694 71
461 694 71
467 694 71
473 694 71
479 694 71
485 694 71
491 694 71
497 694 71
503 694 71
509 694 71
515 694 71
521 694 71
527 694 71
533 694 71
539 694 72
545 694 72
551 694 72
557 694 72
563 694 72
569 694 72
575 694 72
581 694 72
587 694 72
593 694 72
599 694 72
605 694 72
611 694 72
617 694 72
623 694 72
629 694 72
635 694 72
641 694 72
641 688 72
635 688 72
629 688 72
623 688 72
617 688 72
611 688 72
605 688 72
599 688 72
593 688 72
587 688 72
581 688 72
575 688 72
569 688 72
563 688 72
557 688 72
551 688 72
545 688 72
539 688 72
533 688 72
527 688 72
521 688 72
515 688 72
509 688 73
503 688 73
497 688 73
491 688 73
485 688 73
479 688 73
473 688 73
467 688 73
461 688 73
455 688 73
449 688 73
443 688 73
437 688 73
431 688 73
425 688 73
419 688 73
413 688 73
407 688 73
401 688 73
395 688 73
389 688 73
383 688 73
377 688 73
371 688 73
365 688 73
359 688 73
353 688 73
347 688 73
341 688 73
335 688 73
329 688 73
323 688 73
317 688 73
311 688 73
305 688 73
299 688 73
293 688 73
287 688 73
281 688 73
275 688 73
269 688 74
263 688 74
257 688 74
251 688 74
245 688 74
239 688 74
233 688 74
227 688 74
221 688 74
215 688 74
215 682 74
221 682 74
227 682 74
233 682 74
239 682 74
245 682 74
251 682 74
257 682 74
263 682 74
269 682 74
275 682 74
281 682 74
287 682 74
293 682 74
299 682 74
305 682 74
311 682 74
317 682 74
323 682 74
329 682 74
335 682 74
341 682 74
347 682 74
353 682 74
359 682 74
365 682 74
371 682 74
377 682 74
383 682 74
389 682 74
395 682 75
401 682 75
407 682 75
413 682 75
419 682 75
425 682 75
431 682 75
437 682 75
443 682 75
449 682 75
455 682 75
461 682 75
467 682 75
473 682 75
479 682 75
485 682 75
491 682 75
497 682 75
503 682 75
509 682 75
515 682 75
521 682 75
527 682 75
533 682 75
539 682 75
545 682 75
551 682 75
557 682 75
563 682 75
569 682 75
575 682 75
581 682 75
587 682 75
593 682 75
599 682 75
605 682 75
611 682 75
617 682 75
623 682 75
629 682 75
635 682 76
641 682 76
641 676 76
635 676 76
629 676 76
623 676 76
617 676 76
611 676 76
605 676 76
599 676 76
593 676 76
587 676 76
581 676 76
575 676 76
569 676 76
563 676 76
557 676 76
551 676 76
545 676 76
539 676 76
533 676 76
527 676 76
521 676 76
515 676 76
509 676 76
503 676 76
497 676 76
491 676 76
485 676 76
479 676 76
473 676 76
467 676 76
461 676 76
455 676 76
449 676 76
443 676 76
437 676 76
431 676 76
425 676 76
419 676 76
413 676 77
407 676 77
401 676 77
395 676 77
389 676 77
383 676 77
377 676 77
371 676 77
365 676 77
359 676 77
353 676 77
347 676 77
341 676 77
335 676 77
329 676 77
323 676 77
317 676 77
311 676 77
305 676 77
299 676 77
293 676 77
287 676 77
281 676 77
275 676 77
269 676 77
263 676 77
257 676 77
251 676 77
245 676 77
239 676 77
233 676 77
227 676 77
221 676 77
215 676 77
215 670 77
221 670 77
227 670 77
233 670 77
239 670 77
245 670 77
251 670 78
257 670 78
263 670 78
269 670 78
275 670 78
281 670 78
287 670 78
293 670 78
299 670 78
305 670 78
311 670 78
317 670 78
323 670 78
329 670 78
335 670 78
341 670 78
347 670 78
353 670 78
359 670 78
365 670 78
371 670 78
377 670 78
383 670 78
389 670 78
395 670 78
401 670 78
407 670 78
413 670 78
419 670 78
425 670 78
431 670 78
437 670 78
443 670 78
449 670 78
455 670 78
461 670 78
467 670 78
473 670 78
479 670 78
485 670 78
491 670 79
497 670 79
503 670 79
509 670 79
515 670 79
521 670 79
527 670 79
533 670 79
539 670 79
545 670 79
551 670 79
557 670 79
563 670 79
569 670 79
575 670 79
581 670 79
587 670 79
593 670 79
599 670 79
605 670 79
611 670 79
617 670 79
623 670 79
629 670 79
635 670 79
641 670 79
641 664 79
635 664 79
629 664 79
623 664 79
617 664 79
611 664 79
605 664 79
599 664 79
593 664 79
587 664 79
581 664 79
575 664 79
569 664 79
563 664 79
557 664 80
551 664 80
545 664 80
539 664 80
533 664 80
527 664 80
521 664 80
515 664 80
509 664 80
503 664 80
497 664 80
491 664 80
485 664 80
479 664 80
473 664 80
467 664 80
461 664 80
455 664 80
449 664 80
443 664 80
437 664 80
431 664 80
425 664 80
419 664 80
413 664 80
407 664 80
401 664 80
395 664 80
389 664 80
383 664 80
377 664 80
371 664 80
365 664 80
359 664 80
353 664 80
347 664 80
341 664 80
335 664 80
329 664 80
323 664 80
317 664 81
311 664 81
305 664 81
299 664 81
293 664 81
287 664 81
281 664 81
275 664 81
269 664 81
263 664 81
257 664 81
251 664 81
245 664 81
239 664 81
233 664 81
227 664 81
221 664 81
215 664 81
215 658 81
221 658 81
227 658 81
233 658 81
239 658 81
245 658 81
251 658 81
257 658 81
263 658 81
269 658 81
275 658 81
281 658 81
287 658 81
293 658 81
299 658 81
305 658 81
311 658 81
317 658 81
323 658 81
329 658 81
335 658 81
341 658 81
347 658 82
353 658 82
359 658 82
365 658 82
371 658 82
377 658 82
383 658 82
389 658 82
395 658 82
401 658 82
407 658 82
413 658 82
419 658 82
425 658 82
431 658 82
437 658 82
443 658 82
449 658 82
455 658 82
461 658 82
467 658 82
473 658 82
479 658 82
485 658 82
491 658 82
497 658 82
503 658 82
509 658 82
515 658 82
521 658 82
527 658 82
533 658 82
539 658 82
545 658 82
551 658 82
557 658 82
563 658 82
569 658 82
575 658 82
581 658 82
587 658 83
593 658 83
599 658 83
605 658 83
611 658 83
617 658 83
623 658 83
629 658 83
635 658 83
641 658 83
641 652 83
635 652 83
629 652 83
623 652 83
617 652 83
611 652 83
605 652 83
599 652 83
593 652 83
587 652 83
581 652 83
575 652 83
569 652 83
563 652 83
557 652 83
551 652 83
545 652 83
539 652 83
533 652 83
527 652 83
521 652 83
515 652 83
509 652 83
503 652 83
497 652 83
491 652 83
485 652 83
479 652 83
473 652 83
467 652 83
461 652 84
455 652 84
449 652 84
443 652 84
437 652 84
431 652 84
425 652 84
419 652 84
413 652 84
407 652 84
401 652 84
395 652 84
389 652 84
383 652 84
377 652 84
371 652 84
365 652 84
359 652 84
353 652 84
347 652 84
341 652 84
335 652 84
329 652 84
323 652 84
317 652 84
311 652 84
305 652 84
299 652 84
293 652 84
287 652 84
281 652 84
275 652 84
269 652 84
263 652 84
257 652 84
251 652 84
245 652 84
239 652 84
233 652 84
227 652 84
221 652 85
215 652 85
215 646 85
221 646 85
227 646 85
233 646 85
239 646 85
245 646 85
251 646 85
257 646 85
263 646 85
269 646 85
275 646 85
281 646 85
287 646 85
293 646 85
299 646 85
305 646 85
311 646 85
317 646 85
323 646 85
329 646 85
335 646 85
341 646 85
347 646 85
353 646 85
359 646 85
365 646 85
371 646 85
377 646 85
383 646 85
389 646 85
395 646 85
401 646 85
407 646 85
413 646 85
419 646 85
425 646 85
431 646 85
437 646 85
443 646 86
449 646 86
455 646 86
461 646 86
467 646 86
473 646 86
479 646 86
485 646 86
491 646 86
497 646 86
503 646 86
509 646 86
515 646 86
521 646 86
527 646 86
533 646 86
539 646 86
545 646 86
551 646 86
557 646 86
563 646 86
569 646 86
575 646 86
581 646 86
587 646 86
593 646 86
599 646 86
605 646 86
611 646 86
617 646 86
623 646 86
629 646 86
635 646 86
641 646 86
641 640 86
635 640 86
629 640 86
623 640 86
617 640 86
611 640 86
605 640 87
599 640 87
593 640 87
587 640 87
581 640 87
575 640 87
569 640 87
563 640 87
557 640 87
551 640 87
545 640 87
539 640 87
533 640 87
527 640 87
521 640 87
515 640 87
509 640 87
503 640 87
497 640 87
491 640 87
485 640 87
479 640 87
473 640 87
467 640 87
461 640 87
455 640 87
449 640 87
443 640 87
437 640 87
431 640 87
425 640 87
419 640 87
413 640 87
407 640 87
401 640 87
395 640 87
389 640 87
383 640 87
377 640 87
371 640 87
365 640 88
359 640 88
353 640 88
347 640 88
341 640 88
335 640 88
329 640 88
323 640 88
317 640 88
311 640 88
305 640 88
299 640 88
293 640 88
287 640 88
281 640 88
275 640 88
269 640 88
263 640 88
257 640 88
251 640 88
245 640 88
239 640 88
233 640 88
227 640 88
221 640 88
215 640 88
215 634 88
221 634 88
227 634 88
233 634 88
239 634 88
245 634 88
251 634 88
257 634 88
263 634 88
269 634 88
275 634 88
281 634 88
287 634 88
293 634 88
299 634 89
305 634 89
311 634 89
317 634 89
323 634 89
329 634 89
335 634 89
341 634 89
347 634 89
353 634 89
359 634 89
365 634 89
371 634 89
377 634 89
383 634 89
389 634 89
395 634 89
401 634 89
407 634 89
413 634 89
419 634 89
425 634 89
431 634 89
437 634 89
443 634 89
449 634 89
455 634 89
461 634 89
467 634 89
473 634 89
479 634 89
485 634 89
491 634 89
497 634 89
503 634 89
509 634 89
515 634 89
521 634 89
527 634 89
533 634 89
539 634 90
545 634 90
551 634 90
557 634 90
563 634 90
569 634 90
575 634 90
581 634 90
587 634 90
593 634 90
599 634 90
605 634 90
611 634 90
617 634 90
623 634 90
629 634 90
635 634 90
641 634 90
641 628 90
635 628 90
629 628 90
623 628 90
617 628 90
611 628 90
605 628 90
599 628 90
593 628 90
587 628 90
581 628 90
575 628 90
569 628 90
563 628 90
557 628 90
551 628 90
545 628 90
539 628 90
533 628 90
527 628 90
521 628 90
515 628 90
509 628 91
503 628 91
497 628 91
491 628 91
485 628 91
479 628 91
473 628 91
467 628 91
461 628 91
455 628 91
449 628 91
443 628 91
437 628 91
431 628 91
425 628 91
419 628 91
413 628 91
407 628 91
401 628 91
395 628 91
389 628 91
383 628 91
377 628 91
371 628 91
365 628 91
359 628 91
353 628 91
347 628 91
341 628 91
335 628 91
329 628 91
323 628 91
317 628 91
311 628 91
305 628 91
299 628 91
293 628 91
287 628 91
281 628 91
275 628 91
269 628 92
263 628 92
257 628 92
251 628 92
245 628 92
239 628 92
233 628 92
227 628 92
221 628 92
215 628 92
215 622 92
221 622 92
227 622 92
233 622 92
239 622 92
245 622 92
251 622 92
257 622 92
263 622 92
269 622 92
275 622 92
281 622 92
287 622 92
293 622 92
299 622 92
305 622 92
311 622 92
317 622 92
323 622 92
329 622 92
335 622 92
341 622 92
347 622 92
353 622 92
359 622 92
365 622 92
371 622 92
377 622 92
383 622 92
389 622 92
395 622 93
401 622 93
407 622 93
413 622 93
419 622 93
425 622 93
431 622 93
437 622 93
443 622 93
449 622 93
455 622 93
461 622 93
467 622 93
473 622 93
479 622 93
485 622 93
491 622 93
497 622 93
503 622 93
509 622 93
515 622 93
521 622 93
527 622 93
533 622 93
539 622 93
545 622 93
551 622 93
557 622 93
563 622 93
569 622 93
575 622 93
581 622 93
587 622 93
593 622 93
599 622 93
605 622 93
611 622 93
617 622 93
623 622 93
629 622 93
635 622 94
641 622 94
641 616 94
635 616 94
629 616 94
623 616 94
617 616 94
611 616 94
605 616 94
599 616 94
593 616 94
587 616 94
581 616 94
575 616 94
569 616 94
563 616 94
557 616 94
551 616 94
545 616 94
539 616 94
533 616 94
527 616 94
521 616 94
515 616 94
509 616 94
503 616 94
497 616 94
491 616 94
485 616 94
479 616 94
473 616 94
467 616 94
461 616 94
455 616 94
449 616 94
443 616 94
437 616 94
431 616 94
425 616 94
419 616 94
413 616 95
407 616 95
401 616 95
395 616 95
389 616 95
383 616 95
377 616 95
371 616 95
365 616 95
359 616 95
353 616 95
347 616 95
341 616 95
335 616 95
329 616 95
323 616 95
317 616 95
311 616 95
305 616 95
299 616 95
293 616 95
287 616 95
281 616 95
275 616 95
269 616 95
263 616 95
257 616 95
251 616 95
245 616 95
239 616 95
233 616 95
227 616 95
221 616 95
215 616 95
215 610 95
221 610 95
227 610 95
233 610 95
239 610 95
245 610 95
251 610 96
257 610 96
263 610 96
269 610 96
275 610 96
281 610 96
287 610 96
293 610 96
299 610 96
305 610 96
311 610 96
317 610 96
323 610 96
329 610 96
335 610 96
341 610 96
347 610 96
353 610 96
359 610 96
365 610 96
371 610 96
377 610 96
383 610 96
389 610 96
395 610 96
401 610 96
407 610 96
413 610 96
419 610 96
425 610 96
431 610 96
437 610 96
443 610 96
449 610 96
455 610 96
461 610 96
467 610 96
473 610 96
479 610 96
485 610 96
491 610 97
497 610 97
503 610 97
509 610 97
515 610 97
521 610 97
527 610 97
533 610 97
539 610 97
545 610 97
551 610 97
557 610 97
563 610 97
569 610 97
575 610 97
581 610 97
587 610 97
593 610 97
599 610 97
605 610 97
611 610 97
617 610 97
623 610 97
629 610 97
635 610 97
641 610 97
641 604 97
635 604 97
629 604 97
623 604 97
617 604 97
611 604 97
605 604 97
599 604 97
593 604 97
587 604 97
581 604 97
575 604 97
569 604 97
563 604 97
557 604 98
551 604 98
545 604 98
539 604 98
533 604 98
527 604 98
521 604 98
515 604 98
509 604 98
503 604 98
497 604 98
491 604 98
485 604 98
479 604 98
473 604 98
467 604 98
461 604 98
455 604 98
449 604 98
443 604 98
437 604 98
431 604 98
425 604 98
419 604 98
413 604 98
407 604 98
401 604 98
395 604 98
389 604 98
383 604 98
377 604 98
371 604 98
365 604 98
359 604 98
353 604 98
347 604 98
341 604 98
335 604 98
329 604 98
323 604 98
317 604 99
311 604 99
305 604 99
299 604 99
293 604 99
287 604 99
281 604 99
275 604 99
269 604 99
263 604 99
257 604 99
251 604 99
245 604 99
239 604 99
233 604 99
227 604 99
221 604 99
215 604 99
215 598 99
221 598 99
227 598 99
233 598 99
239 598 99
245 598 99
251 598 99
257 598 99
263 598 99
269 598 99
275 598 99
281 598 99
287 598 99
293 598 99
299 598 99
305 598 99
311 598 99
317 598 99
323 598 99
329 598 99
335 598 99
341 598 99
347 598 100
353 598 100
359 598 100
365 598 100
371 598 100
377 598 100
383 598 100
389 598 100
395 598 100
401 598 100
407 598 100
413 598 100
419 598 100
425 598 100
431 598 100
437 598 100
443 598 100
449 598 100
455 598 100
461 598 100
467 598 100
473 598 100
479 598 100
485 598 100
491 598 100
497 598 100
503 598 100
509 598 100
515 598 100
521 598 100
527 598 100
533 598 100
539 598 100
545 598 100
551 598 100
557 598 100
563 598 100
569 598 100
575 598 100
581 598 100
587 598 101
593 598 101
599 598 101
605 598 101
611 598 101
617 598 101
623 598 101
629 598 101
635 598 101
641 598 101
641 592 101
635 592 101
629 592 101
623 592 101
617 592 101
611 592 101
605 592 101
599 592 101
593 592 101
587 592 101
581 592 101
575 592 101
569 592 101
563 592 101
557 592 101
551 592 101
545 592 101
539 592 101
533 592 101
527 592 101
521 592 101
515 592 101
509 592 101
503 592 101
497 592 101
491 592 101
485 592 101
479 592 101
473 592 101
467 592 101
461 592 102
455 592 102
449 592 102
443 592 102
437 592 102
431 592 102
425 592 102
419 592 102
413 592 102
407 592 102
401 592 102
395 592 102
389 592 102
383 592 102
377 592 102
371 592 102
365 592 102
359 592 102
353 592 102
347 592 102
341 592 102
335 592 102
329 592 102
323 592 102
317 592 102
311 592 102
305 592 102
299 592 102
293 592 102
287 592 102
281 592 102
275 592 102
269 592 102
263 592 102
257 592 102
251 592 102
245 592 102
239 592 102
233 592 102
227 592 102
221 592 103
215 592 103
641 586 103
635 586 103
629 586 103
623 586 103
617 586 103
611 586 103
605 586 103
599 586 103
593 586 103
587 586 103
581 586 103
575 586 103
569 586 103
563 586 103
557 586 103
551 586 103
545 586 103
539 586 103
533 586 103
527 586 103
521 586 103
515 586 103
509 586 103
503 586 103
497 586 103
491 586 103
485 586 103
479 586 103
473 586 103
467 586 103
461 586 103
455 586 103
449 586 103
443 586 103
437 586 103
431 586 103
425 586 103
419 586 103
413 586 104
407 586 104
401 586 104
395 586 104
389 586 104
383 586 104
377 586 104
371 586 104
365 586 104
359 586 104
353 586 104
347 586 104
341 586 104
335 586 104
329 586 104
323 586 104
317 586 104
311 586 104
305 586 104
299 586 104
293 586 104
287 586 104
281 586 104
275 586 104
269 586 104
263 586 104
257 586 104
251 586 104
245 586 104
239 586 104
233 586 104
227 586 104
221 586 104
215 586 104
