293 886 0
293 892 0
293 898 0
299 898 0
299 892 0
299 886 0
305 886 0
305 892 0
305 898 0
311 898 0
311 892 0
311 886 0
317 886 0
317 892 0
317 898 0
323 898 0
323 892 0
323 886 0
329 886 0
329 892 0
329 898 0
335 898 0
335 892 0
335 886 0
341 886 0
341 892 0
341 898 0
347 898 0
347 892 0
347 886 0
353 886 0
353 892 0
353 898 0
359 898 0
359 892 0
359 886 0
365 886 0
365 892 0
365 898 0
371 898 0
371 892 1
371 886 1
377 886 1
377 892 1
377 898 1
383 898 1
383 892 1
383 886 1
389 886 1
389 892 1
389 898 1
395 898 1
395 892 1
395 886 1
401 886 1
401 892 1
401 898 1
407 898 1
407 892 1
407 886 1
413 886 1
413 892 1
413 898 1
419 898 1
419 892 1
419 886 1
425 886 1
425 892 1
425 898 1
431 898 1
431 892 1
431 886 1
437 886 1
437 892 1
437 898 1
443 898 1
443 892 1
443 886 1
449 886 1
449 892 1
449 898 2
455 898 2
455 892 2
455 886 2
461 886 2
461 892 2
461 898 2
461 904 2
461 910 2
461 916 2
461 922 2
461 928 2
461 934 2
461 940 2
461 946 2
461 952 2
461 958 2
461 964 2
461 970 2
461 976 2
461 982 2
461 988 2
461 994 2
461 1000 2
461 1006 2
461 1012 2
461 1018 2
461 1024 2
467 1024 2
467 1018 2
467 1012 2
467 1006 2
467 1000 2
467 994 2
467 988 2
467 982 2
467 976 2
467 970 2
467 964 2
467 958 2
467 952 3
467 946 3
467 940 3
467 934 3
467 928 3
467 922 3
467 916 3
467 910 3
467 904 3
467 898 3
467 892 3
467 886 3
473 886 3
473 892 3
473 898 3
473 904 3
473 910 3
473 916 3
473 922 3
473 928 3
473 934 3
473 940 3
473 946 3
473 952 3
473 958 3
473 964 3
473 970 3
473 976 3
473 982 3
473 988 3
473 994 3
473 1000 3
473 1006 3
473 1012 3
473 1018 3
473 1024 3
479 1024 3
479 1018 3
479 1012 3
479 1006 3
479 1000 4
479 994 4
479 988 4
479 982 4
479 976 4
479 970 4
479 964 4
479 958 4
479 952 4
479 946 4
479 940 4
479 934 4
479 928 4
479 922 4
479 916 4
479 910 4
479 904 4
479 898 4
479 892 4
479 886 4
485 886 4
485 892 4
485 898 4
485 904 4
485 910 4
485 916 4
485 922 4
485 928 4
485 934 4
485 940 4
485 946 4
485 952 4
485 958 4
485 964 4
485 970 4
485 976 4
485 982 4
485 988 4
485 994 4
485 1000 4
485 1006 5
485 1012 5
485 1018 5
485 1024 5
491 1024 5
491 1018 5
491 1012 5
491 1006 5
491 1000 5
491 994 5
491 988 5
491 982 5
491 976 5
491 970 5
491 964 5
491 958 5
491 952 5
491 946 5
491 940 5
491 934 5
491 928 5
491 922 5
491 916 5
491 910 5
491 904 5
491 898 5
491 892 5
491 886 5
497 886 5
497 892 5
497 898 5
497 904 5
497 910 5
497 916 5
497 922 5
497 928 5
497 934 5
497 940 5
497 946 5
497 952 5
497 958 6
497 964 6
497 970 6
497 976 6
497 982 6
497 988 6
497 994 6
497 1000 6
497 1006 6
497 1012 6
497 1018 6
497 1024 6
503 1024 6
503 1018 6
503 1012 6
503 1006 6
503 1000 6
503 994 6
503 988 6
503 982 6
503 976 6
503 970 6
503 964 6
503 958 6
503 952 6
503 946 6
503 940 6
503 934 6
503 928 6
503 922 6
503 916 6
503 910 6
503 904 6
503 898 6
503 892 6
503 886 6
509 886 6
509 892 6
509 898 6
509 904 6
509 910 7
509 916 7
509 922 7
509 928 7
509 934 7
509 940 7
509 946 7
509 952 7
509 958 7
509 964 7
509 970 7
509 976 7
509 982 7
509 988 7
509 994 7
509 1000 7
509 1006 7
509 1012 7
509 1018 7
509 1024 7
515 1024 7
515 1018 7
515 1012 7
515 1006 7
515 1000 7
515 994 7
515 988 7
515 982 7
515 976 7
515 970 7
515 964 7
515 958 7
515 952 7
515 946 7
515 940 7
515 934 7
515 928 7
515 922 7
515 916 7
515 910 7
515 904 8
515 898 8
515 892 8
515 886 8
521 886 8
521 892 8
521 898 8
521 904 8
521 910 8
521 916 8
521 922 8
521 928 8
521 934 8
521 940 8
521 946 8
521 952 8
521 958 8
521 964 8
521 970 8
521 976 8
521 982 8
521 988 8
521 994 8
521 1000 8
521 1006 8
521 1012 8
521 1018 8
521 1024 8
527 1024 8
527 1018 8
527 1012 8
527 1006 8
527 1000 8
527 994 8
527 988 8
527 982 8
527 976 8
527 970 8
527 964 8
527 958 8
527 952 9
527 946 9
527 940 9
527 934 9
527 928 9
527 922 9
527 916 9
527 910 9
527 904 9
527 898 9
527 892 9
527 886 9
533 886 9
533 892 9
533 898 9
533 904 9
533 910 9
533 916 9
533 922 9
533 928 9
533 934 9
533 940 9
533 946 9
533 952 9
533 958 9
533 964 9
533 970 9
533 976 9
533 982 9
533 988 9
533 994 9
533 1000 9
533 1006 9
533 1012 9
533 1018 9
533 1024 9
539 1024 9
539 1018 9
539 1012 9
539 1006 9
539 1000 10
539 994 10
539 988 10
539 982 10
539 976 10
539 970 10
539 964 10
539 958 10
539 952 10
539 946 10
539 940 10
539 934 10
539 928 10
539 922 10
539 916 10
539 910 10
539 904 10
539 898 10
539 892 10
539 886 10
545 886 10
545 892 10
545 898 10
545 904 10
545 910 10
545 916 10
545 922 10
545 928 10
545 934 10
545 940 10
545 946 10
545 952 10
545 958 10
545 964 10
545 970 10
545 976 10
545 982 10
545 988 10
545 994 10
545 1000 10
545 1006 11
545 1012 11
545 1018 11
545 1024 11
551 1024 11
551 1018 11
551 1012 11
551 1006 11
551 1000 11
551 994 11
551 988 11
551 982 11
551 976 11
551 970 11
551 964 11
551 958 11
551 952 11
551 946 11
551 940 11
551 934 11
551 928 11
551 922 11
551 916 11
551 910 11
551 904 11
551 898 11
551 892 11
551 886 11
557 886 11
557 892 11
557 898 11
557 904 11
557 910 11
557 916 11
557 922 11
557 928 11
557 934 11
557 940 11
557 946 11
557 952 11
557 958 12
557 964 12
557 970 12
557 976 12
557 982 12
557 988 12
557 994 12
557 1000 12
557 1006 12
557 1012 12
557 1018 12
557 1024 12
563 1024 12
563 1018 12
563 1012 12
563 1006 12
563 1000 12
563 994 12
563 988 12
563 982 12
563 976 12
563 970 12
563 964 12
563 958 12
563 952 12
563 946 12
563 940 12
563 934 12
563 928 12
563 922 12
563 916 12
563 910 12
563 904 12
563 898 12
563 892 12
563 886 12
569 886 12
569 892 12
569 898 12
569 904 12
569 910 13
569 916 13
569 922 13
569 928 13
569 934 13
569 940 13
569 946 13
569 952 13
569 958 13
569 964 13
569 970 13
569 976 13
569 982 13
569 988 13
569 994 13
569 1000 13
569 1006 13
569 1012 13
569 1018 13
569 1024 13
575 1024 13
575 1018 13
575 1012 13
575 1006 13
575 1000 13
575 994 13
575 988 13
575 982 13
575 976 13
575 970 13
575 964 13
575 958 13
575 952 13
575 946 13
575 940 13
575 934 13
575 928 13
575 922 13
575 916 13
575 910 13
575 904 14
575 898 14
575 892 14
575 886 14
581 886 14
581 892 14
581 898 14
581 904 14
581 910 14
581 916 14
581 922 14
581 928 14
581 934 14
581 940 14
581 946 14
581 952 14
581 958 14
581 964 14
581 970 14
581 976 14
581 982 14
581 988 14
581 994 14
581 1000 14
581 1006 14
581 1012 14
581 1018 14
581 1024 14
587 1024 14
587 1018 14
587 1012 14
587 1006 14
587 1000 14
587 994 14
587 988 14
587 982 14
587 976 14
587 970 14
587 964 14
587 958 14
587 952 15
587 946 15
587 940 15
587 934 15
587 928 15
587 922 15
587 916 15
587 910 15
587 904 15
587 898 15
587 892 15
587 886 15
593 886 15
593 892 15
593 898 15
593 904 15
593 910 15
593 916 15
593 922 15
593 928 15
593 934 15
593 940 15
593 946 15
593 952 15
593 958 15
593 964 15
593 970 15
593 976 15
593 982 15
593 988 15
593 994 15
593 1000 15
593 1006 15
593 1012 15
593 1018 15
593 1024 15
599 1024 15
599 1018 15
599 1012 15
599 1006 15
599 1000 16
599 994 16
599 988 16
599 982 16
599 976 16
599 970 16
599 964 16
599 958 16
599 952 16
599 946 16
599 940 16
599 934 16
599 928 16
599 922 16
599 916 16
599 910 16
599 904 16
599 898 16
599 892 16
599 886 16
605 886 16
605 892 16
605 898 16
605 904 16
605 910 16
605 916 16
605 922 16
605 928 16
605 934 16
605 940 16
605 946 16
605 952 16
605 958 16
605 964 16
605 970 16
605 976 16
605 982 16
605 988 16
605 994 16
605 1000 16
605 1006 17
605 1012 17
605 1018 17
605 1024 17
611 1024 17
611 1018 17
611 1012 17
611 1006 17
611 1000 17
611 994 17
611 988 17
611 982 17
611 976 17
611 970 17
611 964 17
611 958 17
611 952 17
611 946 17
611 940 17
611 934 17
611 928 17
611 922 17
611 916 17
611 910 17
611 904 17
611 898 17
611 892 17
611 886 17
617 886 17
617 892 17
617 898 17
617 904 17
617 910 17
617 916 17
617 922 17
617 928 17
617 934 17
617 940 17
617 946 17
617 952 17
617 958 18
617 964 18
617 970 18
617 976 18
617 982 18
617 988 18
617 994 18
617 1000 18
617 1006 18
617 1012 18
617 1018 18
617 1024 18
623 1024 18
623 1018 18
623 1012 18
623 1006 18
623 1000 18
623 994 18
623 988 18
623 982 18
623 976 18
623 970 18
623 964 18
623 958 18
623 952 18
623 946 18
623 940 18
623 934 18
623 928 18
623 922 18
623 916 18
623 910 18
623 904 18
623 898 18
623 892 18
623 886 18
629 886 18
629 892 18
629 898 18
629 904 18
629 910 19
629 916 19
629 922 19
629 928 19
629 934 19
629 940 19
629 946 19
629 952 19
629 958 19
629 964 19
629 970 19
629 976 19
629 982 19
629 988 19
629 994 19
629 1000 19
629 1006 19
629 1012 19
629 1018 19
629 1024 19
635 1024 19
635 1018 19
635 1012 19
635 1006 19
635 1000 19
635 994 19
635 988 19
635 982 19
635 976 19
635 970 19
635 964 19
635 958 19
635 952 19
635 946 19
635 940 19
635 934 19
635 928 19
635 922 19
635 916 19
635 910 19
635 904 20
635 898 20
635 892 20
635 886 20
641 1024 20
641 1018 20
641 1012 20
641 1006 20
641 1000 20
641 994 20
641 988 20
641 982 20
641 976 20
641 970 20
641 964 20
641 958 20
641 952 20
641 946 20
641 940 20
641 934 20
641 928 20
641 922 20
641 916 20
641 910 20
641 904 20
641 898 20
641 892 20
641 886 20
641 880 20
641 874 20
641 868 20
641 862 20
641 856 20
641 850 20
641 844 20
641 838 20
641 832 20
641 826 20
641 820 20
641 814 20
641 808 21
641 802 21
641 796 21
641 790 21
641 784 21
641 778 21
641 772 21
641 766 21
641 760 21
641 754 21
641 748 21
641 742 21
641 736 21
635 736 21
635 742 21
635 748 21
635 754 21
635 760 21
635 766 21
635 772 21
635 778 21
635 784 21
635 790 21
635 796 21
635 802 21
635 808 21
635 814 21
635 820 21
635 826 21
635 832 21
635 838 21
635 844 21
635 850 21
635 856 21
635 862 21
635 868 21
635 874 21
635 880 21
629 880 21
629 874 21
629 868 22
629 862 22
629 856 22
629 850 22
629 844 22
629 838 22
629 832 22
629 826 22
629 820 22
629 814 22
629 808 22
629 802 22
629 796 22
629 790 22
629 784 22
629 778 22
629 772 22
629 766 22
629 760 22
629 754 22
629 748 22
629 742 22
629 736 22
623 736 22
623 742 22
623 748 22
623 754 22
623 760 22
623 766 22
623 772 22
623 778 22
623 784 22
623 790 22
623 796 22
623 802 22
623 808 22
623 814 22
623 820 22
623 826 22
623 832 22
623 838 23
623 844 23
623 850 23
623 856 23
623 862 23
623 868 23
623 874 23
623 880 23
617 880 23
617 874 23
617 868 23
617 862 23
617 856 23
617 850 23
617 844 23
617 838 23
617 832 23
617 826 23
617 820 23
617 814 23
617 808 23
617 802 23
617 796 23
617 790 23
617 784 23
617 778 23
617 772 23
617 766 23
617 760 23
617 754 23
617 748 23
617 742 23
617 736 23
611 736 23
611 742 23
611 748 23
611 754 23
611 760 23
611 766 23
611 772 23
611 778 24
611 784 24
611 790 24
611 796 24
611 802 24
611 808 24
611 814 24
611 820 24
611 826 24
611 832 24
611 838 24
611 844 24
611 850 24
611 856 24
611 862 24
611 868 24
611 874 24
611 880 24
605 880 24
605 874 24
605 868 24
605 862 24
605 856 24
605 850 24
605 844 24
605 838 24
605 832 24
605 826 24
605 820 24
605 814 24
605 808 24
605 802 24
605 796 24
605 790 24
605 784 24
605 778 24
605 772 24
605 766 24
605 760 24
605 754 24
605 748 25
605 742 25
605 736 25
599 736 25
599 742 25
599 748 25
599 754 25
599 760 25
599 766 25
599 772 25
599 778 25
599 784 25
599 790 25
599 796 25
599 802 25
599 808 25
599 814 25
599 820 25
599 826 25
599 832 25
599 838 25
599 844 25
599 850 25
599 856 25
599 862 25
599 868 25
599 874 25
599 880 25
593 880 25
593 874 25
593 868 25
593 862 25
593 856 25
593 850 25
593 844 25
593 838 25
593 832 25
593 826 25
593 820 25
593 814 25
593 808 26
593 802 26
593 796 26
593 790 26
593 784 26
593 778 26
593 772 26
593 766 26
593 760 26
593 754 26
593 748 26
593 742 26
593 736 26
587 736 26
587 742 26
587 748 26
587 754 26
587 760 26
587 766 26
587 772 26
587 778 26
587 784 26
587 790 26
587 796 26
587 802 26
587 808 26
587 814 26
587 820 26
587 826 26
587 832 26
587 838 26
587 844 26
587 850 26
587 856 26
587 862 26
587 868 26
587 874 26
587 880 26
581 880 26
581 874 26
581 868 27
581 862 27
581 856 27
581 850 27
581 844 27
581 838 27
581 832 27
581 826 27
581 820 27
581 814 27
581 808 27
581 802 27
581 796 27
581 790 27
581 784 27
581 778 27
581 772 27
581 766 27
581 760 27
581 754 27
581 748 27
581 742 27
581 736 27
575 736 27
575 742 27
575 748 27
575 754 27
575 760 27
575 766 27
575 772 27
575 778 27
575 784 27
575 790 27
575 796 27
575 802 27
575 808 27
575 814 27
575 820 27
575 826 27
575 832 27
575 838 28
575 844 28
575 850 28
575 856 28
575 862 28
575 868 28
575 874 28
575 880 28
569 880 28
569 874 28
569 868 28
569 862 28
569 856 28
569 850 28
569 844 28
569 838 28
569 832 28
569 826 28
569 820 28
569 814 28
569 808 28
569 802 28
569 796 28
569 790 28
569 784 28
569 778 28
569 772 28
569 766 28
569 760 28
569 754 28
569 748 28
569 742 28
569 736 28
563 736 28
563 742 28
563 748 28
563 754 28
563 760 28
563 766 28
563 772 28
563 778 29
563 784 29
563 790 29
563 796 29
563 802 29
563 808 29
563 814 29
563 820 29
563 826 29
563 832 29
563 838 29
563 844 29
563 850 29
563 856 29
563 862 29
563 868 29
563 874 29
563 880 29
557 880 29
557 874 29
557 868 29
557 862 29
557 856 29
557 850 29
557 844 29
557 838 29
557 832 29
557 826 29
557 820 29
557 814 29
557 808 29
557 802 29
557 796 29
557 790 29
557 784 29
557 778 29
557 772 29
557 766 29
557 760 29
557 754 29
557 748 30
557 742 30
557 736 30
551 736 30
551 742 30
551 748 30
551 754 30
551 760 30
551 766 30
551 772 30
551 778 30
551 784 30
551 790 30
551 796 30
551 802 30
551 808 30
551 814 30
551 820 30
551 826 30
551 832 30
551 838 30
551 844 30
551 850 30
551 856 30
551 862 30
551 868 30
551 874 30
551 880 30
545 880 30
545 874 30
545 868 30
545 862 30
545 856 30
545 850 30
545 844 30
545 838 30
545 832 30
545 826 30
545 820 30
545 814 30
545 808 31
545 802 31
545 796 31
545 790 31
545 784 31
545 778 31
545 772 31
545 766 31
545 760 31
545 754 31
545 748 31
545 742 31
545 736 31
539 736 31
539 742 31
539 748 31
539 754 31
539 760 31
539 766 31
539 772 31
539 778 31
539 784 31
539 790 31
539 796 31
539 802 31
539 808 31
539 814 31
539 820 31
539 826 31
539 832 31
539 838 31
539 844 31
539 850 31
539 856 31
539 862 31
539 868 31
539 874 31
539 880 31
533 880 31
533 874 31
533 868 32
533 862 32
533 856 32
533 850 32
533 844 32
533 838 32
533 832 32
533 826 32
533 820 32
533 814 32
533 808 32
533 802 32
533 796 32
533 790 32
533 784 32
533 778 32
533 772 32
533 766 32
533 760 32
533 754 32
533 748 32
533 742 32
533 736 32
527 736 32
527 742 32
527 748 32
527 754 32
527 760 32
527 766 32
527 772 32
527 778 32
527 784 32
527 790 32
527 796 32
527 802 32
527 808 32
527 814 32
527 820 32
527 826 32
527 832 32
527 838 33
527 844 33
527 850 33
527 856 33
527 862 33
527 868 33
527 874 33
527 880 33
521 880 33
521 874 33
521 868 33
521 862 33
521 856 33
521 850 33
521 844 33
521 838 33
521 832 33
521 826 33
521 820 33
521 814 33
521 808 33
521 802 33
521 796 33
521 790 33
521 784 33
521 778 33
521 772 33
521 766 33
521 760 33
521 754 33
521 748 33
521 742 33
521 736 33
515 736 33
515 742 33
515 748 33
515 754 33
515 760 33
515 766 33
515 772 33
515 778 34
515 784 34
515 790 34
515 796 34
515 802 34
515 808 34
515 814 34
515 820 34
515 826 34
515 832 34
515 838 34
515 844 34
515 850 34
515 856 34
515 862 34
515 868 34
515 874 34
515 880 34
509 880 34
509 874 34
509 868 34
509 862 34
509 856 34
509 850 34
509 844 34
509 838 34
509 832 34
509 826 34
509 820 34
509 814 34
509 808 34
509 802 34
509 796 34
509 790 34
509 784 34
509 778 34
509 772 34
509 766 34
509 760 34
509 754 34
509 748 35
509 742 35
509 736 35
503 736 35
503 742 35
503 748 35
503 754 35
503 760 35
503 766 35
503 772 35
503 778 35
503 784 35
503 790 35
503 796 35
503 802 35
503 808 35
503 814 35
503 820 35
503 826 35
503 832 35
503 838 35
503 844 35
503 850 35
503 856 35
503 862 35
503 868 35
503 874 35
503 880 35
497 880 35
497 874 35
497 868 35
497 862 35
497 856 35
497 850 35
497 844 35
497 838 35
497 832 35
497 826 35
497 820 35
497 814 35
497 808 36
497 802 36
497 796 36
497 790 36
497 784 36
497 778 36
497 772 36
497 766 36
497 760 36
497 754 36
497 748 36
497 742 36
497 736 36
491 736 36
491 742 36
491 748 36
491 754 36
491 760 36
491 766 36
491 772 36
491 778 36
491 784 36
491 790 36
491 796 36
491 802 36
491 808 36
491 814 36
491 820 36
491 826 36
491 832 36
491 838 36
491 844 36
491 850 36
491 856 36
491 862 36
491 868 36
491 874 36
491 880 36
485 880 36
485 874 36
485 868 37
485 862 37
485 856 37
485 850 37
485 844 37
485 838 37
485 832 37
485 826 37
485 820 37
485 814 37
485 808 37
485 802 37
485 796 37
485 790 37
485 784 37
485 778 37
485 772 37
485 766 37
485 760 37
485 754 37
485 748 37
485 742 37
485 736 37
479 736 37
479 742 37
479 748 37
479 754 37
479 760 37
479 766 37
479 772 37
479 778 37
479 784 37
479 790 37
479 796 37
479 802 37
479 808 37
479 814 37
479 820 37
479 826 37
479 832 37
479 838 38
479 844 38
479 850 38
479 856 38
479 862 38
479 868 38
479 874 38
479 880 38
473 880 38
473 874 38
473 868 38
473 862 38
473 856 38
473 850 38
473 844 38
473 838 38
473 832 38
473 826 38
473 820 38
473 814 38
473 808 38
473 802 38
473 796 38
473 790 38
473 784 38
473 778 38
473 772 38
473 766 38
473 760 38
473 754 38
473 748 38
473 742 38
473 736 38
467 736 38
467 742 38
467 748 38
467 754 38
467 760 38
467 766 38
467 772 38
467 778 39
467 784 39
467 790 39
467 796 39
467 802 39
467 808 39
467 814 39
467 820 39
467 826 39
467 832 39
467 838 39
467 844 39
467 850 39
467 856 39
467 862 39
467 868 39
467 874 39
467 880 39
461 880 39
461 874 39
461 868 39
461 862 39
461 856 39
461 850 39
461 844 39
461 838 39
461 832 39
461 826 39
461 820 39
461 814 39
461 808 39
461 802 39
461 796 39
461 790 39
461 784 39
461 778 39
461 772 39
461 766 39
461 760 39
461 754 39
461 748 40
461 742 40
461 736 40
455 736 40
455 742 40
455 748 40
455 754 40
455 760 40
455 766 40
455 772 40
455 778 40
455 784 40
455 790 40
455 796 40
455 802 40
455 808 40
455 814 40
455 820 40
455 826 40
455 832 40
455 838 40
455 844 40
455 850 40
455 856 40
455 862 40
455 868 40
455 874 40
455 880 40
449 880 40
449 874 40
449 868 40
449 862 40
449 856 40
449 850 40
449 844 40
449 838 40
449 832 40
449 826 40
449 820 40
449 814 40
449 808 41
449 802 41
449 796 41
449 790 41
449 784 41
449 778 41
449 772 41
449 766 41
449 760 41
449 754 41
449 748 41
449 742 41
449 736 41
443 736 41
443 742 41
443 748 41
443 754 41
443 760 41
443 766 41
443 772 41
443 778 41
443 784 41
443 790 41
443 796 41
443 802 41
443 808 41
443 814 41
443 820 41
443 826 41
443 832 41
443 838 41
443 844 41
443 850 41
443 856 41
443 862 41
443 868 41
443 874 41
443 880 41
437 880 41
437 874 41
437 868 42
437 862 42
437 856 42
437 850 42
437 844 42
437 838 42
437 832 42
437 826 42
437 820 42
437 814 42
437 808 42
437 802 42
437 796 42
437 790 42
437 784 42
437 778 42
437 772 42
437 766 42
437 760 42
437 754 42
437 748 42
437 742 42
437 736 42
431 736 42
431 742 42
431 748 42
431 754 42
431 760 42
431 766 42
431 772 42
431 778 42
431 784 42
431 790 42
431 796 42
431 802 42
431 808 42
431 814 42
431 820 42
431 826 42
431 832 42
431 838 43
431 844 43
431 850 43
431 856 43
431 862 43
431 868 43
431 874 43
431 880 43
425 880 43
425 874 43
425 868 43
425 862 43
425 856 43
425 850 43
425 844 43
425 838 43
425 832 43
425 826 43
425 820 43
425 814 43
425 808 43
425 802 43
425 796 43
425 790 43
425 784 43
425 778 43
425 772 43
425 766 43
425 760 43
425 754 43
425 748 43
425 742 43
425 736 43
419 736 43
419 742 43
419 748 43
419 754 43
419 760 43
419 766 43
419 772 43
419 778 44
419 784 44
419 790 44
419 796 44
419 802 44
419 808 44
419 814 44
419 820 44
419 826 44
419 832 44
419 838 44
419 844 44
419 850 44
419 856 44
419 862 44
419 868 44
419 874 44
419 880 44
413 880 44
413 874 44
413 868 44
413 862 44
413 856 44
413 850 44
413 844 44
413 838 44
413 832 44
413 826 44
413 820 44
413 814 44
413 808 44
413 802 44
413 796 44
413 790 44
413 784 44
413 778 44
413 772 44
413 766 44
413 760 44
413 754 44
413 748 45
413 742 45
413 736 45
407 736 45
407 742 45
407 748 45
407 754 45
407 760 45
407 766 45
407 772 45
407 778 45
407 784 45
407 790 45
407 796 45
407 802 45
407 808 45
407 814 45
407 820 45
407 826 45
407 832 45
407 838 45
407 844 45
407 850 45
407 856 45
407 862 45
407 868 45
407 874 45
407 880 45
401 880 45
401 874 45
401 868 45
401 862 45
401 856 45
401 850 45
401 844 45
401 838 45
401 832 45
401 826 45
401 820 45
401 814 45
401 808 46
401 802 46
401 796 46
401 790 46
401 784 46
401 778 46
401 772 46
401 766 46
401 760 46
401 754 46
401 748 46
401 742 46
401 736 46
395 736 46
395 742 46
395 748 46
395 754 46
395 760 46
395 766 46
395 772 46
395 778 46
395 784 46
395 790 46
395 796 46
395 802 46
395 808 46
395 814 46
395 820 46
395 826 46
395 832 46
395 838 46
395 844 46
395 850 46
395 856 46
395 862 46
395 868 46
395 874 46
395 880 46
389 880 46
389 874 46
389 868 47
389 862 47
389 856 47
389 850 47
389 844 47
389 838 47
389 832 47
389 826 47
389 820 47
389 814 47
389 808 47
389 802 47
389 796 47
389 790 47
389 784 47
389 778 47
389 772 47
389 766 47
389 760 47
389 754 47
389 748 47
389 742 47
389 736 47
383 736 47
383 742 47
383 748 47
383 754 47
383 760 47
383 766 47
383 772 47
383 778 47
383 784 47
383 790 47
383 796 47
383 802 47
383 808 47
383 814 47
383 820 47
383 826 47
383 832 47
383 838 48
383 844 48
383 850 48
383 856 48
383 862 48
383 868 48
383 874 48
383 880 48
377 880 48
377 874 48
377 868 48
377 862 48
377 856 48
377 850 48
377 844 48
377 838 48
377 832 48
377 826 48
377 820 48
377 814 48
377 808 48
377 802 48
377 796 48
377 790 48
377 784 48
377 778 48
377 772 48
377 766 48
377 760 48
377 754 48
377 748 48
377 742 48
377 736 48
371 736 48
371 742 48
371 748 48
371 754 48
371 760 48
371 766 48
371 772 48
371 778 49
371 784 49
371 790 49
371 796 49
371 802 49
371 808 49
371 814 49
371 820 49
371 826 49
371 832 49
371 838 49
371 844 49
371 850 49
371 856 49
371 862 49
371 868 49
371 874 49
371 880 49
365 880 49
365 874 49
365 868 49
365 862 49
365 856 49
365 850 49
365 844 49
365 838 49
365 832 49
365 826 49
365 820 49
365 814 49
365 808 49
365 802 49
365 796 49
365 790 49
365 784 49
365 778 49
365 772 49
365 766 49
365 760 49
365 754 49
365 748 50
365 742 50
365 736 50
359 736 50
359 742 50
359 748 50
359 754 50
359 760 50
359 766 50
359 772 50
359 778 50
359 784 50
359 790 50
359 796 50
359 802 50
359 808 50
359 814 50
359 820 50
359 826 50
359 832 50
359 838 50
359 844 50
359 850 50
359 856 50
359 862 50
359 868 50
359 874 50
359 880 50
353 880 50
353 874 50
353 868 50
353 862 50
353 856 50
353 850 50
353 844 50
353 838 50
353 832 50
353 826 50
353 820 50
353 814 50
353 808 51
353 802 51
353 796 51
353 790 51
353 784 51
353 778 51
353 772 51
353 766 51
353 760 51
353 754 51
353 748 51
353 742 51
353 736 51
347 736 51
347 742 51
347 748 51
347 754 51
347 760 51
347 766 51
347 772 51
347 778 51
347 784 51
347 790 51
347 796 51
347 802 51
347 808 51
347 814 51
347 820 51
347 826 51
347 832 51
347 838 51
347 844 51
347 850 51
347 856 51
347 862 51
347 868 51
347 874 51
347 880 51
341 880 51
341 874 51
341 868 52
341 862 52
341 856 52
341 850 52
341 844 52
341 838 52
341 832 52
341 826 52
341 820 52
341 814 52
341 808 52
341 802 52
341 796 52
341 790 52
341 784 52
341 778 52
341 772 52
341 766 52
341 760 52
341 754 52
341 748 52
341 742 52
341 736 52
335 736 52
335 742 52
335 748 52
335 754 52
335 760 52
335 766 52
335 772 52
335 778 52
335 784 52
335 790 52
335 796 52
335 802 52
335 808 52
335 814 52
335 820 52
335 826 52
335 832 52
335 838 53
335 844 53
335 850 53
335 856 53
335 862 53
335 868 53
335 874 53
335 880 53
329 880 53
329 874 53
329 868 53
329 862 53
329 856 53
329 850 53
329 844 53
329 838 53
329 832 53
329 826 53
329 820 53
329 814 53
329 808 53
329 802 53
329 796 53
329 790 53
329 784 53
329 778 53
329 772 53
329 766 53
329 760 53
329 754 53
329 748 53
329 742 53
329 736 53
323 736 53
323 742 53
323 748 53
323 754 53
323 760 53
323 766 53
323 772 53
323 778 54
323 784 54
323 790 54
323 796 54
323 802 54
323 808 54
323 814 54
323 820 54
323 826 54
323 832 54
323 838 54
323 844 54
323 850 54
323 856 54
323 862 54
323 868 54
323 874 54
323 880 54
317 880 54
317 874 54
317 868 54
317 862 54
317 856 54
317 850 54
317 844 54
317 838 54
317 832 54
317 826 54
317 820 54
317 814 54
317 808 54
317 802 54
317 796 54
317 790 54
317 784 54
317 778 54
317 772 54
317 766 54
317 760 54
317 754 54
317 748 55
317 742 55
317 736 55
311 736 55
311 742 55
311 748 55
311 754 55
311 760 55
311 766 55
311 772 55
311 778 55
311 784 55
311 790 55
311 796 55
311 802 55
311 808 55
311 814 55
311 820 55
311 826 55
311 832 55
311 838 55
311 844 55
311 850 55
311 856 55
311 862 55
311 868 55
311 874 55
311 880 55
305 880 55
305 874 55
305 868 55
305 862 55
305 856 55
305 850 55
305 844 55
305 838 55
305 832 55
305 826 55
305 820 55
305 814 55
305 808 56
305 802 56
305 796 56
305 790 56
305 784 56
305 778 56
305 772 56
305 766 56
305 760 56
305 754 56
305 748 56
305 742 56
305 736 56
299 736 56
299 742 56
299 748 56
299 754 56
299 760 56
299 766 56
299 772 56
299 778 56
299 784 56
299 790 56
299 796 56
299 802 56
299 808 56
299 814 56
299 820 56
299 826 56
299 832 56
299 838 56
299 844 56
299 850 56
299 856 56
299 862 56
299 868 56
299 874 56
299 880 56
293 880 56
293 874 56
293 868 57
293 862 57
293 856 57
293 850 57
293 844 57
293 838 57
293 832 57
293 826 57
293 820 57
293 814 57
293 808 57
293 802 57
293 796 57
293 790 57
293 784 57
293 778 57
293 772 57
293 766 57
293 760 57
293 754 57
293 748 57
293 742 57
293 736 57
287 736 57
287 742 57
287 748 57
287 754 57
287 760 57
287 766 57
287 772 57
281 772 57
281 766 57
281 760 57
281 754 57
281 748 57
281 742 57
281 736 57
275 736 57
275 742 57
275 748 57
275 754 58
275 760 58
275 766 58
275 772 58
269 772 58
269 766 58
269 760 58
269 754 58
269 748 58
269 742 58
269 736 58
263 736 58
263 742 58
263 748 58
263 754 58
263 760 58
263 766 58
263 772 58
257 772 58
257 766 58
257 760 58
257 754 58
257 748 58
257 742 58
257 736 58
251 736 58
251 742 58
251 748 58
251 754 58
251 760 58
251 766 58
251 772 58
245 772 58
245 766 58
245 760 58
245 754 58
245 748 58
245 742 58
245 736 58
239 736 58
239 742 59
239 748 59
239 754 59
239 760 59
239 766 59
239 772 59
233 772 59
233 766 59
233 760 59
233 754 59
233 748 59
233 742 59
233 736 59
227 736 59
227 742 59
227 748 59
227 754 59
227 760 59
227 766 59
227 772 59
221 772 59
221 766 59
221 760 59
221 754 59
221 748 59
221 742 59
221 736 59
215 772 59
215 766 59
215 760 59
215 754 59
215 748 59
215 742 59
215 736 59
215 730 59
215 724 59
215 718 59
215 712 59
215 706 59
215 700 59
215 694 60
215 688 60
215 682 60
215 676 60
215 670 60
215 664 60
215 658 60
215 652 60
215 646 60
215 640 60
215 634 60
215 628 60
215 622 60
215 616 60
215 610 60
215 604 60
215 598 60
215 592 60
215 586 60
221 586 60
221 592 60
221 598 60
221 604 60
221 610 60
221 616 60
221 622 60
221 628 60
221 634 60
221 640 60
221 646 60
221 652 60
221 658 60
221 664 60
221 670 60
221 676 60
221 682 60
221 688 60
221 694 60
221 700 60
221 706 60
221 712 61
221 718 61
221 724 61
221 730 61
227 730 61
227 724 61
227 718 61
227 712 61
227 706 61
227 700 61
227 694 61
227 688 61
227 682 61
227 676 61
227 670 61
227 664 61
227 658 61
227 652 61
227 646 61
227 640 61
227 634 61
227 628 61
227 622 61
227 616 61
227 610 61
227 604 61
227 598 61
227 592 61
227 586 61
233 586 61
233 592 61
233 598 61
233 604 61
233 610 61
233 616 61
233 622 61
233 628 61
233 634 61
233 640 61
233 646 61
233 652 62
233 658 62
233 664 62
233 670 62
233 676 62
233 682 62
233 688 62
233 694 62
233 700 62
233 706 62
233 712 62
233 718 62
233 724 62
233 730 62
239 730 62
239 724 62
239 718 62
239 712 62
239 706 62
239 700 62
239 694 62
239 688 62
239 682 62
239 676 62
239 670 62
239 664 62
239 658 62
239 652 62
239 646 62
239 640 62
239 634 62
239 628 62
239 622 62
239 616 62
239 610 62
239 604 62
239 598 62
239 592 62
239 586 62
245 586 62
245 592 63
245 598 63
245 604 63
245 610 63
245 616 63
245 622 63
245 628 63
245 634 63
245 640 63
245 646 63
245 652 63
245 658 63
245 664 63
245 670 63
245 676 63
245 682 63
245 688 63
245 694 63
245 700 63
245 706 63
245 712 63
245 718 63
245 724 63
245 730 63
251 730 63
251 724 63
251 718 63
251 712 63
251 706 63
251 700 63
251 694 63
251 688 63
251 682 63
251 676 63
251 670 63
251 664 63
251 658 63
251 652 63
251 646 63
251 640 63
251 634 64
251 628 64
251 622 64
251 616 64
251 610 64
251 604 64
251 598 64
251 592 64
251 586 64
257 586 64
257 592 64
257 598 64
257 604 64
257 610 64
257 616 64
257 622 64
257 628 64
257 634 64
257 640 64
257 646 64
257 652 64
257 658 64
257 664 64
257 670 64
257 676 64
257 682 64
257 688 64
257 694 64
257 700 64
257 706 64
257 712 64
257 718 64
257 724 64
257 730 64
263 730 64
263 724 64
263 718 64
263 712 64
263 706 64
263 700 64
263 694 65
263 688 65
263 682 65
263 676 65
263 670 65
263 664 65
263 658 65
263 652 65
263 646 65
263 640 65
263 634 65
263 628 65
263 622 65
263 616 65
263 610 65
263 604 65
263 598 65
263 592 65
263 586 65
269 586 65
269 592 65
269 598 65
269 604 65
269 610 65
269 616 65
269 622 65
269 628 65
269 634 65
269 640 65
269 646 65
269 652 65
269 658 65
269 664 65
269 670 65
269 676 65
269 682 65
269 688 65
269 694 65
269 700 65
269 706 65
269 712 66
269 718 66
269 724 66
269 730 66
275 730 66
275 724 66
275 718 66
275 712 66
275 706 66
275 700 66
275 694 66
275 688 66
275 682 66
275 676 66
275 670 66
275 664 66
275 658 66
275 652 66
275 646 66
275 640 66
275 634 66
275 628 66
275 622 66
275 616 66
275 610 66
275 604 66
275 598 66
275 592 66
275 586 66
281 586 66
281 592 66
281 598 66
281 604 66
281 610 66
281 616 66
281 622 66
281 628 66
281 634 66
281 640 66
281 646 66
281 652 67
281 658 67
281 664 67
281 670 67
281 676 67
281 682 67
281 688 67
281 694 67
281 700 67
281 706 67
281 712 67
281 718 67
281 724 67
281 730 67
287 730 67
287 724 67
287 718 67
287 712 67
287 706 67
287 700 67
287 694 67
287 688 67
287 682 67
287 676 67
287 670 67
287 664 67
287 658 67
287 652 67
287 646 67
287 640 67
287 634 67
287 628 67
287 622 67
287 616 67
287 610 67
287 604 67
287 598 67
287 592 67
287 586 67
293 586 67
293 592 68
293 598 68
293 604 68
293 610 68
293 616 68
293 622 68
293 628 68
293 634 68
293 640 68
293 646 68
293 652 68
293 658 68
293 664 68
293 670 68
293 676 68
293 682 68
293 688 68
293 694 68
293 700 68
293 706 68
293 712 68
293 718 68
293 724 68
293 730 68
299 730 68
299 724 68
299 718 68
299 712 68
299 706 68
299 700 68
299 694 68
299 688 68
299 682 68
299 676 68
299 670 68
299 664 68
299 658 68
299 652 68
299 646 68
299 640 68
299 634 69
299 628 69
299 622 69
299 616 69
299 610 69
299 604 69
299 598 69
299 592 69
299 586 69
305 586 69
305 592 69
305 598 69
305 604 69
305 610 69
305 616 69
305 622 69
305 628 69
305 634 69
305 640 69
305 646 69
305 652 69
305 658 69
305 664 69
305 670 69
305 676 69
305 682 69
305 688 69
305 694 69
305 700 69
305 706 69
305 712 69
305 718 69
305 724 69
305 730 69
311 730 69
311 724 69
311 718 69
311 712 69
311 706 69
311 700 69
311 694 70
311 688 70
311 682 70
311 676 70
311 670 70
311 664 70
311 658 70
311 652 70
311 646 70
311 640 70
311 634 70
311 628 70
311 622 70
311 616 70
311 610 70
311 604 70
311 598 70
311 592 70
311 586 70
317 586 70
317 592 70
317 598 70
317 604 70
317 610 70
317 616 70
317 622 70
317 628 70
317 634 70
317 640 70
317 646 70
317 652 70
317 658 70
317 664 70
317 670 70
317 676 70
317 682 70
317 688 70
317 694 70
317 700 70
317 706 70
317 712 71
317 718 71
317 724 71
317 730 71
323 730 71
323 724 71
323 718 71
323 712 71
323 706 71
323 700 71
323 694 71
323 688 71
323 682 71
323 676 71
323 670 71
323 664 71
323 658 71
323 652 71
323 646 71
323 640 71
323 634 71
323 628 71
323 622 71
323 616 71
323 610 71
323 604 71
323 598 71
323 592 71
323 586 71
329 586 71
329 592 71
329 598 71
329 604 71
329 610 71
329 616 71
329 622 71
329 628 71
329 634 71
329 640 71
329 646 71
329 652 72
329 658 72
329 664 72
329 670 72
329 676 72
329 682 72
329 688 72
329 694 72
329 700 72
329 706 72
329 712 72
329 718 72
329 724 72
329 730 72
335 730 72
335 724 72
335 718 72
335 712 72
335 706 72
335 700 72
335 694 72
335 688 72
335 682 72
335 676 72
335 670 72
335 664 72
335 658 72
335 652 72
335 646 72
335 640 72
335 634 72
335 628 72
335 622 72
335 616 72
335 610 72
335 604 72
335 598 72
335 592 72
335 586 72
341 586 72
341 592 73
341 598 73
341 604 73
341 610 73
341 616 73
341 622 73
341 628 73
341 634 73
341 640 73
341 646 73
341 652 73
341 658 73
341 664 73
341 670 73
341 676 73
341 682 73
341 688 73
341 694 73
341 700 73
341 706 73
341 712 73
341 718 73
341 724 73
341 730 73
347 730 73
347 724 73
347 718 73
347 712 73
347 706 73
347 700 73
347 694 73
347 688 73
347 682 73
347 676 73
347 670 73
347 664 73
347 658 73
347 652 73
347 646 73
347 640 73
347 634 74
347 628 74
347 622 74
347 616 74
347 610 74
347 604 74
347 598 74
347 592 74
347 586 74
353 586 74
353 592 74
353 598 74
353 604 74
353 610 74
353 616 74
353 622 74
353 628 74
353 634 74
353 640 74
353 646 74
353 652 74
353 658 74
353 664 74
353 670 74
353 676 74
353 682 74
353 688 74
353 694 74
353 700 74
353 706 74
353 712 74
353 718 74
353 724 74
353 730 74
359 730 74
359 724 74
359 718 74
359 712 74
359 706 74
359 700 74
359 694 75
359 688 75
359 682 75
359 676 75
359 670 75
359 664 75
359 658 75
359 652 75
359 646 75
359 640 75
359 634 75
359 628 75
359 622 75
359 616 75
359 610 75
359 604 75
359 598 75
359 592 75
359 586 75
365 586 75
365 592 75
365 598 75
365 604 75
365 610 75
365 616 75
365 622 75
365 628 75
365 634 75
365 640 75
365 646 75
365 652 75
365 658 75
365 664 75
365 670 75
365 676 75
365 682 75
365 688 75
365 694 75
365 700 75
365 706 75
365 712 76
365 718 76
365 724 76
365 730 76
371 730 76
371 724 76
371 718 76
371 712 76
371 706 76
371 700 76
371 694 76
371 688 76
371 682 76
371 676 76
371 670 76
371 664 76
371 658 76
371 652 76
371 646 76
371 640 76
371 634 76
371 628 76
371 622 76
371 616 76
371 610 76
371 604 76
371 598 76
371 592 76
371 586 76
377 586 76
377 592 76
377 598 76
377 604 76
377 610 76
377 616 76
377 622 76
377 628 76
377 634 76
377 640 76
377 646 76
377 652 77
377 658 77
377 664 77
377 670 77
377 676 77
377 682 77
377 688 77
377 694 77
377 700 77
377 706 77
377 712 77
377 718 77
377 724 77
377 730 77
383 730 77
383 724 77
383 718 77
383 712 77
383 706 77
383 700 77
383 694 77
383 688 77
383 682 77
383 676 77
383 670 77
383 664 77
383 658 77
383 652 77
383 646 77
383 640 77
383 634 77
383 628 77
383 622 77
383 616 77
383 610 77
383 604 77
383 598 77
383 592 77
383 586 77
389 586 77
389 592 78
389 598 78
389 604 78
389 610 78
389 616 78
389 622 78
389 628 78
389 634 78
389 640 78
389 646 78
389 652 78
389 658 78
389 664 78
389 670 78
389 676 78
389 682 78
389 688 78
389 694 78
389 700 78
389 706 78
389 712 78
389 718 78
389 724 78
389 730 78
395 730 78
395 724 78
395 718 78
395 712 78
395 706 78
395 700 78
395 694 78
395 688 78
395 682 78
395 676 78
395 670 78
395 664 78
395 658 78
395 652 78
395 646 78
395 640 78
395 634 79
395 628 79
395 622 79
395 616 79
395 610 79
395 604 79
395 598 79
395 592 79
395 586 79
401 586 79
401 592 79
401 598 79
401 604 79
401 610 79
401 616 79
401 622 79
401 628 79
401 634 79
401 640 79
401 646 79
401 652 79
401 658 79
401 664 79
401 670 79
401 676 79
401 682 79
401 688 79
401 694 79
401 700 79
401 706 79
401 712 79
401 718 79
401 724 79
401 730 79
407 730 79
407 724 79
407 718 79
407 712 79
407 706 79
407 700 79
407 694 80
407 688 80
407 682 80
407 676 80
407 670 80
407 664 80
407 658 80
407 652 80
407 646 80
407 640 80
407 634 80
407 628 80
407 622 80
407 616 80
407 610 80
407 604 80
407 598 80
407 592 80
407 586 80
413 586 80
413 592 80
413 598 80
413 604 80
413 610 80
413 616 80
413 622 80
413 628 80
413 634 80
413 640 80
413 646 80
413 652 80
413 658 80
413 664 80
413 670 80
413 676 80
413 682 80
413 688 80
413 694 80
413 700 80
413 706 80
413 712 81
413 718 81
413 724 81
413 730 81
419 730 81
419 724 81
419 718 81
419 712 81
419 706 81
419 700 81
419 694 81
419 688 81
419 682 81
419 676 81
419 670 81
419 664 81
419 658 81
419 652 81
419 646 81
419 640 81
419 634 81
419 628 81
419 622 81
419 616 81
419 610 81
419 604 81
419 598 81
419 592 81
419 586 81
425 586 81
425 592 81
425 598 81
425 604 81
425 610 81
425 616 81
425 622 81
425 628 81
425 634 81
425 640 81
425 646 81
425 652 82
425 658 82
425 664 82
425 670 82
425 676 82
425 682 82
425 688 82
425 694 82
425 700 82
425 706 82
425 712 82
425 718 82
425 724 82
425 730 82
431 730 82
431 724 82
431 718 82
431 712 82
431 706 82
431 700 82
431 694 82
431 688 82
431 682 82
431 676 82
431 670 82
431 664 82
431 658 82
431 652 82
431 646 82
431 640 82
431 634 82
431 628 82
431 622 82
431 616 82
431 610 82
431 604 82
431 598 82
431 592 82
431 586 82
437 586 82
437 592 83
437 598 83
437 604 83
437 610 83
437 616 83
437 622 83
437 628 83
437 634 83
437 640 83
437 646 83
437 652 83
437 658 83
437 664 83
437 670 83
437 676 83
437 682 83
437 688 83
437 694 83
437 700 83
437 706 83
437 712 83
437 718 83
437 724 83
437 730 83
443 730 83
443 724 83
443 718 83
443 712 83
443 706 83
443 700 83
443 694 83
443 688 83
443 682 83
443 676 83
443 670 83
443 664 83
443 658 83
443 652 83
443 646 83
443 640 83
443 634 84
443 628 84
443 622 84
443 616 84
443 610 84
443 604 84
443 598 84
443 592 84
443 586 84
449 586 84
449 592 84
449 598 84
449 604 84
449 610 84
449 616 84
449 622 84
449 628 84
449 634 84
449 640 84
449 646 84
449 652 84
449 658 84
449 664 84
449 670 84
449 676 84
449 682 84
449 688 84
449 694 84
449 700 84
449 706 84
449 712 84
449 718 84
449 724 84
449 730 84
455 730 84
455 724 84
455 718 84
455 712 84
455 706 84
455 700 84
455 694 85
455 688 85
455 682 85
455 676 85
455 670 85
455 664 85
455 658 85
455 652 85
455 646 85
455 640 85
455 634 85
455 628 85
455 622 85
455 616 85
455 610 85
455 604 85
455 598 85
455 592 85
455 586 85
461 586 85
461 592 85
461 598 85
461 604 85
461 610 85
461 616 85
461 622 85
461 628 85
461 634 85
461 640 85
461 646 85
461 652 85
461 658 85
461 664 85
461 670 85
461 676 85
461 682 85
461 688 85
461 694 85
461 700 85
461 706 85
461 712 86
461 718 86
461 724 86
461 730 86
467 730 86
467 724 86
467 718 86
467 712 86
467 706 86
467 700 86
467 694 86
467 688 86
467 682 86
467 676 86
467 670 86
467 664 86
467 658 86
467 652 86
467 646 86
467 640 86
467 634 86
467 628 86
467 622 86
467 616 86
467 610 86
467 604 86
467 598 86
467 592 86
467 586 86
473 586 86
473 592 86
473 598 86
473 604 86
473 610 86
473 616 86
473 622 86
473 628 86
473 634 86
473 640 86
473 646 86
473 652 87
473 658 87
473 664 87
473 670 87
473 676 87
473 682 87
473 688 87
473 694 87
473 700 87
473 706 87
473 712 87
473 718 87
473 724 87
473 730 87
479 730 87
479 724 87
479 718 87
479 712 87
479 706 87
479 700 87
479 694 87
479 688 87
479 682 87
479 676 87
479 670 87
479 664 87
479 658 87
479 652 87
479 646 87
479 640 87
479 634 87
479 628 87
479 622 87
479 616 87
479 610 87
479 604 87
479 598 87
479 592 87
479 586 87
485 586 87
485 592 88
485 598 88
485 604 88
485 610 88
485 616 88
485 622 88
485 628 88
485 634 88
485 640 88
485 646 88
485 652 88
485 658 88
485 664 88
485 670 88
485 676 88
485 682 88
485 688 88
485 694 88
485 700 88
485 706 88
485 712 88
485 718 88
485 724 88
485 730 88
491 730 88
491 724 88
491 718 88
491 712 88
491 706 88
491 700 88
491 694 88
491 688 88
491 682 88
491 676 88
491 670 88
491 664 88
491 658 88
491 652 88
491 646 88
491 640 88
491 634 89
491 628 89
491 622 89
491 616 89
491 610 89
491 604 89
491 598 89
491 592 89
491 586 89
497 586 89
497 592 89
497 598 89
497 604 89
497 610 89
497 616 89
497 622 89
497 628 89
497 634 89
497 640 89
497 646 89
497 652 89
497 658 89
497 664 89
497 670 89
497 676 89
497 682 89
497 688 89
497 694 89
497 700 89
497 706 89
497 712 89
497 718 89
497 724 89
497 730 89
503 730 89
503 724 89
503 718 89
503 712 89
503 706 89
503 700 89
503 694 90
503 688 90
503 682 90
503 676 90
503 670 90
503 664 90
503 658 90
503 652 90
503 646 90
503 640 90
503 634 90
503 628 90
503 622 90
503 616 90
503 610 90
503 604 90
503 598 90
503 592 90
503 586 90
509 586 90
509 592 90
509 598 90
509 604 90
509 610 90
509 616 90
509 622 90
509 628 90
509 634 90
509 640 90
509 646 90
509 652 90
509 658 90
509 664 90
509 670 90
509 676 90
509 682 90
509 688 90
509 694 90
509 700 90
509 706 90
509 712 91
509 718 91
509 724 91
509 730 91
515 730 91
515 724 91
515 718 91
515 712 91
515 706 91
515 700 91
515 694 91
515 688 91
515 682 91
515 676 91
515 670 91
515 664 91
515 658 91
515 652 91
515 646 91
515 640 91
515 634 91
515 628 91
515 622 91
515 616 91
515 610 91
515 604 91
515 598 91
515 592 91
515 586 91
521 586 91
521 592 91
521 598 91
521 604 91
521 610 91
521 616 91
521 622 91
521 628 91
521 634 91
521 640 91
521 646 91
521 652 92
521 658 92
521 664 92
521 670 92
521 676 92
521 682 92
521 688 92
521 694 92
521 700 92
521 706 92
521 712 92
521 718 92
521 724 92
521 730 92
527 730 92
527 724 92
527 718 92
527 712 92
527 706 92
527 700 92
527 694 92
527 688 92
527 682 92
527 676 92
527 670 92
527 664 92
527 658 92
527 652 92
527 646 92
527 640 92
527 634 92
527 628 92
527 622 92
527 616 92
527 610 92
527 604 92
527 598 92
527 592 92
527 586 92
533 586 92
533 592 93
533 598 93
533 604 93
533 610 93
533 616 93
533 622 93
533 628 93
533 634 93
533 640 93
533 646 93
533 652 93
533 658 93
533 664 93
533 670 93
533 676 93
533 682 93
533 688 93
533 694 93
533 700 93
533 706 93
533 712 93
533 718 93
533 724 93
533 730 93
539 730 93
539 724 93
539 718 93
539 712 93
539 706 93
539 700 93
539 694 93
539 688 93
539 682 93
539 676 93
539 670 93
539 664 93
539 658 93
539 652 93
539 646 93
539 640 93
539 634 94
539 628 94
539 622 94
539 616 94
539 610 94
539 604 94
539 598 94
539 592 94
539 586 94
545 586 94
545 592 94
545 598 94
545 604 94
545 610 94
545 616 94
545 622 94
545 628 94
545 634 94
545 640 94
545 646 94
545 652 94
545 658 94
545 664 94
545 670 94
545 676 94
545 682 94
545 688 94
545 694 94
545 700 94
545 706 94
545 712 94
545 718 94
545 724 94
545 730 94
551 730 94
551 724 94
551 718 94
551 712 94
551 706 94
551 700 94
551 694 95
551 688 95
551 682 95
551 676 95
551 670 95
551 664 95
551 658 95
551 652 95
551 646 95
551 640 95
551 634 95
551 628 95
551 622 95
551 616 95
551 610 95
551 604 95
551 598 95
551 592 95
551 586 95
557 586 95
557 592 95
557 598 95
557 604 95
557 610 95
557 616 95
557 622 95
557 628 95
557 634 95
557 640 95
557 646 95
557 652 95
557 658 95
557 664 95
557 670 95
557 676 95
557 682 95
557 688 95
557 694 95
557 700 95
557 706 95
557 712 96
557 718 96
557 724 96
557 730 96
563 730 96
563 724 96
563 718 96
563 712 96
563 706 96
563 700 96
563 694 96
563 688 96
563 682 96
563 676 96
563 670 96
563 664 96
563 658 96
563 652 96
563 646 96
563 640 96
563 634 96
563 628 96
563 622 96
563 616 96
563 610 96
563 604 96
563 598 96
563 592 96
563 586 96
569 586 96
569 592 96
569 598 96
569 604 96
569 610 96
569 616 96
569 622 96
569 628 96
569 634 96
569 640 96
569 646 96
569 652 97
569 658 97
569 664 97
569 670 97
569 676 97
569 682 97
569 688 97
569 694 97
569 700 97
569 706 97
569 712 97
569 718 97
569 724 97
569 730 97
575 730 97
575 724 97
575 718 97
575 712 97
575 706 97
575 700 97
575 694 97
575 688 97
575 682 97
575 676 97
575 670 97
575 664 97
575 658 97
575 652 97
575 646 97
575 640 97
575 634 97
575 628 97
575 622 97
575 616 97
575 610 97
575 604 97
575 598 97
575 592 97
575 586 97
581 586 97
581 592 98
581 598 98
581 604 98
581 610 98
581 616 98
581 622 98
581 628 98
581 634 98
581 640 98
581 646 98
581 652 98
581 658 98
581 664 98
581 670 98
581 676 98
581 682 98
581 688 98
581 694 98
581 700 98
581 706 98
581 712 98
581 718 98
581 724 98
581 730 98
587 730 98
587 724 98
587 718 98
587 712 98
587 706 98
587 700 98
587 694 98
587 688 98
587 682 98
587 676 98
587 670 98
587 664 98
587 658 98
587 652 98
587 646 98
587 640 98
587 634 99
587 628 99
587 622 99
587 616 99
587 610 99
587 604 99
587 598 99
587 592 99
587 586 99
593 586 99
593 592 99
593 598 99
593 604 99
593 610 99
593 616 99
593 622 99
593 628 99
593 634 99
593 640 99
593 646 99
593 652 99
593 658 99
593 664 99
593 670 99
593 676 99
593 682 99
593 688 99
593 694 99
593 700 99
593 706 99
593 712 99
593 718 99
593 724 99
593 730 99
599 730 99
599 724 99
599 718 99
599 712 99
599 706 99
599 700 99
599 694 100
599 688 100
599 682 100
599 676 100
599 670 100
599 664 100
599 658 100
599 652 100
599 646 100
599 640 100
599 634 100
599 628 100
599 622 100
599 616 100
599 610 100
599 604 100
599 598 100
599 592 100
599 586 100
605 586 100
605 592 100
605 598 100
605 604 100
605 610 100
605 616 100
605 622 100
605 628 100
605 634 100
605 640 100
605 646 100
605 652 100
605 658 100
605 664 100
605 670 100
605 676 100
605 682 100
605 688 100
605 694 100
605 700 100
605 706 100
605 712 101
605 718 101
605 724 101
605 730 101
611 730 101
611 724 101
611 718 101
611 712 101
611 706 101
611 700 101
611 694 101
611 688 101
611 682 101
611 676 101
611 670 101
611 664 101
611 658 101
611 652 101
611 646 101
611 640 101
611 634 101
611 628 101
611 622 101
611 616 101
611 610 101
611 604 101
611 598 101
611 592 101
611 586 101
617 586 101
617 592 101
617 598 101
617 604 101
617 610 101
617 616 101
617 622 101
617 628 101
617 634 101
617 640 101
617 646 101
617 652 102
617 658 102
617 664 102
617 670 102
617 676 102
617 682 102
617 688 102
617 694 102
617 700 102
617 706 102
617 712 102
617 718 102
617 724 102
617 730 102
623 730 102
623 724 102
623 718 102
623 712 102
623 706 102
623 700 102
623 694 102
623 688 102
623 682 102
623 676 102
623 670 102
623 664 102
623 658 102
623 652 102
623 646 102
623 640 102
623 634 102
623 628 102
623 622 102
623 616 102
623 610 102
623 604 102
623 598 102
623 592 102
623 586 102
629 586 102
629 592 103
629 598 103
629 604 103
629 610 103
629 616 103
629 622 103
629 628 103
629 634 103
629 640 103
629 646 103
629 652 103
629 658 103
629 664 103
629 670 103
629 676 103
629 682 103
629 688 103
629 694 103
629 700 103
629 706 103
629 712 103
629 718 103
629 724 103
629 730 103
635 730 103
635 724 103
635 718 103
635 712 103
635 706 103
635 700 103
635 694 103
635 688 103
635 682 103
635 676 103
635 670 103
635 664 103
635 658 103
635 652 103
635 646 103
635 640 103
635 634 104
635 628 104
635 622 104
635 616 104
635 610 104
635 604 104
635 598 104
635 592 104
635 586 104
641 730 104
641 724 104
641 718 104
641 712 104
641 706 104
641 700 104
641 694 104
641 688 104
641 682 104
641 676 104
641 670 104
641 664 104
641 658 104
641 652 104
641 646 104
641 640 104
641 634 104
641 628 104
641 622 104
641 616 104
641 610 104
641 604 104
641 598 104
641 592 104
641 586 104
