641 586 0
635 586 0
629 586 0
623 586 0
617 586 0
611 586 0
605 586 0
599 586 0
593 586 0
587 586 0
581 586 0
575 586 0
569 586 0
563 586 0
557 586 0
551 586 0
545 586 0
539 586 0
533 586 0
527 586 0
521 586 0
515 586 0
509 586 0
503 586 0
497 586 0
491 586 0
485 586 0
479 586 0
473 586 0
467 586 0
461 586 0
455 586 0
449 586 0
443 586 0
437 586 0
431 586 0
425 586 0
419 586 0
413 586 0
407 586 0
401 586 1
395 586 1
389 586 1
383 586 1
377 586 1
371 586 1
365 586 1
359 586 1
353 586 1
347 586 1
341 586 1
335 586 1
329 586 1
323 586 1
317 586 1
311 586 1
305 586 1
299 586 1
293 586 1
287 586 1
281 586 1
275 586 1
269 586 1
263 586 1
257 586 1
251 586 1
245 586 1
239 586 1
233 586 1
227 586 1
221 586 1
215 586 1
215 592 1
221 592 1
227 592 1
233 592 1
239 592 1
245 592 1
251 592 1
257 592 1
263 592 2
269 592 2
275 592 2
281 592 2
287 592 2
293 592 2
299 592 2
305 592 2
311 592 2
317 592 2
323 592 2
329 592 2
335 592 2
341 592 2
347 592 2
353 592 2
359 592 2
365 592 2
371 592 2
377 592 2
383 592 2
389 592 2
395 592 2
401 592 2
407 592 2
413 592 2
419 592 2
425 592 2
431 592 2
437 592 2
443 592 2
449 592 2
455 592 2
461 592 2
467 592 2
473 592 2
479 592 2
485 592 2
491 592 2
497 592 2
503 592 3
509 592 3
515 592 3
521 592 3
527 592 3
533 592 3
539 592 3
545 592 3
551 592 3
557 592 3
563 592 3
569 592 3
575 592 3
581 592 3
587 592 3
593 592 3
599 592 3
605 592 3
611 592 3
617 592 3
623 592 3
629 592 3
635 592 3
641 592 3
641 598 3
635 598 3
629 598 3
623 598 3
617 598 3
611 598 3
605 598 3
599 598 3
593 598 3
587 598 3
581 598 3
575 598 3
569 598 3
563 598 3
557 598 3
551 598 3
545 598 4
539 598 4
533 598 4
527 598 4
521 598 4
515 598 4
509 598 4
503 598 4
497 598 4
491 598 4
485 598 4
479 598 4
473 598 4
467 598 4
461 598 4
455 598 4
449 598 4
443 598 4
437 598 4
431 598 4
425 598 4
419 598 4
413 598 4
407 598 4
401 598 4
395 598 4
389 598 4
383 598 4
377 598 4
371 598 4
365 598 4
359 598 4
353 598 4
347 598 4
341 598 4
335 598 4
329 598 4
323 598 4
317 598 4
311 598 4
305 598 5
299 598 5
293 598 5
287 598 5
281 598 5
275 598 5
269 598 5
263 598 5
257 598 5
251 598 5
245 598 5
239 598 5
233 598 5
227 598 5
221 598 5
215 598 5
215 604 5
221 604 5
227 604 5
233 604 5
239 604 5
245 604 5
251 604 5
257 604 5
263 604 5
269 604 5
275 604 5
281 604 5
287 604 5
293 604 5
299 604 5
305 604 5
311 604 5
317 604 5
323 604 5
329 604 5
335 604 5
341 604 5
347 604 5
353 604 5
359 604 6
365 604 6
371 604 6
377 604 6
383 604 6
389 604 6
395 604 6
401 604 6
407 604 6
413 604 6
419 604 6
425 604 6
431 604 6
437 604 6
443 604 6
449 604 6
455 604 6
461 604 6
467 604 6
473 604 6
479 604 6
485 604 6
491 604 6
497 604 6
503 604 6
509 604 6
515 604 6
521 604 6
527 604 6
533 604 6
539 604 6
545 604 6
551 604 6
557 604 6
563 604 6
569 604 6
575 604 6
581 604 6
587 604 6
593 604 6
599 604 7
605 604 7
611 604 7
617 604 7
623 604 7
629 604 7
635 604 7
641 604 7
641 610 7
635 610 7
629 610 7
623 610 7
617 610 7
611 610 7
605 610 7
599 610 7
593 610 7
587 610 7
581 610 7
575 610 7
569 610 7
563 610 7
557 610 7
551 610 7
545 610 7
539 610 7
533 610 7
527 610 7
521 610 7
515 610 7
509 610 7
503 610 7
497 610 7
491 610 7
485 610 7
479 610 7
473 610 7
467 610 7
461 610 7
455 610 7
449 610 8
443 610 8
437 610 8
431 610 8
425 610 8
419 610 8
413 610 8
407 610 8
401 610 8
395 610 8
389 610 8
383 610 8
377 610 8
371 610 8
365 610 8
359 610 8
353 610 8
347 610 8
341 610 8
335 610 8
329 610 8
323 610 8
317 610 8
311 610 8
305 610 8
299 610 8
293 610 8
287 610 8
281 610 8
275 610 8
269 610 8
263 610 8
257 610 8
251 610 8
245 610 8
239 610 8
233 610 8
227 610 8
221 610 8
215 610 8
215 616 9
221 616 9
227 616 9
233 616 9
239 616 9
245 616 9
251 616 9
257 616 9
263 616 9
269 616 9
275 616 9
281 616 9
287 616 9
293 616 9
299 616 9
305 616 9
311 616 9
317 616 9
323 616 9
329 616 9
335 616 9
341 616 9
347 616 9
353 616 9
359 616 9
365 616 9
371 616 9
377 616 9
383 616 9
389 616 9
395 616 9
401 616 9
407 616 9
413 616 9
419 616 9
425 616 9
431 616 9
437 616 9
443 616 9
449 616 9
455 616 10
461 616 10
467 616 10
473 616 10
479 616 10
485 616 10
491 616 10
497 616 10
503 616 10
509 616 10
515 616 10
521 616 10
527 616 10
533 616 10
539 616 10
545 616 10
551 616 10
557 616 10
563 616 10
569 616 10
575 616 10
581 616 10
587 616 10
593 616 10
599 616 10
605 616 10
611 616 10
617 616 10
623 616 10
629 616 10
635 616 10
641 616 10
641 622 10
635 622 10
629 622 10
623 622 10
617 622 10
611 622 10
605 622 10
599 622 10
593 622 11
587 622 11
581 622 11
575 622 11
569 622 11
563 622 11
557 622 11
551 622 11
545 622 11
539 622 11
533 622 11
527 622 11
521 622 11
515 622 11
509 622 11
503 622 11
497 622 11
491 622 11
485 622 11
479 622 11
473 622 11
467 622 11
461 622 11
455 622 11
449 622 11
443 622 11
437 622 11
431 622 11
425 622 11
419 622 11
413 622 11
407 622 11
401 622 11
395 622 11
389 622 11
383 622 11
377 622 11
371 622 11
365 622 11
359 622 11
353 622 12
347 622 12
341 622 12
335 622 12
329 622 12
323 622 12
317 622 12
311 622 12
305 622 12
299 622 12
293 622 12
287 622 12
281 622 12
275 622 12
269 622 12
263 622 12
257 622 12
251 622 12
245 622 12
239 622 12
233 622 12
227 622 12
221 622 12
215 622 12
215 628 12
221 628 12
227 628 12
233 628 12
239 628 12
245 628 12
251 628 12
257 628 12
263 628 12
269 628 12
275 628 12
281 628 12
287 628 12
293 628 12
299 628 12
305 628 12
311 628 13
317 628 13
323 628 13
329 628 13
335 628 13
341 628 13
347 628 13
353 628 13
359 628 13
365 628 13
371 628 13
377 628 13
383 628 13
389 628 13
395 628 13
401 628 13
407 628 13
413 628 13
419 628 13
425 628 13
431 628 13
437 628 13
443 628 13
449 628 13
455 628 13
461 628 13
467 628 13
473 628 13
479 628 13
485 628 13
491 628 13
497 628 13
503 628 13
509 628 13
515 628 13
521 628 13
527 628 13
533 628 13
539 628 13
545 628 13
551 628 14
557 628 14
563 628 14
569 628 14
575 628 14
581 628 14
587 628 14
593 628 14
599 628 14
605 628 14
611 628 14
617 628 14
623 628 14
629 628 14
635 628 14
641 628 14
641 634 14
635 634 14
629 634 14
623 634 14
617 634 14
611 634 14
605 634 14
599 634 14
593 634 14
587 634 14
581 634 14
575 634 14
569 634 14
563 634 14
557 634 14
551 634 14
545 634 14
539 634 14
533 634 14
527 634 14
521 634 14
515 634 14
509 634 14
503 634 14
497 634 15
491 634 15
485 634 15
479 634 15
473 634 15
467 634 15
461 634 15
455 634 15
449 634 15
443 634 15
437 634 15
431 634 15
425 634 15
419 634 15
413 634 15
407 634 15
401 634 15
395 634 15
389 634 15
383 634 15
377 634 15
371 634 15
365 634 15
359 634 15
353 634 15
347 634 15
341 634 15
335 634 15
329 634 15
323 634 15
317 634 15
311 634 15
305 634 15
299 634 15
293 634 15
287 634 15
281 634 15
275 634 15
269 634 15
263 634 15
257 634 16
251 634 16
245 634 16
239 634 16
233 634 16
227 634 16
221 634 16
215 634 16
215 640 16
221 640 16
227 640 16
233 640 16
239 640 16
245 640 16
251 640 16
257 640 16
263 640 16
269 640 16
275 640 16
281 640 16
287 640 16
293 640 16
299 640 16
305 640 16
311 640 16
317 640 16
323 640 16
329 640 16
335 640 16
341 640 16
347 640 16
353 640 16
359 640 16
365 640 16
371 640 16
377 640 16
383 640 16
389 640 16
395 640 16
401 640 16
407 640 17
413 640 17
419 640 17
425 640 17
431 640 17
437 640 17
443 640 17
449 640 17
455 640 17
461 640 17
467 640 17
473 640 17
479 640 17
485 640 17
491 640 17
497 640 17
503 640 17
509 640 17
515 640 17
521 640 17
527 640 17
533 640 17
539 640 17
545 640 17
551 640 17
557 640 17
563 640 17
569 640 17
575 640 17
581 640 17
587 640 17
593 640 17
599 640 17
605 640 17
611 640 17
617 640 17
623 640 17
629 640 17
635 640 17
641 640 17
641 646 18
635 646 18
629 646 18
623 646 18
617 646 18
611 646 18
605 646 18
599 646 18
593 646 18
587 646 18
581 646 18
575 646 18
569 646 18
563 646 18
557 646 18
551 646 18
545 646 18
539 646 18
533 646 18
527 646 18
521 646 18
515 646 18
509 646 18
503 646 18
497 646 18
491 646 18
485 646 18
479 646 18
473 646 18
467 646 18
461 646 18
455 646 18
449 646 18
443 646 18
437 646 18
431 646 18
425 646 18
419 646 18
413 646 18
407 646 18
401 646 19
395 646 19
389 646 19
383 646 19
377 646 19
371 646 19
365 646 19
359 646 19
353 646 19
347 646 19
341 646 19
335 646 19
329 646 19
323 646 19
317 646 19
311 646 19
305 646 19
299 646 19
293 646 19
287 646 19
281 646 19
275 646 19
269 646 19
263 646 19
257 646 19
251 646 19
245 646 19
239 646 19
233 646 19
227 646 19
221 646 19
215 646 19
215 652 19
221 652 19
227 652 19
233 652 19
239 652 19
245 652 19
251 652 19
257 652 19
263 652 20
269 652 20
275 652 20
281 652 20
287 652 20
293 652 20
299 652 20
305 652 20
311 652 20
317 652 20
323 652 20
329 652 20
335 652 20
341 652 20
347 652 20
353 652 20
359 652 20
365 652 20
371 652 20
377 652 20
383 652 20
389 652 20
395 652 20
401 652 20
407 652 20
413 652 20
419 652 20
425 652 20
431 652 20
437 652 20
443 652 20
449 652 20
455 652 20
461 652 20
467 652 20
473 652 20
479 652 20
485 652 20
491 652 20
497 652 20
503 652 21
509 652 21
515 652 21
521 652 21
527 652 21
533 652 21
539 652 21
545 652 21
551 652 21
557 652 21
563 652 21
569 652 21
575 652 21
581 652 21
587 652 21
593 652 21
599 652 21
605 652 21
611 652 21
617 652 21
623 652 21
629 652 21
635 652 21
641 652 21
641 658 21
635 658 21
629 658 21
623 658 21
617 658 21
611 658 21
605 658 21
599 658 21
593 658 21
587 658 21
581 658 21
575 658 21
569 658 21
563 658 21
557 658 21
551 658 21
545 658 22
539 658 22
533 658 22
527 658 22
521 658 22
515 658 22
509 658 22
503 658 22
497 658 22
491 658 22
485 658 22
479 658 22
473 658 22
467 658 22
461 658 22
455 658 22
449 658 22
443 658 22
437 658 22
431 658 22
425 658 22
419 658 22
413 658 22
407 658 22
401 658 22
395 658 22
389 658 22
383 658 22
377 658 22
371 658 22
365 658 22
359 658 22
353 658 22
347 658 22
341 658 22
335 658 22
329 658 22
323 658 22
317 658 22
311 658 22
305 658 23
299 658 23
293 658 23
287 658 23
281 658 23
275 658 23
269 658 23
263 658 23
257 658 23
251 658 23
245 658 23
239 658 23
233 658 23
227 658 23
221 658 23
215 658 23
215 664 23
221 664 23
227 664 23
233 664 23
239 664 23
245 664 23
251 664 23
257 664 23
263 664 23
269 664 23
275 664 23
281 664 23
287 664 23
293 664 23
299 664 23
305 664 23
311 664 23
317 664 23
323 664 23
329 664 23
335 664 23
341 664 23
347 664 23
353 664 23
359 664 24
365 664 24
371 664 24
377 664 24
383 664 24
389 664 24
395 664 24
401 664 24
407 664 24
413 664 24
419 664 24
425 664 24
431 664 24
437 664 24
443 664 24
449 664 24
455 664 24
461 664 24
467 664 24
473 664 24
479 664 24
485 664 24
491 664 24
497 664 24
503 664 24
509 664 24
515 664 24
521 664 24
527 664 24
533 664 24
539 664 24
545 664 24
551 664 24
557 664 24
563 664 24
569 664 24
575 664 24
581 664 24
587 664 24
593 664 24
599 664 25
605 664 25
611 664 25
617 664 25
623 664 25
629 664 25
635 664 25
641 664 25
641 670 25
635 670 25
629 670 25
623 670 25
617 670 25
611 670 25
605 670 25
599 670 25
593 670 25
587 670 25
581 670 25
575 670 25
569 670 25
563 670 25
557 670 25
551 670 25
545 670 25
539 670 25
533 670 25
527 670 25
521 670 25
515 670 25
509 670 25
503 670 25
497 670 25
491 670 25
485 670 25
479 670 25
473 670 25
467 670 25
461 670 25
455 670 25
449 670 26
443 670 26
437 670 26
431 670 26
425 670 26
419 670 26
413 670 26
407 670 26
401 670 26
395 670 26
389 670 26
383 670 26
377 670 26
371 670 26
365 670 26
359 670 26
353 670 26
347 670 26
341 670 26
335 670 26
329 670 26
323 670 26
317 670 26
311 670 26
305 670 26
299 670 26
293 670 26
287 670 26
281 670 26
275 670 26
269 670 26
263 670 26
257 670 26
251 670 26
245 670 26
239 670 26
233 670 26
227 670 26
221 670 26
215 670 26
215 676 27
221 676 27
227 676 27
233 676 27
239 676 27
245 676 27
251 676 27
257 676 27
263 676 27
269 676 27
275 676 27
281 676 27
287 676 27
293 676 27
299 676 27
305 676 27
311 676 27
317 676 27
323 676 27
329 676 27
335 676 27
341 676 27
347 676 27
353 676 27
359 676 27
365 676 27
371 676 27
377 676 27
383 676 27
389 676 27
395 676 27
401 676 27
407 676 27
413 676 27
419 676 27
425 676 27
431 676 27
437 676 27
443 676 27
449 676 27
455 676 28
461 676 28
467 676 28
473 676 28
479 676 28
485 676 28
491 676 28
497 676 28
503 676 28
509 676 28
515 676 28
521 676 28
527 676 28
533 676 28
539 676 28
545 676 28
551 676 28
557 676 28
563 676 28
569 676 28
575 676 28
581 676 28
587 676 28
593 676 28
599 676 28
605 676 28
611 676 28
617 676 28
623 676 28
629 676 28
635 676 28
641 676 28
641 682 28
635 682 28
629 682 28
623 682 28
617 682 28
611 682 28
605 682 28
599 682 28
593 682 29
587 682 29
581 682 29
575 682 29
569 682 29
563 682 29
557 682 29
551 682 29
545 682 29
539 682 29
533 682 29
527 682 29
521 682 29
515 682 29
509 682 29
503 682 29
497 682 29
491 682 29
485 682 29
479 682 29
473 682 29
467 682 29
461 682 29
455 682 29
449 682 29
443 682 29
437 682 29
431 682 29
425 682 29
419 682 29
413 682 29
407 682 29
401 682 29
395 682 29
389 682 29
383 682 29
377 682 29
371 682 29
365 682 29
359 682 29
353 682 30
347 682 30
341 682 30
335 682 30
329 682 30
323 682 30
317 682 30
311 682 30
305 682 30
299 682 30
293 682 30
287 682 30
281 682 30
275 682 30
269 682 30
263 682 30
257 682 30
251 682 30
245 682 30
239 682 30
233 682 30
227 682 30
221 682 30
215 682 30
215 688 30
221 688 30
227 688 30
233 688 30
239 688 30
245 688 30
251 688 30
257 688 30
263 688 30
269 688 30
275 688 30
281 688 30
287 688 30
293 688 30
299 688 30
305 688 30
311 688 31
317 688 31
323 688 31
329 688 31
335 688 31
341 688 31
347 688 31
353 688 31
359 688 31
365 688 31
371 688 31
377 688 31
383 688 31
389 688 31
395 688 31
401 688 31
407 688 31
413 688 31
419 688 31
425 688 31
431 688 31
437 688 31
443 688 31
449 688 31
455 688 31
461 688 31
467 688 31
473 688 31
479 688 31
485 688 31
491 688 31
497 688 31
503 688 31
509 688 31
515 688 31
521 688 31
527 688 31
533 688 31
539 688 31
545 688 31
551 688 32
557 688 32
563 688 32
569 688 32
575 688 32
581 688 32
587 688 32
593 688 32
599 688 32
605 688 32
611 688 32
617 688 32
623 688 32
629 688 32
635 688 32
641 688 32
641 694 32
635 694 32
629 694 32
623 694 32
617 694 32
611 694 32
605 694 32
599 694 32
593 694 32
587 694 32
581 694 32
575 694 32
569 694 32
563 694 32
557 694 32
551 694 32
545 694 32
539 694 32
533 694 32
527 694 32
521 694 32
515 694 32
509 694 32
503 694 32
497 694 33
491 694 33
485 694 33
479 694 33
473 694 33
467 694 33
461 694 33
455 694 33
449 694 33
443 694 33
437 694 33
431 694 33
425 694 33
419 694 33
413 694 33
407 694 33
401 694 33
395 694 33
389 694 33
383 694 33
377 694 33
371 694 33
365 694 33
359 694 33
353 694 33
347 694 33
341 694 33
335 694 33
329 694 33
323 694 33
317 694 33
311 694 33
305 694 33
299 694 33
293 694 33
287 694 33
281 694 33
275 694 33
269 694 33
263 694 33
257 694 34
251 694 34
245 694 34
239 694 34
233 694 34
227 694 34
221 694 34
215 694 34
215 700 34
221 700 34
227 700 34
233 700 34
239 700 34
245 700 34
251 700 34
257 700 34
263 700 34
269 700 34
275 700 34
281 700 34
287 700 34
293 700 34
299 700 34
305 700 34
311 700 34
317 700 34
323 700 34
329 700 34
335 700 34
341 700 34
347 700 34
353 700 34
359 700 34
365 700 34
371 700 34
377 700 34
383 700 34
389 700 34
395 700 34
401 700 34
407 700 35
413 700 35
419 700 35
425 700 35
431 700 35
437 700 35
443 700 35
449 700 35
455 700 35
461 700 35
467 700 35
473 700 35
479 700 35
485 700 35
491 700 35
497 700 35
503 700 35
509 700 35
515 700 35
521 700 35
527 700 35
533 700 35
539 700 35
545 700 35
551 700 35
557 700 35
563 700 35
569 700 35
575 700 35
581 700 35
587 700 35
593 700 35
599 700 35
605 700 35
611 700 35
617 700 35
623 700 35
629 700 35
635 700 35
641 700 35
641 706 36
635 706 36
629 706 36
623 706 36
617 706 36
611 706 36
605 706 36
599 706 36
593 706 36
587 706 36
581 706 36
575 706 36
569 706 36
563 706 36
557 706 36
551 706 36
545 706 36
539 706 36
533 706 36
527 706 36
521 706 36
515 706 36
509 706 36
503 706 36
497 706 36
491 706 36
485 706 36
479 706 36
473 706 36
467 706 36
461 706 36
455 706 36
449 706 36
443 706 36
437 706 36
431 706 36
425 706 36
419 706 36
413 706 36
407 706 36
401 706 37
395 706 37
389 706 37
383 706 37
377 706 37
371 706 37
365 706 37
359 706 37
353 706 37
347 706 37
341 706 37
335 706 37
329 706 37
323 706 37
317 706 37
311 706 37
305 706 37
299 706 37
293 706 37
287 706 37
281 706 37
275 706 37
269 706 37
263 706 37
257 706 37
251 706 37
245 706 37
239 706 37
233 706 37
227 706 37
221 706 37
215 706 37
215 712 37
221 712 37
227 712 37
233 712 37
239 712 37
245 712 37
251 712 37
257 712 37
263 712 38
269 712 38
275 712 38
281 712 38
287 712 38
293 712 38
299 712 38
305 712 38
311 712 38
317 712 38
323 712 38
329 712 38
335 712 38
341 712 38
347 712 38
353 712 38
359 712 38
365 712 38
371 712 38
377 712 38
383 712 38
389 712 38
395 712 38
401 712 38
407 712 38
413 712 38
419 712 38
425 712 38
431 712 38
437 712 38
443 712 38
449 712 38
455 712 38
461 712 38
467 712 38
473 712 38
479 712 38
485 712 38
491 712 38
497 712 38
503 712 39
509 712 39
515 712 39
521 712 39
527 712 39
533 712 39
539 712 39
545 712 39
551 712 39
557 712 39
563 712 39
569 712 39
575 712 39
581 712 39
587 712 39
593 712 39
599 712 39
605 712 39
611 712 39
617 712 39
623 712 39
629 712 39
635 712 39
641 712 39
641 718 39
635 718 39
629 718 39
623 718 39
617 718 39
611 718 39
605 718 39
599 718 39
593 718 39
587 718 39
581 718 39
575 718 39
569 718 39
563 718 39
557 718 39
551 718 39
545 718 40
539 718 40
533 718 40
527 718 40
521 718 40
515 718 40
509 718 40
503 718 40
497 718 40
491 718 40
485 718 40
479 718 40
473 718 40
467 718 40
461 718 40
455 718 40
449 718 40
443 718 40
437 718 40
431 718 40
425 718 40
419 718 40
413 718 40
407 718 40
401 718 40
395 718 40
389 718 40
383 718 40
377 718 40
371 718 40
365 718 40
359 718 40
353 718 40
347 718 40
341 718 40
335 718 40
329 718 40
323 718 40
317 718 40
311 718 40
305 718 41
299 718 41
293 718 41
287 718 41
281 718 41
275 718 41
269 718 41
263 718 41
257 718 41
251 718 41
245 718 41
239 718 41
233 718 41
227 718 41
221 718 41
215 718 41
215 724 41
221 724 41
227 724 41
233 724 41
239 724 41
245 724 41
251 724 41
257 724 41
263 724 41
269 724 41
275 724 41
281 724 41
287 724 41
293 724 41
299 724 41
305 724 41
311 724 41
317 724 41
323 724 41
329 724 41
335 724 41
341 724 41
347 724 41
353 724 41
359 724 42
365 724 42
371 724 42
377 724 42
383 724 42
389 724 42
395 724 42
401 724 42
407 724 42
413 724 42
419 724 42
425 724 42
431 724 42
437 724 42
443 724 42
449 724 42
455 724 42
461 724 42
467 724 42
473 724 42
479 724 42
485 724 42
491 724 42
497 724 42
503 724 42
509 724 42
515 724 42
521 724 42
527 724 42
533 724 42
539 724 42
545 724 42
551 724 42
557 724 42
563 724 42
569 724 42
575 724 42
581 724 42
587 724 42
593 724 42
599 724 43
605 724 43
611 724 43
617 724 43
623 724 43
629 724 43
635 724 43
641 724 43
641 730 43
635 730 43
629 730 43
623 730 43
617 730 43
611 730 43
605 730 43
599 730 43
593 730 43
587 730 43
581 730 43
575 730 43
569 730 43
563 730 43
557 730 43
551 730 43
545 730 43
539 730 43
533 730 43
527 730 43
521 730 43
515 730 43
509 730 43
503 730 43
497 730 43
491 730 43
485 730 43
479 730 43
473 730 43
467 730 43
461 730 43
455 730 43
449 730 44
443 730 44
437 730 44
431 730 44
425 730 44
419 730 44
413 730 44
407 730 44
401 730 44
395 730 44
389 730 44
383 730 44
377 730 44
371 730 44
365 730 44
359 730 44
353 730 44
347 730 44
341 730 44
335 730 44
329 730 44
323 730 44
317 730 44
311 730 44
305 730 44
299 730 44
293 730 44
287 730 44
281 730 44
275 730 44
269 730 44
263 730 44
257 730 44
251 730 44
245 730 44
239 730 44
233 730 44
227 730 44
221 730 44
215 730 44
215 736 45
221 736 45
227 736 45
233 736 45
239 736 45
245 736 45
251 736 45
257 736 45
263 736 45
269 736 45
275 736 45
281 736 45
287 736 45
293 736 45
299 736 45
305 736 45
311 736 45
317 736 45
323 736 45
329 736 45
335 736 45
341 736 45
347 736 45
353 736 45
359 736 45
365 736 45
371 736 45
377 736 45
383 736 45
389 736 45
395 736 45
401 736 45
407 736 45
413 736 45
419 736 45
425 736 45
431 736 45
437 736 45
443 736 45
449 736 45
455 736 46
461 736 46
467 736 46
473 736 46
479 736 46
485 736 46
491 736 46
497 736 46
503 736 46
509 736 46
515 736 46
521 736 46
527 736 46
533 736 46
539 736 46
545 736 46
551 736 46
557 736 46
563 736 46
569 736 46
575 736 46
581 736 46
587 736 46
593 736 46
599 736 46
605 736 46
611 736 46
617 736 46
623 736 46
629 736 46
635 736 46
641 736 46
641 742 46
635 742 46
629 742 46
623 742 46
617 742 46
611 742 46
605 742 46
599 742 46
593 742 47
587 742 47
581 742 47
575 742 47
569 742 47
563 742 47
557 742 47
551 742 47
545 742 47
539 742 47
533 742 47
527 742 47
521 742 47
515 742 47
509 742 47
503 742 47
497 742 47
491 742 47
485 742 47
479 742 47
473 742 47
467 742 47
461 742 47
455 742 47
449 742 47
443 742 47
437 742 47
431 742 47
425 742 47
419 742 47
413 742 47
407 742 47
401 742 47
395 742 47
389 742 47
383 742 47
377 742 47
371 742 47
365 742 47
359 742 47
353 742 48
347 742 48
341 742 48
335 742 48
329 742 48
323 742 48
317 742 48
311 742 48
305 742 48
299 742 48
293 742 48
287 742 48
281 742 48
275 742 48
269 742 48
263 742 48
257 742 48
251 742 48
245 742 48
239 742 48
233 742 48
227 742 48
221 742 48
215 742 48
215 748 48
221 748 48
227 748 48
233 748 48
239 748 48
245 748 48
251 748 48
257 748 48
263 748 48
269 748 48
275 748 48
281 748 48
287 748 48
293 748 48
299 748 48
305 748 48
311 748 49
317 748 49
323 748 49
329 748 49
335 748 49
341 748 49
347 748 49
353 748 49
359 748 49
365 748 49
371 748 49
377 748 49
383 748 49
389 748 49
395 748 49
401 748 49
407 748 49
413 748 49
419 748 49
425 748 49
431 748 49
437 748 49
443 748 49
449 748 49
455 748 49
461 748 49
467 748 49
473 748 49
479 748 49
485 748 49
491 748 49
497 748 49
503 748 49
509 748 49
515 748 49
521 748 49
527 748 49
533 748 49
539 748 49
545 748 49
551 748 50
557 748 50
563 748 50
569 748 50
575 748 50
581 748 50
587 748 50
593 748 50
599 748 50
605 748 50
611 748 50
617 748 50
623 748 50
629 748 50
635 748 50
641 748 50
641 754 50
635 754 50
629 754 50
623 754 50
617 754 50
611 754 50
605 754 50
599 754 50
593 754 50
587 754 50
581 754 50
575 754 50
569 754 50
563 754 50
557 754 50
551 754 50
545 754 50
539 754 50
533 754 50
527 754 50
521 754 50
515 754 50
509 754 50
503 754 50
497 754 51
491 754 51
485 754 51
479 754 51
473 754 51
467 754 51
461 754 51
455 754 51
449 754 51
443 754 51
437 754 51
431 754 51
425 754 51
419 754 51
413 754 51
407 754 51
401 754 51
395 754 51
389 754 51
383 754 51
377 754 51
371 754 51
365 754 51
359 754 51
353 754 51
347 754 51
341 754 51
335 754 51
329 754 51
323 754 51
317 754 51
311 754 51
305 754 51
299 754 51
293 754 51
287 754 51
281 754 51
275 754 51
269 754 51
263 754 51
257 754 52
251 754 52
245 754 52
239 754 52
233 754 52
227 754 52
221 754 52
215 754 52
215 760 52
221 760 52
227 760 52
233 760 52
239 760 52
245 760 52
251 760 52
257 760 52
263 760 52
269 760 52
275 760 52
281 760 52
287 760 52
293 760 52
299 760 52
305 760 52
311 760 52
317 760 52
323 760 52
329 760 52
335 760 52
341 760 52
347 760 52
353 760 52
359 760 52
365 760 52
371 760 52
377 760 52
383 760 52
389 760 52
395 760 52
401 760 52
407 760 53
413 760 53
419 760 53
425 760 53
431 760 53
437 760 53
443 760 53
449 760 53
455 760 53
461 760 53
467 760 53
473 760 53
479 760 53
485 760 53
491 760 53
497 760 53
503 760 53
509 760 53
515 760 53
521 760 53
527 760 53
533 760 53
539 760 53
545 760 53
551 760 53
557 760 53
563 760 53
569 760 53
575 760 53
581 760 53
587 760 53
593 760 53
599 760 53
605 760 53
611 760 53
617 760 53
623 760 53
629 760 53
635 760 53
641 760 53
641 766 54
635 766 54
629 766 54
623 766 54
617 766 54
611 766 54
605 766 54
599 766 54
593 766 54
587 766 54
581 766 54
575 766 54
569 766 54
563 766 54
557 766 54
551 766 54
545 766 54
539 766 54
533 766 54
527 766 54
521 766 54
515 766 54
509 766 54
503 766 54
497 766 54
491 766 54
485 766 54
479 766 54
473 766 54
467 766 54
461 766 54
455 766 54
449 766 54
443 766 54
437 766 54
431 766 54
425 766 54
419 766 54
413 766 54
407 766 54
401 766 55
395 766 55
389 766 55
383 766 55
377 766 55
371 766 55
365 766 55
359 766 55
353 766 55
347 766 55
341 766 55
335 766 55
329 766 55
323 766 55
317 766 55
311 766 55
305 766 55
299 766 55
293 766 55
287 766 55
281 766 55
275 766 55
269 766 55
263 766 55
257 766 55
251 766 55
245 766 55
239 766 55
233 766 55
227 766 55
221 766 55
215 766 55
215 772 55
221 772 55
227 772 55
233 772 55
239 772 55
245 772 55
251 772 55
257 772 55
263 772 56
269 772 56
275 772 56
281 772 56
287 772 56
293 772 56
299 772 56
305 772 56
311 772 56
317 772 56
323 772 56
329 772 56
335 772 56
341 772 56
347 772 56
353 772 56
359 772 56
365 772 56
371 772 56
377 772 56
383 772 56
389 772 56
395 772 56
401 772 56
407 772 56
413 772 56
419 772 56
425 772 56
431 772 56
437 772 56
443 772 56
449 772 56
455 772 56
461 772 56
467 772 56
473 772 56
479 772 56
485 772 56
491 772 56
497 772 56
503 772 57
509 772 57
515 772 57
521 772 57
527 772 57
533 772 57
539 772 57
545 772 57
551 772 57
557 772 57
563 772 57
569 772 57
575 772 57
581 772 57
587 772 57
593 772 57
599 772 57
605 772 57
611 772 57
617 772 57
623 772 57
629 772 57
635 772 57
641 772 57
641 778 57
635 778 57
629 778 57
623 778 57
617 778 57
611 778 57
605 778 57
599 778 57
593 778 57
587 778 57
581 778 57
575 778 57
569 778 57
563 778 57
557 778 57
551 778 57
545 778 58
539 778 58
533 778 58
527 778 58
521 778 58
515 778 58
509 778 58
503 778 58
497 778 58
491 778 58
485 778 58
479 778 58
473 778 58
467 778 58
461 778 58
455 778 58
449 778 58
443 778 58
437 778 58
431 778 58
425 778 58
419 778 58
413 778 58
407 778 58
401 778 58
395 778 58
389 778 58
383 778 58
377 778 58
371 778 58
365 778 58
359 778 58
353 778 58
347 778 58
341 778 58
335 778 58
329 778 58
323 778 58
317 778 58
311 778 58
305 778 59
299 778 59
293 778 59
293 784 59
299 784 59
305 784 59
311 784 59
317 784 59
323 784 59
329 784 59
335 784 59
341 784 59
347 784 59
353 784 59
359 784 59
365 784 59
371 784 59
377 784 59
383 784 59
389 784 59
395 784 59
401 784 59
407 784 59
413 784 59
419 784 59
425 784 59
431 784 59
437 784 59
443 784 59
449 784 59
455 784 59
461 784 59
467 784 59
473 784 59
479 784 59
485 784 59
491 784 59
497 784 59
503 784 59
509 784 59
515 784 60
521 784 60
527 784 60
533 784 60
539 784 60
545 784 60
551 784 60
557 784 60
563 784 60
569 784 60
575 784 60
581 784 60
587 784 60
593 784 60
599 784 60
605 784 60
611 784 60
617 784 60
623 784 60
629 784 60
635 784 60
641 784 60
641 790 60
635 790 60
629 790 60
623 790 60
617 790 60
611 790 60
605 790 60
599 790 60
593 790 60
587 790 60
581 790 60
575 790 60
569 790 60
563 790 60
557 790 60
551 790 60
545 790 60
539 790 60
533 790 61
527 790 61
521 790 61
515 790 61
509 790 61
503 790 61
497 790 61
491 790 61
485 790 61
479 790 61
473 790 61
467 790 61
461 790 61
455 790 61
449 790 61
443 790 61
437 790 61
431 790 61
425 790 61
419 790 61
413 790 61
407 790 61
401 790 61
395 790 61
389 790 61
383 790 61
377 790 61
371 790 61
365 790 61
359 790 61
353 790 61
347 790 61
341 790 61
335 790 61
329 790 61
323 790 61
317 790 61
311 790 61
305 790 61
299 790 61
293 790 62
293 796 62
299 796 62
305 796 62
311 796 62
317 796 62
323 796 62
329 796 62
335 796 62
341 796 62
347 796 62
353 796 62
359 796 62
365 796 62
371 796 62
377 796 62
383 796 62
389 796 62
395 796 62
401 796 62
407 796 62
413 796 62
419 796 62
425 796 62
431 796 62
437 796 62
443 796 62
449 796 62
455 796 62
461 796 62
467 796 62
473 796 62
479 796 62
485 796 62
491 796 62
497 796 62
503 796 62
509 796 62
515 796 62
521 796 62
527 796 63
533 796 63
539 796 63
545 796 63
551 796 63
557 796 63
563 796 63
569 796 63
575 796 63
581 796 63
587 796 63
593 796 63
599 796 63
605 796 63
611 796 63
617 796 63
623 796 63
629 796 63
635 796 63
641 796 63
641 802 63
635 802 63
629 802 63
623 802 63
617 802 63
611 802 63
605 802 63
599 802 63
593 802 63
587 802 63
581 802 63
575 802 63
569 802 63
563 802 63
557 802 63
551 802 63
545 802 63
539 802 63
533 802 63
527 802 63
521 802 64
515 802 64
509 802 64
503 802 64
497 802 64
491 802 64
485 802 64
479 802 64
473 802 64
467 802 64
461 802 64
455 802 64
449 802 64
443 802 64
437 802 64
431 802 64
425 802 64
419 802 64
413 802 64
407 802 64
401 802 64
395 802 64
389 802 64
383 802 64
377 802 64
371 802 64
365 802 64
359 802 64
353 802 64
347 802 64
341 802 64
335 802 64
329 802 64
323 802 64
317 802 64
311 802 64
305 802 64
299 802 64
293 802 64
293 808 64
299 808 65
305 808 65
311 808 65
317 808 65
323 808 65
329 808 65
335 808 65
341 808 65
347 808 65
353 808 65
359 808 65
365 808 65
371 808 65
377 808 65
383 808 65
389 808 65
395 808 65
401 808 65
407 808 65
413 808 65
419 808 65
425 808 65
431 808 65
437 808 65
443 808 65
449 808 65
455 808 65
461 808 65
467 808 65
473 808 65
479 808 65
485 808 65
491 808 65
497 808 65
503 808 65
509 808 65
515 808 65
521 808 65
527 808 65
533 808 65
539 808 66
545 808 66
551 808 66
557 808 66
563 808 66
569 808 66
575 808 66
581 808 66
587 808 66
593 808 66
599 808 66
605 808 66
611 808 66
617 808 66
623 808 66
629 808 66
635 808 66
641 808 66
641 814 66
635 814 66
629 814 66
623 814 66
617 814 66
611 814 66
605 814 66
599 814 66
593 814 66
587 814 66
581 814 66
575 814 66
569 814 66
563 814 66
557 814 66
551 814 66
545 814 66
539 814 66
533 814 66
527 814 66
521 814 66
515 814 66
509 814 67
503 814 67
497 814 67
491 814 67
485 814 67
479 814 67
473 814 67
467 814 67
461 814 67
455 814 67
449 814 67
443 814 67
437 814 67
431 814 67
425 814 67
419 814 67
413 814 67
407 814 67
401 814 67
395 814 67
389 814 67
383 814 67
377 814 67
371 814 67
365 814 67
359 814 67
353 814 67
347 814 67
341 814 67
335 814 67
329 814 67
323 814 67
317 814 67
311 814 67
305 814 67
299 814 67
293 814 67
293 820 67
299 820 67
305 820 67
311 820 68
317 820 68
323 820 68
329 820 68
335 820 68
341 820 68
347 820 68
353 820 68
359 820 68
365 820 68
371 820 68
377 820 68
383 820 68
389 820 68
395 820 68
401 820 68
407 820 68
413 820 68
419 820 68
425 820 68
431 820 68
437 820 68
443 820 68
449 820 68
455 820 68
461 820 68
467 820 68
473 820 68
479 820 68
485 820 68
491 820 68
497 820 68
503 820 68
509 820 68
515 820 68
521 820 68
527 820 68
533 820 68
539 820 68
545 820 68
551 820 69
557 820 69
563 820 69
569 820 69
575 820 69
581 820 69
587 820 69
593 820 69
599 820 69
605 820 69
611 820 69
617 820 69
623 820 69
629 820 69
635 820 69
641 820 69
641 826 69
635 826 69
629 826 69
623 826 69
617 826 69
611 826 69
605 826 69
599 826 69
593 826 69
587 826 69
581 826 69
575 826 69
569 826 69
563 826 69
557 826 69
551 826 69
545 826 69
539 826 69
533 826 69
527 826 69
521 826 69
515 826 69
509 826 69
503 826 69
497 826 70
491 826 70
485 826 70
479 826 70
473 826 70
467 826 70
461 826 70
455 826 70
449 826 70
443 826 70
437 826 70
431 826 70
425 826 70
419 826 70
413 826 70
407 826 70
401 826 70
395 826 70
389 826 70
383 826 70
377 826 70
371 826 70
365 826 70
359 826 70
353 826 70
347 826 70
341 826 70
335 826 70
329 826 70
323 826 70
317 826 70
311 826 70
305 826 70
299 826 70
293 826 70
293 832 70
299 832 70
305 832 70
311 832 70
317 832 70
323 832 71
329 832 71
335 832 71
341 832 71
347 832 71
353 832 71
359 832 71
365 832 71
371 832 71
377 832 71
383 832 71
389 832 71
395 832 71
401 832 71
407 832 71
413 832 71
419 832 71
425 832 71
431 832 71
437 832 71
443 832 71
449 832 71
455 832 71
461 832 71
467 832 71
473 832 71
479 832 71
485 832 71
491 832 71
497 832 71
503 832 71
509 832 71
515 832 71
521 832 71
527 832 71
533 832 71
539 832 71
545 832 71
551 832 71
557 832 71
563 832 72
569 832 72
575 832 72
581 832 72
587 832 72
593 832 72
599 832 72
605 832 72
611 832 72
617 832 72
623 832 72
629 832 72
635 832 72
641 832 72
641 838 72
635 838 72
629 838 72
623 838 72
617 838 72
611 838 72
605 838 72
599 838 72
593 838 72
587 838 72
581 838 72
575 838 72
569 838 72
563 838 72
557 838 72
551 838 72
545 838 72
539 838 72
533 838 72
527 838 72
521 838 72
515 838 72
509 838 72
503 838 72
497 838 72
491 838 72
485 838 73
479 838 73
473 838 73
467 838 73
461 838 73
455 838 73
449 838 73
443 838 73
437 838 73
431 838 73
425 838 73
419 838 73
413 838 73
407 838 73
401 838 73
395 838 73
389 838 73
383 838 73
377 838 73
371 838 73
365 838 73
359 838 73
353 838 73
347 838 73
341 838 73
335 838 73
329 838 73
323 838 73
317 838 73
311 838 73
305 838 73
299 838 73
293 838 73
293 844 73
299 844 73
305 844 73
311 844 73
317 844 73
323 844 73
329 844 73
335 844 74
341 844 74
347 844 74
353 844 74
359 844 74
365 844 74
371 844 74
377 844 74
383 844 74
389 844 74
395 844 74
401 844 74
407 844 74
413 844 74
419 844 74
425 844 74
431 844 74
437 844 74
443 844 74
449 844 74
455 844 74
461 844 74
467 844 74
473 844 74
479 844 74
485 844 74
491 844 74
497 844 74
503 844 74
509 844 74
515 844 74
521 844 74
527 844 74
533 844 74
539 844 74
545 844 74
551 844 74
557 844 74
563 844 74
569 844 74
575 844 75
581 844 75
587 844 75
593 844 75
599 844 75
605 844 75
611 844 75
617 844 75
623 844 75
629 844 75
635 844 75
641 844 75
641 850 75
635 850 75
629 850 75
623 850 75
617 850 75
611 850 75
605 850 75
599 850 75
593 850 75
587 850 75
581 850 75
575 850 75
569 850 75
563 850 75
557 850 75
551 850 75
545 850 75
539 850 75
533 850 75
527 850 75
521 850 75
515 850 75
509 850 75
503 850 75
497 850 75
491 850 75
485 850 75
479 850 75
473 850 76
467 850 76
461 850 76
455 850 76
449 850 76
443 850 76
437 850 76
431 850 76
425 850 76
419 850 76
413 850 76
407 850 76
401 850 76
395 850 76
389 850 76
383 850 76
377 850 76
371 850 76
365 850 76
359 850 76
353 850 76
347 850 76
341 850 76
335 850 76
329 850 76
323 850 76
317 850 76
311 850 76
305 850 76
299 850 76
293 850 76
293 856 76
299 856 76
305 856 76
311 856 76
317 856 76
323 856 76
329 856 76
335 856 76
341 856 76
347 856 77
353 856 77
359 856 77
365 856 77
371 856 77
377 856 77
383 856 77
389 856 77
395 856 77
401 856 77
407 856 77
413 856 77
419 856 77
425 856 77
431 856 77
437 856 77
443 856 77
449 856 77
455 856 77
461 856 77
467 856 77
473 856 77
479 856 77
485 856 77
491 856 77
497 856 77
503 856 77
509 856 77
515 856 77
521 856 77
527 856 77
533 856 77
539 856 77
545 856 77
551 856 77
557 856 77
563 856 77
569 856 77
575 856 77
581 856 77
587 856 78
593 856 78
599 856 78
605 856 78
611 856 78
617 856 78
623 856 78
629 856 78
635 856 78
641 856 78
641 862 78
635 862 78
629 862 78
623 862 78
617 862 78
611 862 78
605 862 78
599 862 78
593 862 78
587 862 78
581 862 78
575 862 78
569 862 78
563 862 78
557 862 78
551 862 78
545 862 78
539 862 78
533 862 78
527 862 78
521 862 78
515 862 78
509 862 78
503 862 78
497 862 78
491 862 78
485 862 78
479 862 78
473 862 78
467 862 78
461 862 79
455 862 79
449 862 79
443 862 79
437 862 79
431 862 79
425 862 79
419 862 79
413 862 79
407 862 79
401 862 79
395 862 79
389 862 79
383 862 79
377 862 79
371 862 79
365 862 79
359 862 79
353 862 79
347 862 79
341 862 79
335 862 79
329 862 79
323 862 79
317 862 79
311 862 79
305 862 79
299 862 79
293 862 79
293 868 79
299 868 79
305 868 79
311 868 79
317 868 79
323 868 79
329 868 79
335 868 79
341 868 79
347 868 79
353 868 79
359 868 80
365 868 80
371 868 80
377 868 80
383 868 80
389 868 80
395 868 80
401 868 80
407 868 80
413 868 80
419 868 80
425 868 80
431 868 80
437 868 80
443 868 80
449 868 80
455 868 80
461 868 80
467 868 80
473 868 80
479 868 80
485 868 80
491 868 80
497 868 80
503 868 80
509 868 80
515 868 80
521 868 80
527 868 80
533 868 80
539 868 80
545 868 80
551 868 80
557 868 80
563 868 80
569 868 80
575 868 80
581 868 80
587 868 80
593 868 80
599 868 81
605 868 81
611 868 81
617 868 81
623 868 81
629 868 81
635 868 81
641 868 81
641 874 81
635 874 81
629 874 81
623 874 81
617 874 81
611 874 81
605 874 81
599 874 81
593 874 81
587 874 81
581 874 81
575 874 81
569 874 81
563 874 81
557 874 81
551 874 81
545 874 81
539 874 81
533 874 81
527 874 81
521 874 81
515 874 81
509 874 81
503 874 81
497 874 81
491 874 81
485 874 81
479 874 81
473 874 81
467 874 81
461 874 81
455 874 81
449 874 82
443 874 82
437 874 82
431 874 82
425 874 82
419 874 82
413 874 82
407 874 82
401 874 82
395 874 82
389 874 82
383 874 82
377 874 82
371 874 82
365 874 82
359 874 82
353 874 82
347 874 82
341 874 82
335 874 82
329 874 82
323 874 82
317 874 82
311 874 82
305 874 82
299 874 82
293 874 82
293 880 82
299 880 82
305 880 82
311 880 82
317 880 82
323 880 82
329 880 82
335 880 82
341 880 82
347 880 82
353 880 82
359 880 82
365 880 82
371 880 83
377 880 83
383 880 83
389 880 83
395 880 83
401 880 83
407 880 83
413 880 83
419 880 83
425 880 83
431 880 83
437 880 83
443 880 83
449 880 83
455 880 83
461 880 83
467 880 83
473 880 83
479 880 83
485 880 83
491 880 83
497 880 83
503 880 83
509 880 83
515 880 83
521 880 83
527 880 83
533 880 83
539 880 83
545 880 83
551 880 83
557 880 83
563 880 83
569 880 83
575 880 83
581 880 83
587 880 83
593 880 83
599 880 83
605 880 83
611 880 84
617 880 84
623 880 84
629 880 84
635 880 84
641 880 84
641 886 84
635 886 84
629 886 84
623 886 84
617 886 84
611 886 84
605 886 84
599 886 84
593 886 84
587 886 84
581 886 84
575 886 84
569 886 84
563 886 84
557 886 84
551 886 84
545 886 84
539 886 84
533 886 84
527 886 84
521 886 84
515 886 84
509 886 84
503 886 84
497 886 84
491 886 84
485 886 84
479 886 84
473 886 84
467 886 84
461 886 84
455 886 84
449 886 84
443 886 84
437 886 85
431 886 85
425 886 85
419 886 85
413 886 85
407 886 85
401 886 85
395 886 85
389 886 85
383 886 85
377 886 85
371 886 85
365 886 85
359 886 85
353 886 85
347 886 85
341 886 85
335 886 85
329 886 85
323 886 85
317 886 85
311 886 85
305 886 85
299 886 85
293 886 85
293 892 85
299 892 85
305 892 85
311 892 85
317 892 85
323 892 85
329 892 85
335 892 85
341 892 85
347 892 85
353 892 85
359 892 85
365 892 85
371 892 85
377 892 85
383 892 86
389 892 86
395 892 86
401 892 86
407 892 86
413 892 86
419 892 86
425 892 86
431 892 86
437 892 86
443 892 86
449 892 86
455 892 86
461 892 86
467 892 86
473 892 86
479 892 86
485 892 86
491 892 86
497 892 86
503 892 86
509 892 86
515 892 86
521 892 86
527 892 86
533 892 86
539 892 86
545 892 86
551 892 86
557 892 86
563 892 86
569 892 86
575 892 86
581 892 86
587 892 86
593 892 86
599 892 86
605 892 86
611 892 86
617 892 86
623 892 87
629 892 87
635 892 87
641 892 87
641 898 87
635 898 87
629 898 87
623 898 87
617 898 87
611 898 87
605 898 87
599 898 87
593 898 87
587 898 87
581 898 87
575 898 87
569 898 87
563 898 87
557 898 87
551 898 87
545 898 87
539 898 87
533 898 87
527 898 87
521 898 87
515 898 87
509 898 87
503 898 87
497 898 87
491 898 87
485 898 87
479 898 87
473 898 87
467 898 87
461 898 87
455 898 87
449 898 87
443 898 87
437 898 87
431 898 87
425 898 88
419 898 88
413 898 88
407 898 88
401 898 88
395 898 88
389 898 88
383 898 88
377 898 88
371 898 88
365 898 88
359 898 88
353 898 88
347 898 88
341 898 88
335 898 88
329 898 88
323 898 88
317 898 88
311 898 88
305 898 88
299 898 88
293 898 88
461 904 88
467 904 88
473 904 88
479 904 88
485 904 88
491 904 88
497 904 88
503 904 88
509 904 88
515 904 88
521 904 88
527 904 88
533 904 88
539 904 88
545 904 88
551 904 88
557 904 88
563 904 89
569 904 89
575 904 89
581 904 89
587 904 89
593 904 89
599 904 89
605 904 89
611 904 89
617 904 89
623 904 89
629 904 89
635 904 89
641 904 89
641 910 89
635 910 89
629 910 89
623 910 89
617 910 89
611 910 89
605 910 89
599 910 89
593 910 89
587 910 89
581 910 89
575 910 89
569 910 89
563 910 89
557 910 89
551 910 89
545 910 89
539 910 89
533 910 89
527 910 89
521 910 89
515 910 89
509 910 89
503 910 89
497 910 89
491 910 89
485 910 90
479 910 90
473 910 90
467 910 90
461 910 90
461 916 90
467 916 90
473 916 90
479 916 90
485 916 90
491 916 90
497 916 90
503 916 90
509 916 90
515 916 90
521 916 90
527 916 90
533 916 90
539 916 90
545 916 90
551 916 90
557 916 90
563 916 90
569 916 90
575 916 90
581 916 90
587 916 90
593 916 90
599 916 90
605 916 90
611 916 90
617 916 90
623 916 90
629 916 90
635 916 90
641 916 90
641 922 90
635 922 90
629 922 90
623 922 90
617 922 91
611 922 91
605 922 91
599 922 91
593 922 91
587 922 91
581 922 91
575 922 91
569 922 91
563 922 91
557 922 91
551 922 91
545 922 91
539 922 91
533 922 91
527 922 91
521 922 91
515 922 91
509 922 91
503 922 91
497 922 91
491 922 91
485 922 91
479 922 91
473 922 91
467 922 91
461 922 91
461 928 91
467 928 91
473 928 91
479 928 91
485 928 91
491 928 91
497 928 91
503 928 91
509 928 91
515 928 91
521 928 91
527 928 91
533 928 91
539 928 92
545 928 92
551 928 92
557 928 92
563 928 92
569 928 92
575 928 92
581 928 92
587 928 92
593 928 92
599 928 92
605 928 92
611 928 92
617 928 92
623 928 92
629 928 92
635 928 92
641 928 92
641 934 92
635 934 92
629 934 92
623 934 92
617 934 92
611 934 92
605 934 92
599 934 92
593 934 92
587 934 92
581 934 92
575 934 92
569 934 92
563 934 92
557 934 92
551 934 92
545 934 92
539 934 92
533 934 92
527 934 92
521 934 92
515 934 92
509 934 93
503 934 93
497 934 93
491 934 93
485 934 93
479 934 93
473 934 93
467 934 93
461 934 93
461 940 93
467 940 93
473 940 93
479 940 93
485 940 93
491 940 93
497 940 93
503 940 93
509 940 93
515 940 93
521 940 93
527 940 93
533 940 93
539 940 93
545 940 93
551 940 93
557 940 93
563 940 93
569 940 93
575 940 93
581 940 93
587 940 93
593 940 93
599 940 93
605 940 93
611 940 93
617 940 93
623 940 93
629 940 93
635 940 93
641 940 93
641 946 94
635 946 94
629 946 94
623 946 94
617 946 94
611 946 94
605 946 94
599 946 94
593 946 94
587 946 94
581 946 94
575 946 94
569 946 94
563 946 94
557 946 94
551 946 94
545 946 94
539 946 94
533 946 94
527 946 94
521 946 94
515 946 94
509 946 94
503 946 94
497 946 94
491 946 94
485 946 94
479 946 94
473 946 94
467 946 94
461 946 94
461 952 94
467 952 94
473 952 94
479 952 94
485 952 94
491 952 94
497 952 94
503 952 94
509 952 94
515 952 95
521 952 95
527 952 95
533 952 95
539 952 95
545 952 95
551 952 95
557 952 95
563 952 95
569 952 95
575 952 95
581 952 95
587 952 95
593 952 95
599 952 95
605 952 95
611 952 95
617 952 95
623 952 95
629 952 95
635 952 95
641 952 95
641 958 95
635 958 95
629 958 95
623 958 95
617 958 95
611 958 95
605 958 95
599 958 95
593 958 95
587 958 95
581 958 95
575 958 95
569 958 95
563 958 95
557 958 95
551 958 95
545 958 95
539 958 95
533 958 96
527 958 96
521 958 96
515 958 96
509 958 96
503 958 96
497 958 96
491 958 96
485 958 96
479 958 96
473 958 96
467 958 96
461 958 96
461 964 96
467 964 96
473 964 96
479 964 96
485 964 96
491 964 96
497 964 96
503 964 96
509 964 96
515 964 96
521 964 96
527 964 96
533 964 96
539 964 96
545 964 96
551 964 96
557 964 96
563 964 96
569 964 96
575 964 96
581 964 96
587 964 96
593 964 96
599 964 96
605 964 96
611 964 96
617 964 96
623 964 97
629 964 97
635 964 97
641 964 97
641 970 97
635 970 97
629 970 97
623 970 97
617 970 97
611 970 97
605 970 97
599 970 97
593 970 97
587 970 97
581 970 97
575 970 97
569 970 97
563 970 97
557 970 97
551 970 97
545 970 97
539 970 97
533 970 97
527 970 97
521 970 97
515 970 97
509 970 97
503 970 97
497 970 97
491 970 97
485 970 97
479 970 97
473 970 97
467 970 97
461 970 97
461 976 97
467 976 97
473 976 97
479 976 97
485 976 97
491 976 98
497 976 98
503 976 98
509 976 98
515 976 98
521 976 98
527 976 98
533 976 98
539 976 98
545 976 98
551 976 98
557 976 98
563 976 98
569 976 98
575 976 98
581 976 98
587 976 98
593 976 98
599 976 98
605 976 98
611 976 98
617 976 98
623 976 98
629 976 98
635 976 98
641 976 98
641 982 98
635 982 98
629 982 98
623 982 98
617 982 98
611 982 98
605 982 98
599 982 98
593 982 98
587 982 98
581 982 98
575 982 98
569 982 98
563 982 98
557 982 99
551 982 99
545 982 99
539 982 99
533 982 99
527 982 99
521 982 99
515 982 99
509 982 99
503 982 99
497 982 99
491 982 99
485 982 99
479 982 99
473 982 99
467 982 99
461 982 99
461 988 99
467 988 99
473 988 99
479 988 99
485 988 99
491 988 99
497 988 99
503 988 99
509 988 99
515 988 99
521 988 99
527 988 99
533 988 99
539 988 99
545 988 99
551 988 99
557 988 99
563 988 99
569 988 99
575 988 99
581 988 99
587 988 99
593 988 99
599 988 100
605 988 100
611 988 100
617 988 100
623 988 100
629 988 100
635 988 100
641 988 100
641 994 100
635 994 100
629 994 100
623 994 100
617 994 100
611 994 100
605 994 100
599 994 100
593 994 100
587 994 100
581 994 100
575 994 100
569 994 100
563 994 100
557 994 100
551 994 100
545 994 100
539 994 100
533 994 100
527 994 100
521 994 100
515 994 100
509 994 100
503 994 100
497 994 100
491 994 100
485 994 100
479 994 100
473 994 100
467 994 100
461 994 100
461 1000 100
467 1000 101
473 1000 101
479 1000 101
485 1000 101
491 1000 101
497 1000 101
503 1000 101
509 1000 101
515 1000 101
521 1000 101
527 1000 101
533 1000 101
539 1000 101
545 1000 101
551 1000 101
557 1000 101
563 1000 101
569 1000 101
575 1000 101
581 1000 101
587 1000 101
593 1000 101
599 1000 101
605 1000 101
611 1000 101
617 1000 101
623 1000 101
629 1000 101
635 1000 101
641 1000 101
641 1006 101
635 1006 101
629 1006 101
623 1006 101
617 1006 101
611 1006 101
605 1006 101
599 1006 101
593 1006 101
587 1006 101
581 1006 102
575 1006 102
569 1006 102
563 1006 102
557 1006 102
551 1006 102
545 1006 102
539 1006 102
533 1006 102
527 1006 102
521 1006 102
515 1006 102
509 1006 102
503 1006 102
497 1006 102
491 1006 102
485 1006 102
479 1006 102
473 1006 102
467 1006 102
461 1006 102
461 1012 102
467 1012 102
473 1012 102
479 1012 102
485 1012 102
491 1012 102
497 1012 102
503 1012 102
509 1012 102
515 1012 102
521 1012 102
527 1012 102
533 1012 102
539 1012 102
545 1012 102
551 1012 102
557 1012 102
563 1012 102
569 1012 102
575 1012 103
581 1012 103
587 1012 103
593 1012 103
599 1012 103
605 1012 103
611 1012 103
617 1012 103
623 1012 103
629 1012 103
635 1012 103
641 1012 103
641 1018 103
635 1018 103
629 1018 103
623 1018 103
617 1018 103
611 1018 103
605 1018 103
599 1018 103
593 1018 103
587 1018 103
581 1018 103
575 1018 103
569 1018 103
563 1018 103
557 1018 103
551 1018 103
545 1018 103
539 1018 103
533 1018 103
527 1018 103
521 1018 103
515 1018 103
509 1018 103
503 1018 103
497 1018 103
491 1018 103
485 1018 103
479 1018 103
473 1018 104
467 1018 104
461 1018 104
641 1024 104
635 1024 104
629 1024 104
623 1024 104
617 1024 104
611 1024 104
605 1024 104
599 1024 104
593 1024 104
587 1024 104
581 1024 104
575 1024 104
569 1024 104
563 1024 104
557 1024 104
551 1024 104
545 1024 104
539 1024 104
533 1024 104
527 1024 104
521 1024 104
515 1024 104
509 1024 104
503 1024 104
497 1024 104
491 1024 104
485 1024 104
479 1024 104
473 1024 104
467 1024 104
461 1024 104
