215 586 0
215 592 0
215 598 0
215 604 0
215 610 0
215 616 0
215 622 0
215 628 0
215 634 0
215 640 0
215 646 0
215 652 0
215 658 0
215 664 0
215 670 0
215 676 0
215 682 0
215 688 0
215 694 0
215 700 0
215 706 0
215 712 0
215 718 0
215 724 0
215 730 0
215 736 0
215 742 0
215 748 0
215 754 0
215 760 0
215 766 0
215 772 0
221 772 0
221 766 0
221 760 0
221 754 0
221 748 0
221 742 0
221 736 0
221 730 0
221 724 1
221 718 1
221 712 1
221 706 1
221 700 1
221 694 1
221 688 1
221 682 1
221 676 1
221 670 1
221 664 1
221 658 1
221 652 1
221 646 1
221 640 1
221 634 1
221 628 1
221 622 1
221 616 1
221 610 1
221 604 1
221 598 1
221 592 1
221 586 1
227 586 1
227 592 1
227 598 1
227 604 1
227 610 1
227 616 1
227 622 1
227 628 1
227 634 1
227 640 1
227 646 1
227 652 1
227 658 1
227 664 1
227 670 1
227 676 1
227 682 2
227 688 2
227 694 2
227 700 2
227 706 2
227 712 2
227 718 2
227 724 2
227 730 2
227 736 2
227 742 2
227 748 2
227 754 2
227 760 2
227 766 2
227 772 2
233 772 2
233 766 2
233 760 2
233 754 2
233 748 2
233 742 2
233 736 2
233 730 2
233 724 2
233 718 2
233 712 2
233 706 2
233 700 2
233 694 2
233 688 2
233 682 2
233 676 2
233 670 2
233 664 2
233 658 2
233 652 2
233 646 2
233 640 2
233 634 2
233 628 3
233 622 3
233 616 3
233 610 3
233 604 3
233 598 3
233 592 3
233 586 3
239 586 3
239 592 3
239 598 3
239 604 3
239 610 3
239 616 3
239 622 3
239 628 3
239 634 3
239 640 3
239 646 3
239 652 3
239 658 3
239 664 3
239 670 3
239 676 3
239 682 3
239 688 3
239 694 3
239 700 3
239 706 3
239 712 3
239 718 3
239 724 3
239 730 3
239 736 3
239 742 3
239 748 3
239 754 3
239 760 3
239 766 3
239 772 3
245 772 4
245 766 4
245 760 4
245 754 4
245 748 4
245 742 4
245 736 4
245 730 4
245 724 4
245 718 4
245 712 4
245 706 4
245 700 4
245 694 4
245 688 4
245 682 4
245 676 4
245 670 4
245 664 4
245 658 4
245 652 4
245 646 4
245 640 4
245 634 4
245 628 4
245 622 4
245 616 4
245 610 4
245 604 4
245 598 4
245 592 4
245 586 4
251 586 4
251 592 4
251 598 4
251 604 4
251 610 4
251 616 4
251 622 4
251 628 4
251 634 5
251 640 5
251 646 5
251 652 5
251 658 5
251 664 5
251 670 5
251 676 5
251 682 5
251 688 5
251 694 5
251 700 5
251 706 5
251 712 5
251 718 5
251 724 5
251 730 5
251 736 5
251 742 5
251 748 5
251 754 5
251 760 5
251 766 5
251 772 5
257 772 5
257 766 5
257 760 5
257 754 5
257 748 5
257 742 5
257 736 5
257 730 5
257 724 5
257 718 5
257 712 5
257 706 5
257 700 5
257 694 5
257 688 5
257 682 5
257 676 6
257 670 6
257 664 6
257 658 6
257 652 6
257 646 6
257 640 6
257 634 6
257 628 6
257 622 6
257 616 6
257 610 6
257 604 6
257 598 6
257 592 6
257 586 6
263 586 6
263 592 6
263 598 6
263 604 6
263 610 6
263 616 6
263 622 6
263 628 6
263 634 6
263 640 6
263 646 6
263 652 6
263 658 6
263 664 6
263 670 6
263 676 6
263 682 6
263 688 6
263 694 6
263 700 6
263 706 6
263 712 6
263 718 6
263 724 6
263 730 7
263 736 7
263 742 7
263 748 7
263 754 7
263 760 7
263 766 7
263 772 7
269 772 7
269 766 7
269 760 7
269 754 7
269 748 7
269 742 7
269 736 7
269 730 7
269 724 7
269 718 7
269 712 7
269 706 7
269 700 7
269 694 7
269 688 7
269 682 7
269 676 7
269 670 7
269 664 7
269 658 7
269 652 7
269 646 7
269 640 7
269 634 7
269 628 7
269 622 7
269 616 7
269 610 7
269 604 7
269 598 7
269 592 7
269 586 7
275 586 8
275 592 8
275 598 8
275 604 8
275 610 8
275 616 8
275 622 8
275 628 8
275 634 8
275 640 8
275 646 8
275 652 8
275 658 8
275 664 8
275 670 8
275 676 8
275 682 8
275 688 8
275 694 8
275 700 8
275 706 8
275 712 8
275 718 8
275 724 8
275 730 8
275 736 8
275 742 8
275 748 8
275 754 8
275 760 8
275 766 8
275 772 8
281 772 8
281 766 8
281 760 8
281 754 8
281 748 8
281 742 8
281 736 8
281 730 8
281 724 9
281 718 9
281 712 9
281 706 9
281 700 9
281 694 9
281 688 9
281 682 9
281 676 9
281 670 9
281 664 9
281 658 9
281 652 9
281 646 9
281 640 9
281 634 9
281 628 9
281 622 9
281 616 9
281 610 9
281 604 9
281 598 9
281 592 9
281 586 9
287 586 9
287 592 9
287 598 9
287 604 9
287 610 9
287 616 9
287 622 9
287 628 9
287 634 9
287 640 9
287 646 9
287 652 9
287 658 9
287 664 9
287 670 9
287 676 9
287 682 10
287 688 10
287 694 10
287 700 10
287 706 10
287 712 10
287 718 10
287 724 10
287 730 10
287 736 10
287 742 10
287 748 10
287 754 10
287 760 10
287 766 10
287 772 10
293 808 10
293 802 10
293 796 10
293 790 10
293 784 10
293 778 10
293 772 10
293 766 10
293 760 10
293 754 10
293 748 10
293 742 10
293 736 10
293 730 10
293 724 10
293 718 10
293 712 10
293 706 10
293 700 10
293 694 10
293 688 10
293 682 10
293 676 10
293 670 10
293 664 11
293 658 11
293 652 11
293 646 11
293 640 11
293 634 11
293 628 11
293 622 11
293 616 11
293 610 11
293 604 11
293 598 11
293 592 11
293 586 11
299 586 11
299 592 11
299 598 11
299 604 11
299 610 11
299 616 11
299 622 11
299 628 11
299 634 11
299 640 11
299 646 11
299 652 11
299 658 11
299 664 11
299 670 11
299 676 11
299 682 11
299 688 11
299 694 11
299 700 11
299 706 11
299 712 11
299 718 11
299 724 11
299 730 11
299 736 11
299 742 12
299 748 12
299 754 12
299 760 12
299 766 12
299 772 12
299 778 12
299 784 12
299 790 12
299 796 12
299 802 12
299 808 12
305 808 12
305 802 12
305 796 12
305 790 12
305 784 12
305 778 12
305 772 12
305 766 12
305 760 12
305 754 12
305 748 12
305 742 12
305 736 12
305 730 12
305 724 12
305 718 12
305 712 12
305 706 12
305 700 12
305 694 12
305 688 12
305 682 12
305 676 12
305 670 12
305 664 12
305 658 12
305 652 12
305 646 12
305 640 13
305 634 13
305 628 13
305 622 13
305 616 13
305 610 13
305 604 13
305 598 13
305 592 13
305 586 13
311 586 13
311 592 13
311 598 13
311 604 13
311 610 13
311 616 13
311 622 13
311 628 13
311 634 13
311 640 13
311 646 13
311 652 13
311 658 13
311 664 13
311 670 13
311 676 13
311 682 13
311 688 13
311 694 13
311 700 13
311 706 13
311 712 13
311 718 13
311 724 13
311 730 13
311 736 13
311 742 13
311 748 13
311 754 13
311 760 13
311 766 14
311 772 14
311 778 14
311 784 14
311 790 14
311 796 14
311 802 14
311 808 14
317 808 14
317 802 14
317 796 14
317 790 14
317 784 14
317 778 14
317 772 14
317 766 14
317 760 14
317 754 14
317 748 14
317 742 14
317 736 14
317 730 14
317 724 14
317 718 14
317 712 14
317 706 14
317 700 14
317 694 14
317 688 14
317 682 14
317 676 14
317 670 14
317 664 14
317 658 14
317 652 14
317 646 14
317 640 14
317 634 14
317 628 14
317 622 14
317 616 15
317 610 15
317 604 15
317 598 15
317 592 15
317 586 15
323 586 15
323 592 15
323 598 15
323 604 15
323 610 15
323 616 15
323 622 15
323 628 15
323 634 15
323 640 15
323 646 15
323 652 15
323 658 15
323 664 15
323 670 15
323 676 15
323 682 15
323 688 15
323 694 15
323 700 15
323 706 15
323 712 15
323 718 15
323 724 15
323 730 15
323 736 15
323 742 15
323 748 15
323 754 15
323 760 15
323 766 15
323 772 15
323 778 15
323 784 15
323 790 16
323 796 16
323 802 16
323 808 16
329 808 16
329 802 16
329 796 16
329 790 16
329 784 16
329 778 16
329 772 16
329 766 16
329 760 16
329 754 16
329 748 16
329 742 16
329 736 16
329 730 16
329 724 16
329 718 16
329 712 16
329 706 16
329 700 16
329 694 16
329 688 16
329 682 16
329 676 16
329 670 16
329 664 16
329 658 16
329 652 16
329 646 16
329 640 16
329 634 16
329 628 16
329 622 16
329 616 16
329 610 16
329 604 16
329 598 16
329 592 17
329 586 17
335 586 17
335 592 17
335 598 17
335 604 17
335 610 17
335 616 17
335 622 17
335 628 17
335 634 17
335 640 17
335 646 17
335 652 17
335 658 17
335 664 17
335 670 17
335 676 17
335 682 17
335 688 17
335 694 17
335 700 17
335 706 17
335 712 17
335 718 17
335 724 17
335 730 17
335 736 17
335 742 17
335 748 17
335 754 17
335 760 17
335 766 17
335 772 17
335 778 17
335 784 17
335 790 17
335 796 17
335 802 17
335 808 17
341 808 18
341 802 18
341 796 18
341 790 18
341 784 18
341 778 18
341 772 18
341 766 18
341 760 18
341 754 18
341 748 18
341 742 18
341 736 18
341 730 18
341 724 18
341 718 18
341 712 18
341 706 18
341 700 18
341 694 18
341 688 18
341 682 18
341 676 18
341 670 18
341 664 18
341 658 18
341 652 18
341 646 18
341 640 18
341 634 18
341 628 18
341 622 18
341 616 18
341 610 18
341 604 18
341 598 18
341 592 18
341 586 18
347 586 18
347 592 18
347 598 19
347 604 19
347 610 19
347 616 19
347 622 19
347 628 19
347 634 19
347 640 19
347 646 19
347 652 19
347 658 19
347 664 19
347 670 19
347 676 19
347 682 19
347 688 19
347 694 19
347 700 19
347 706 19
347 712 19
347 718 19
347 724 19
347 730 19
347 736 19
347 742 19
347 748 19
347 754 19
347 760 19
347 766 19
347 772 19
347 778 19
347 784 19
347 790 19
347 796 19
347 802 19
347 808 19
353 808 19
353 802 19
353 796 19
353 790 19
353 784 20
353 778 20
353 772 20
353 766 20
353 760 20
353 754 20
353 748 20
353 742 20
353 736 20
353 730 20
353 724 20
353 718 20
353 712 20
353 706 20
353 700 20
353 694 20
353 688 20
353 682 20
353 676 20
353 670 20
353 664 20
353 658 20
353 652 20
353 646 20
353 640 20
353 634 20
353 628 20
353 622 20
353 616 20
353 610 20
353 604 20
353 598 20
353 592 20
353 586 20
359 586 20
359 592 20
359 598 20
359 604 20
359 610 20
359 616 20
359 622 21
359 628 21
359 634 21
359 640 21
359 646 21
359 652 21
359 658 21
359 664 21
359 670 21
359 676 21
359 682 21
359 688 21
359 694 21
359 700 21
359 706 21
359 712 21
359 718 21
359 724 21
359 730 21
359 736 21
359 742 21
359 748 21
359 754 21
359 760 21
359 766 21
359 772 21
359 778 21
359 784 21
359 790 21
359 796 21
359 802 21
359 808 21
365 808 21
365 802 21
365 796 21
365 790 21
365 784 21
365 778 21
365 772 21
365 766 21
365 760 22
365 754 22
365 748 22
365 742 22
365 736 22
365 730 22
365 724 22
365 718 22
365 712 22
365 706 22
365 700 22
365 694 22
365 688 22
365 682 22
365 676 22
365 670 22
365 664 22
365 658 22
365 652 22
365 646 22
365 640 22
365 634 22
365 628 22
365 622 22
365 616 22
365 610 22
365 604 22
365 598 22
365 592 22
365 586 22
371 586 22
371 592 22
371 598 22
371 604 22
371 610 22
371 616 22
371 622 22
371 628 22
371 634 22
371 640 22
371 646 23
371 652 23
371 658 23
371 664 23
371 670 23
371 676 23
371 682 23
371 688 23
371 694 23
371 700 23
371 706 23
371 712 23
371 718 23
371 724 23
371 730 23
371 736 23
371 742 23
371 748 23
371 754 23
371 760 23
371 766 23
371 772 23
371 778 23
371 784 23
371 790 23
371 796 23
371 802 23
371 808 23
377 808 23
377 802 23
377 796 23
377 790 23
377 784 23
377 778 23
377 772 23
377 766 23
377 760 23
377 754 23
377 748 23
377 742 23
377 736 24
377 730 24
377 724 24
377 718 24
377 712 24
377 706 24
377 700 24
377 694 24
377 688 24
377 682 24
377 676 24
377 670 24
377 664 24
377 658 24
377 652 24
377 646 24
377 640 24
377 634 24
377 628 24
377 622 24
377 616 24
377 610 24
377 604 24
377 598 24
377 592 24
377 586 24
383 586 24
383 592 24
383 598 24
383 604 24
383 610 24
383 616 24
383 622 24
383 628 24
383 634 24
383 640 24
383 646 24
383 652 24
383 658 24
383 664 24
383 670 25
383 676 25
383 682 25
383 688 25
383 694 25
383 700 25
383 706 25
383 712 25
383 718 25
383 724 25
383 730 25
383 736 25
383 742 25
383 748 25
383 754 25
383 760 25
383 766 25
383 772 25
383 778 25
383 784 25
383 790 25
383 796 25
383 802 25
383 808 25
389 808 25
389 802 25
389 796 25
389 790 25
389 784 25
389 778 25
389 772 25
389 766 25
389 760 25
389 754 25
389 748 25
389 742 25
389 736 25
389 730 25
389 724 25
389 718 25
389 712 26
389 706 26
389 700 26
389 694 26
389 688 26
389 682 26
389 676 26
389 670 26
389 664 26
389 658 26
389 652 26
389 646 26
389 640 26
389 634 26
389 628 26
389 622 26
389 616 26
389 610 26
389 604 26
389 598 26
389 592 26
389 586 26
395 586 26
395 592 26
395 598 26
395 604 26
395 610 26
395 616 26
395 622 26
395 628 26
395 634 26
395 640 26
395 646 26
395 652 26
395 658 26
395 664 26
395 670 26
395 676 26
395 682 26
395 688 26
395 694 27
395 700 27
395 706 27
395 712 27
395 718 27
395 724 27
395 730 27
395 736 27
395 742 27
395 748 27
395 754 27
395 760 27
395 766 27
395 772 27
395 778 27
395 784 27
395 790 27
395 796 27
395 802 27
395 808 27
401 808 27
401 802 27
401 796 27
401 790 27
401 784 27
401 778 27
401 772 27
401 766 27
401 760 27
401 754 27
401 748 27
401 742 27
401 736 27
401 730 27
401 724 27
401 718 27
401 712 27
401 706 27
401 700 27
401 694 27
401 688 28
401 682 28
401 676 28
401 670 28
401 664 28
401 658 28
401 652 28
401 646 28
401 640 28
401 634 28
401 628 28
401 622 28
401 616 28
401 610 28
401 604 28
401 598 28
401 592 28
401 586 28
407 586 28
407 592 28
407 598 28
407 604 28
407 610 28
407 616 28
407 622 28
407 628 28
407 634 28
407 640 28
407 646 28
407 652 28
407 658 28
407 664 28
407 670 28
407 676 28
407 682 28
407 688 28
407 694 28
407 700 28
407 706 28
407 712 28
407 718 29
407 724 29
407 730 29
407 736 29
407 742 29
407 748 29
407 754 29
407 760 29
407 766 29
407 772 29
407 778 29
407 784 29
407 790 29
407 796 29
407 802 29
407 808 29
413 808 29
413 802 29
413 796 29
413 790 29
413 784 29
413 778 29
413 772 29
413 766 29
413 760 29
413 754 29
413 748 29
413 742 29
413 736 29
413 730 29
413 724 29
413 718 29
413 712 29
413 706 29
413 700 29
413 694 29
413 688 29
413 682 29
413 676 29
413 670 29
413 664 30
413 658 30
413 652 30
413 646 30
413 640 30
413 634 30
413 628 30
413 622 30
413 616 30
413 610 30
413 604 30
413 598 30
413 592 30
413 586 30
419 586 30
419 592 30
419 598 30
419 604 30
419 610 30
419 616 30
419 622 30
419 628 30
419 634 30
419 640 30
419 646 30
419 652 30
419 658 30
419 664 30
419 670 30
419 676 30
419 682 30
419 688 30
419 694 30
419 700 30
419 706 30
419 712 30
419 718 30
419 724 30
419 730 30
419 736 30
419 742 31
419 748 31
419 754 31
419 760 31
419 766 31
419 772 31
419 778 31
419 784 31
419 790 31
419 796 31
419 802 31
419 808 31
425 808 31
425 802 31
425 796 31
425 790 31
425 784 31
425 778 31
425 772 31
425 766 31
425 760 31
425 754 31
425 748 31
425 742 31
425 736 31
425 730 31
425 724 31
425 718 31
425 712 31
425 706 31
425 700 31
425 694 31
425 688 31
425 682 31
425 676 31
425 670 31
425 664 31
425 658 31
425 652 31
425 646 31
425 640 32
425 634 32
425 628 32
425 622 32
425 616 32
425 610 32
425 604 32
425 598 32
425 592 32
425 586 32
431 586 32
431 592 32
431 598 32
431 604 32
431 610 32
431 616 32
431 622 32
431 628 32
431 634 32
431 640 32
431 646 32
431 652 32
431 658 32
431 664 32
431 670 32
431 676 32
431 682 32
431 688 32
431 694 32
431 700 32
431 706 32
431 712 32
431 718 32
431 724 32
431 730 32
431 736 32
431 742 32
431 748 32
431 754 32
431 760 32
431 766 33
431 772 33
431 778 33
431 784 33
431 790 33
431 796 33
431 802 33
431 808 33
437 808 33
437 802 33
437 796 33
437 790 33
437 784 33
437 778 33
437 772 33
437 766 33
437 760 33
437 754 33
437 748 33
437 742 33
437 736 33
437 730 33
437 724 33
437 718 33
437 712 33
437 706 33
437 700 33
437 694 33
437 688 33
437 682 33
437 676 33
437 670 33
437 664 33
437 658 33
437 652 33
437 646 33
437 640 33
437 634 33
437 628 33
437 622 33
437 616 34
437 610 34
437 604 34
437 598 34
437 592 34
437 586 34
443 586 34
443 592 34
443 598 34
443 604 34
443 610 34
443 616 34
443 622 34
443 628 34
443 634 34
443 640 34
443 646 34
443 652 34
443 658 34
443 664 34
443 670 34
443 676 34
443 682 34
443 688 34
443 694 34
443 700 34
443 706 34
443 712 34
443 718 34
443 724 34
443 730 34
443 736 34
443 742 34
443 748 34
443 754 34
443 760 34
443 766 34
443 772 34
443 778 34
443 784 34
443 790 35
443 796 35
443 802 35
443 808 35
449 808 35
449 802 35
449 796 35
449 790 35
449 784 35
449 778 35
449 772 35
449 766 35
449 760 35
449 754 35
449 748 35
449 742 35
449 736 35
449 730 35
449 724 35
449 718 35
449 712 35
449 706 35
449 700 35
449 694 35
449 688 35
449 682 35
449 676 35
449 670 35
449 664 35
449 658 35
449 652 35
449 646 35
449 640 35
449 634 35
449 628 35
449 622 35
449 616 35
449 610 35
449 604 35
449 598 35
449 592 36
449 586 36
455 586 36
455 592 36
455 598 36
455 604 36
455 610 36
455 616 36
455 622 36
455 628 36
455 634 36
455 640 36
455 646 36
455 652 36
455 658 36
455 664 36
455 670 36
455 676 36
455 682 36
455 688 36
455 694 36
455 700 36
455 706 36
455 712 36
455 718 36
455 724 36
455 730 36
455 736 36
455 742 36
455 748 36
455 754 36
455 760 36
455 766 36
455 772 36
455 778 36
455 784 36
455 790 36
455 796 36
455 802 36
455 808 36
461 808 37
461 802 37
461 796 37
461 790 37
461 784 37
461 778 37
461 772 37
461 766 37
461 760 37
461 754 37
461 748 37
461 742 37
461 736 37
461 730 37
461 724 37
461 718 37
461 712 37
461 706 37
461 700 37
461 694 37
461 688 37
461 682 37
461 676 37
461 670 37
461 664 37
461 658 37
461 652 37
461 646 37
461 640 37
461 634 37
461 628 37
461 622 37
461 616 37
461 610 37
461 604 37
461 598 37
461 592 37
461 586 37
467 586 37
467 592 37
467 598 38
467 604 38
467 610 38
467 616 38
467 622 38
467 628 38
467 634 38
467 640 38
467 646 38
467 652 38
467 658 38
467 664 38
467 670 38
467 676 38
467 682 38
467 688 38
467 694 38
467 700 38
467 706 38
467 712 38
467 718 38
467 724 38
467 730 38
467 736 38
467 742 38
467 748 38
467 754 38
467 760 38
467 766 38
467 772 38
467 778 38
467 784 38
467 790 38
467 796 38
467 802 38
467 808 38
473 808 38
473 802 38
473 796 38
473 790 38
473 784 39
473 778 39
473 772 39
473 766 39
473 760 39
473 754 39
473 748 39
473 742 39
473 736 39
473 730 39
473 724 39
473 718 39
473 712 39
473 706 39
473 700 39
473 694 39
473 688 39
473 682 39
473 676 39
473 670 39
473 664 39
473 658 39
473 652 39
473 646 39
473 640 39
473 634 39
473 628 39
473 622 39
473 616 39
473 610 39
473 604 39
473 598 39
473 592 39
473 586 39
479 586 39
479 592 39
479 598 39
479 604 39
479 610 39
479 616 39
479 622 40
479 628 40
479 634 40
479 640 40
479 646 40
479 652 40
479 658 40
479 664 40
479 670 40
479 676 40
479 682 40
479 688 40
479 694 40
479 700 40
479 706 40
479 712 40
479 718 40
479 724 40
479 730 40
479 736 40
479 742 40
479 748 40
479 754 40
479 760 40
479 766 40
479 772 40
479 778 40
479 784 40
479 790 40
479 796 40
479 802 40
479 808 40
485 808 40
485 802 40
485 796 40
485 790 40
485 784 40
485 778 40
485 772 40
485 766 40
485 760 41
485 754 41
485 748 41
485 742 41
485 736 41
485 730 41
485 724 41
485 718 41
485 712 41
485 706 41
485 700 41
485 694 41
485 688 41
485 682 41
485 676 41
485 670 41
485 664 41
485 658 41
485 652 41
485 646 41
485 640 41
485 634 41
485 628 41
485 622 41
485 616 41
485 610 41
485 604 41
485 598 41
485 592 41
485 586 41
491 586 41
491 592 41
491 598 41
491 604 41
491 610 41
491 616 41
491 622 41
491 628 41
491 634 41
491 640 41
491 646 42
491 652 42
491 658 42
491 664 42
491 670 42
491 676 42
491 682 42
491 688 42
491 694 42
491 700 42
491 706 42
491 712 42
491 718 42
491 724 42
491 730 42
491 736 42
491 742 42
491 748 42
491 754 42
491 760 42
491 766 42
491 772 42
491 778 42
491 784 42
491 790 42
491 796 42
491 802 42
491 808 42
497 808 42
497 802 42
497 796 42
497 790 42
497 784 42
497 778 42
497 772 42
497 766 42
497 760 42
497 754 42
497 748 42
497 742 42
497 736 43
497 730 43
497 724 43
497 718 43
497 712 43
497 706 43
497 700 43
497 694 43
497 688 43
497 682 43
497 676 43
497 670 43
497 664 43
497 658 43
497 652 43
497 646 43
497 640 43
497 634 43
497 628 43
497 622 43
497 616 43
497 610 43
497 604 43
497 598 43
497 592 43
497 586 43
503 586 43
503 592 43
503 598 43
503 604 43
503 610 43
503 616 43
503 622 43
503 628 43
503 634 43
503 640 43
503 646 43
503 652 43
503 658 43
503 664 43
503 670 44
503 676 44
503 682 44
503 688 44
503 694 44
503 700 44
503 706 44
503 712 44
503 718 44
503 724 44
503 730 44
503 736 44
503 742 44
503 748 44
503 754 44
503 760 44
503 766 44
503 772 44
503 778 44
503 784 44
503 790 44
503 796 44
503 802 44
503 808 44
509 808 44
509 802 44
509 796 44
509 790 44
509 784 44
509 778 44
509 772 44
509 766 44
509 760 44
509 754 44
509 748 44
509 742 44
509 736 44
509 730 44
509 724 44
509 718 44
509 712 45
509 706 45
509 700 45
509 694 45
509 688 45
509 682 45
509 676 45
509 670 45
509 664 45
509 658 45
509 652 45
509 646 45
509 640 45
509 634 45
509 628 45
509 622 45
509 616 45
509 610 45
509 604 45
509 598 45
509 592 45
509 586 45
515 586 45
515 592 45
515 598 45
515 604 45
515 610 45
515 616 45
515 622 45
515 628 45
515 634 45
515 640 45
515 646 45
515 652 45
515 658 45
515 664 45
515 670 45
515 676 45
515 682 45
515 688 45
515 694 46
515 700 46
515 706 46
515 712 46
515 718 46
515 724 46
515 730 46
515 736 46
515 742 46
515 748 46
515 754 46
515 760 46
515 766 46
515 772 46
515 778 46
515 784 46
515 790 46
515 796 46
515 802 46
515 808 46
521 808 46
521 802 46
521 796 46
521 790 46
521 784 46
521 778 46
521 772 46
521 766 46
521 760 46
521 754 46
521 748 46
521 742 46
521 736 46
521 730 46
521 724 46
521 718 46
521 712 46
521 706 46
521 700 46
521 694 46
521 688 47
521 682 47
521 676 47
521 670 47
521 664 47
521 658 47
521 652 47
521 646 47
521 640 47
521 634 47
521 628 47
521 622 47
521 616 47
521 610 47
521 604 47
521 598 47
521 592 47
521 586 47
527 586 47
527 592 47
527 598 47
527 604 47
527 610 47
527 616 47
527 622 47
527 628 47
527 634 47
527 640 47
527 646 47
527 652 47
527 658 47
527 664 47
527 670 47
527 676 47
527 682 47
527 688 47
527 694 47
527 700 47
527 706 47
527 712 47
527 718 48
527 724 48
527 730 48
527 736 48
527 742 48
527 748 48
527 754 48
527 760 48
527 766 48
527 772 48
527 778 48
527 784 48
527 790 48
527 796 48
527 802 48
527 808 48
533 808 48
533 802 48
533 796 48
533 790 48
533 784 48
533 778 48
533 772 48
533 766 48
533 760 48
533 754 48
533 748 48
533 742 48
533 736 48
533 730 48
533 724 48
533 718 48
533 712 48
533 706 48
533 700 48
533 694 48
533 688 48
533 682 48
533 676 48
533 670 48
533 664 49
533 658 49
533 652 49
533 646 49
533 640 49
533 634 49
533 628 49
533 622 49
533 616 49
533 610 49
533 604 49
533 598 49
533 592 49
533 586 49
539 586 49
539 592 49
539 598 49
539 604 49
539 610 49
539 616 49
539 622 49
539 628 49
539 634 49
539 640 49
539 646 49
539 652 49
539 658 49
539 664 49
539 670 49
539 676 49
539 682 49
539 688 49
539 694 49
539 700 49
539 706 49
539 712 49
539 718 49
539 724 49
539 730 49
539 736 49
539 742 50
539 748 50
539 754 50
539 760 50
539 766 50
539 772 50
539 778 50
539 784 50
539 790 50
539 796 50
539 802 50
539 808 50
545 808 50
545 802 50
545 796 50
545 790 50
545 784 50
545 778 50
545 772 50
545 766 50
545 760 50
545 754 50
545 748 50
545 742 50
545 736 50
545 730 50
545 724 50
545 718 50
545 712 50
545 706 50
545 700 50
545 694 50
545 688 50
545 682 50
545 676 50
545 670 50
545 664 50
545 658 50
545 652 50
545 646 50
545 640 51
545 634 51
545 628 51
545 622 51
545 616 51
545 610 51
545 604 51
545 598 51
545 592 51
545 586 51
551 586 51
551 592 51
551 598 51
551 604 51
551 610 51
551 616 51
551 622 51
551 628 51
551 634 51
551 640 51
551 646 51
551 652 51
551 658 51
551 664 51
551 670 51
551 676 51
551 682 51
551 688 51
551 694 51
551 700 51
551 706 51
551 712 51
551 718 51
551 724 51
551 730 51
551 736 51
551 742 51
551 748 51
551 754 51
551 760 51
551 766 52
551 772 52
551 778 52
551 784 52
551 790 52
551 796 52
551 802 52
551 808 52
557 808 52
557 802 52
557 796 52
557 790 52
557 784 52
557 778 52
557 772 52
557 766 52
557 760 52
557 754 52
557 748 52
557 742 52
557 736 52
557 730 52
557 724 52
557 718 52
557 712 52
557 706 52
557 700 52
557 694 52
557 688 52
557 682 52
557 676 52
557 670 52
557 664 52
557 658 52
557 652 52
557 646 52
557 640 52
557 634 52
557 628 52
557 622 52
557 616 53
557 610 53
557 604 53
557 598 53
557 592 53
557 586 53
563 586 53
563 592 53
563 598 53
563 604 53
563 610 53
563 616 53
563 622 53
563 628 53
563 634 53
563 640 53
563 646 53
563 652 53
563 658 53
563 664 53
563 670 53
563 676 53
563 682 53
563 688 53
563 694 53
563 700 53
563 706 53
563 712 53
563 718 53
563 724 53
563 730 53
563 736 53
563 742 53
563 748 53
563 754 53
563 760 53
563 766 53
563 772 53
563 778 53
563 784 53
563 790 54
563 796 54
563 802 54
563 808 54
569 808 54
569 802 54
569 796 54
569 790 54
569 784 54
569 778 54
569 772 54
569 766 54
569 760 54
569 754 54
569 748 54
569 742 54
569 736 54
569 730 54
569 724 54
569 718 54
569 712 54
569 706 54
569 700 54
569 694 54
569 688 54
569 682 54
569 676 54
569 670 54
569 664 54
569 658 54
569 652 54
569 646 54
569 640 54
569 634 54
569 628 54
569 622 54
569 616 54
569 610 54
569 604 54
569 598 54
569 592 55
569 586 55
575 586 55
575 592 55
575 598 55
575 604 55
575 610 55
575 616 55
575 622 55
575 628 55
575 634 55
575 640 55
575 646 55
575 652 55
575 658 55
575 664 55
575 670 55
575 676 55
575 682 55
575 688 55
575 694 55
575 700 55
575 706 55
575 712 55
575 718 55
575 724 55
575 730 55
575 736 55
575 742 55
575 748 55
575 754 55
575 760 55
575 766 55
575 772 55
575 778 55
575 784 55
575 790 55
575 796 55
575 802 55
575 808 55
581 808 56
581 802 56
581 796 56
581 790 56
581 784 56
581 778 56
581 772 56
581 766 56
581 760 56
581 754 56
581 748 56
581 742 56
581 736 56
581 730 56
581 724 56
581 718 56
581 712 56
581 706 56
581 700 56
581 694 56
581 688 56
581 682 56
581 676 56
581 670 56
581 664 56
581 658 56
581 652 56
581 646 56
581 640 56
581 634 56
581 628 56
581 622 56
581 616 56
581 610 56
581 604 56
581 598 56
581 592 56
581 586 56
587 586 56
587 592 56
587 598 57
587 604 57
587 610 57
587 616 57
587 622 57
587 628 57
587 634 57
587 640 57
587 646 57
587 652 57
587 658 57
587 664 57
587 670 57
587 676 57
587 682 57
587 688 57
587 694 57
587 700 57
587 706 57
587 712 57
587 718 57
587 724 57
587 730 57
587 736 57
587 742 57
587 748 57
587 754 57
587 760 57
587 766 57
587 772 57
587 778 57
587 784 57
587 790 57
587 796 57
587 802 57
587 808 57
593 808 57
593 802 57
593 796 57
593 790 57
593 784 58
593 778 58
593 772 58
593 766 58
593 760 58
593 754 58
593 748 58
593 742 58
593 736 58
593 730 58
593 724 58
593 718 58
593 712 58
593 706 58
593 700 58
593 694 58
593 688 58
593 682 58
593 676 58
593 670 58
593 664 58
593 658 58
593 652 58
593 646 58
593 640 58
593 634 58
593 628 58
593 622 58
593 616 58
593 610 58
593 604 58
593 598 58
593 592 58
593 586 58
599 586 58
599 592 58
599 598 58
599 604 58
599 610 58
599 616 58
599 622 59
599 628 59
599 634 59
599 640 59
599 646 59
599 652 59
599 658 59
599 664 59
599 670 59
599 676 59
599 682 59
599 688 59
599 694 59
599 700 59
599 706 59
599 712 59
599 718 59
599 724 59
599 730 59
599 736 59
599 742 59
599 748 59
599 754 59
599 760 59
599 766 59
599 772 59
599 778 59
599 784 59
599 790 59
599 796 59
599 802 59
599 808 59
605 808 59
605 802 59
605 796 59
605 790 59
605 784 59
605 778 59
605 772 59
605 766 59
605 760 60
605 754 60
605 748 60
605 742 60
605 736 60
605 730 60
605 724 60
605 718 60
605 712 60
605 706 60
605 700 60
605 694 60
605 688 60
605 682 60
605 676 60
605 670 60
605 664 60
605 658 60
605 652 60
605 646 60
605 640 60
605 634 60
605 628 60
605 622 60
605 616 60
605 610 60
605 604 60
605 598 60
605 592 60
605 586 60
611 586 60
611 592 60
611 598 60
611 604 60
611 610 60
611 616 60
611 622 60
611 628 60
611 634 60
611 640 60
611 646 61
611 652 61
611 658 61
611 664 61
611 670 61
611 676 61
611 682 61
611 688 61
611 694 61
611 700 61
611 706 61
611 712 61
611 718 61
611 724 61
611 730 61
611 736 61
611 742 61
611 748 61
611 754 61
611 760 61
611 766 61
611 772 61
611 778 61
611 784 61
611 790 61
611 796 61
611 802 61
611 808 61
617 808 61
617 802 61
617 796 61
617 790 61
617 784 61
617 778 61
617 772 61
617 766 61
617 760 61
617 754 61
617 748 61
617 742 61
617 736 62
617 730 62
617 724 62
617 718 62
617 712 62
617 706 62
617 700 62
617 694 62
617 688 62
617 682 62
617 676 62
617 670 62
617 664 62
617 658 62
617 652 62
617 646 62
617 640 62
617 634 62
617 628 62
617 622 62
617 616 62
617 610 62
617 604 62
617 598 62
617 592 62
617 586 62
623 586 62
623 592 62
623 598 62
623 604 62
623 610 62
623 616 62
623 622 62
623 628 62
623 634 62
623 640 62
623 646 62
623 652 62
623 658 62
623 664 62
623 670 63
623 676 63
623 682 63
623 688 63
623 694 63
623 700 63
623 706 63
623 712 63
623 718 63
623 724 63
623 730 63
623 736 63
623 742 63
623 748 63
623 754 63
623 760 63
623 766 63
623 772 63
623 778 63
623 784 63
623 790 63
623 796 63
623 802 63
623 808 63
629 808 63
629 802 63
629 796 63
629 790 63
629 784 63
629 778 63
629 772 63
629 766 63
629 760 63
629 754 63
629 748 63
629 742 63
629 736 63
629 730 63
629 724 63
629 718 63
629 712 64
629 706 64
629 700 64
629 694 64
629 688 64
629 682 64
629 676 64
629 670 64
629 664 64
629 658 64
629 652 64
629 646 64
629 640 64
629 634 64
629 628 64
629 622 64
629 616 64
629 610 64
629 604 64
629 598 64
629 592 64
629 586 64
635 586 64
635 592 64
635 598 64
635 604 64
635 610 64
635 616 64
635 622 64
635 628 64
635 634 64
635 640 64
635 646 64
635 652 64
635 658 64
635 664 64
635 670 64
635 676 64
635 682 64
635 688 64
635 694 65
635 700 65
635 706 65
635 712 65
635 718 65
635 724 65
635 730 65
635 736 65
635 742 65
635 748 65
635 754 65
635 760 65
635 766 65
635 772 65
635 778 65
635 784 65
635 790 65
635 796 65
635 802 65
635 808 65
641 586 65
641 592 65
641 598 65
641 604 65
641 610 65
641 616 65
641 622 65
641 628 65
641 634 65
641 640 65
641 646 65
641 652 65
641 658 65
641 664 65
641 670 65
641 676 65
641 682 65
641 688 65
641 694 65
641 700 65
641 706 66
641 712 66
641 718 66
641 724 66
641 730 66
641 736 66
641 742 66
641 748 66
641 754 66
641 760 66
641 766 66
641 772 66
641 778 66
641 784 66
641 790 66
641 796 66
641 802 66
641 808 66
641 814 66
641 820 66
641 826 66
641 832 66
641 838 66
641 844 66
641 850 66
641 856 66
641 862 66
641 868 66
641 874 66
641 880 66
641 886 66
641 892 66
641 898 66
641 904 66
641 910 66
641 916 66
641 922 66
641 928 66
641 934 66
641 940 66
641 946 67
641 952 67
641 958 67
641 964 67
641 970 67
641 976 67
641 982 67
641 988 67
641 994 67
641 1000 67
641 1006 67
641 1012 67
641 1018 67
641 1024 67
635 1024 67
635 1018 67
635 1012 67
635 1006 67
635 1000 67
635 994 67
635 988 67
635 982 67
635 976 67
635 970 67
635 964 67
635 958 67
635 952 67
635 946 67
635 940 67
635 934 67
635 928 67
635 922 67
635 916 67
635 910 67
635 904 67
635 898 67
635 892 67
635 886 67
635 880 67
635 874 67
635 868 68
635 862 68
635 856 68
635 850 68
635 844 68
635 838 68
635 832 68
635 826 68
635 820 68
635 814 68
629 814 68
629 820 68
629 826 68
629 832 68
629 838 68
629 844 68
629 850 68
629 856 68
629 862 68
629 868 68
629 874 68
629 880 68
629 886 68
629 892 68
629 898 68
629 904 68
629 910 68
629 916 68
629 922 68
629 928 68
629 934 68
629 940 68
629 946 68
629 952 68
629 958 68
629 964 68
629 970 68
629 976 68
629 982 68
629 988 68
629 994 69
629 1000 69
629 1006 69
629 1012 69
629 1018 69
629 1024 69
623 1024 69
623 1018 69
623 1012 69
623 1006 69
623 1000 69
623 994 69
623 988 69
623 982 69
623 976 69
623 970 69
623 964 69
623 958 69
623 952 69
623 946 69
623 940 69
623 934 69
623 928 69
623 922 69
623 916 69
623 910 69
623 904 69
623 898 69
623 892 69
623 886 69
623 880 69
623 874 69
623 868 69
623 862 69
623 856 69
623 850 69
623 844 69
623 838 69
623 832 69
623 826 69
623 820 70
623 814 70
617 814 70
617 820 70
617 826 70
617 832 70
617 838 70
617 844 70
617 850 70
617 856 70
617 862 70
617 868 70
617 874 70
617 880 70
617 886 70
617 892 70
617 898 70
617 904 70
617 910 70
617 916 70
617 922 70
617 928 70
617 934 70
617 940 70
617 946 70
617 952 70
617 958 70
617 964 70
617 970 70
617 976 70
617 982 70
617 988 70
617 994 70
617 1000 70
617 1006 70
617 1012 70
617 1018 70
617 1024 70
611 1024 70
611 1018 70
611 1012 71
611 1006 71
611 1000 71
611 994 71
611 988 71
611 982 71
611 976 71
611 970 71
611 964 71
611 958 71
611 952 71
611 946 71
611 940 71
611 934 71
611 928 71
611 922 71
611 916 71
611 910 71
611 904 71
611 898 71
611 892 71
611 886 71
611 880 71
611 874 71
611 868 71
611 862 71
611 856 71
611 850 71
611 844 71
611 838 71
611 832 71
611 826 71
611 820 71
611 814 71
605 814 71
605 820 71
605 826 71
605 832 71
605 838 71
605 844 71
605 850 72
605 856 72
605 862 72
605 868 72
605 874 72
605 880 72
605 886 72
605 892 72
605 898 72
605 904 72
605 910 72
605 916 72
605 922 72
605 928 72
605 934 72
605 940 72
605 946 72
605 952 72
605 958 72
605 964 72
605 970 72
605 976 72
605 982 72
605 988 72
605 994 72
605 1000 72
605 1006 72
605 1012 72
605 1018 72
605 1024 72
599 1024 72
599 1018 72
599 1012 72
599 1006 72
599 1000 72
599 994 72
599 988 72
599 982 72
599 976 72
599 970 72
599 964 73
599 958 73
599 952 73
599 946 73
599 940 73
599 934 73
599 928 73
599 922 73
599 916 73
599 910 73
599 904 73
599 898 73
599 892 73
599 886 73
599 880 73
599 874 73
599 868 73
599 862 73
599 856 73
599 850 73
599 844 73
599 838 73
599 832 73
599 826 73
599 820 73
599 814 73
593 814 73
593 820 73
593 826 73
593 832 73
593 838 73
593 844 73
593 850 73
593 856 73
593 862 73
593 868 73
593 874 73
593 880 73
593 886 73
593 892 73
593 898 74
593 904 74
593 910 74
593 916 74
593 922 74
593 928 74
593 934 74
593 940 74
593 946 74
593 952 74
593 958 74
593 964 74
593 970 74
593 976 74
593 982 74
593 988 74
593 994 74
593 1000 74
593 1006 74
593 1012 74
593 1018 74
593 1024 74
587 1024 74
587 1018 74
587 1012 74
587 1006 74
587 1000 74
587 994 74
587 988 74
587 982 74
587 976 74
587 970 74
587 964 74
587 958 74
587 952 74
587 946 74
587 940 74
587 934 74
587 928 74
587 922 74
587 916 75
587 910 75
587 904 75
587 898 75
587 892 75
587 886 75
587 880 75
587 874 75
587 868 75
587 862 75
587 856 75
587 850 75
587 844 75
587 838 75
587 832 75
587 826 75
587 820 75
587 814 75
581 814 75
581 820 75
581 826 75
581 832 75
581 838 75
581 844 75
581 850 75
581 856 75
581 862 75
581 868 75
581 874 75
581 880 75
581 886 75
581 892 75
581 898 75
581 904 75
581 910 75
581 916 75
581 922 75
581 928 75
581 934 75
581 940 75
581 946 76
581 952 76
581 958 76
581 964 76
581 970 76
581 976 76
581 982 76
581 988 76
581 994 76
581 1000 76
581 1006 76
581 1012 76
581 1018 76
581 1024 76
575 1024 76
575 1018 76
575 1012 76
575 1006 76
575 1000 76
575 994 76
575 988 76
575 982 76
575 976 76
575 970 76
575 964 76
575 958 76
575 952 76
575 946 76
575 940 76
575 934 76
575 928 76
575 922 76
575 916 76
575 910 76
575 904 76
575 898 76
575 892 76
575 886 76
575 880 76
575 874 76
575 868 77
575 862 77
575 856 77
575 850 77
575 844 77
575 838 77
575 832 77
575 826 77
575 820 77
575 814 77
569 814 77
569 820 77
569 826 77
569 832 77
569 838 77
569 844 77
569 850 77
569 856 77
569 862 77
569 868 77
569 874 77
569 880 77
569 886 77
569 892 77
569 898 77
569 904 77
569 910 77
569 916 77
569 922 77
569 928 77
569 934 77
569 940 77
569 946 77
569 952 77
569 958 77
569 964 77
569 970 77
569 976 77
569 982 77
569 988 77
569 994 78
569 1000 78
569 1006 78
569 1012 78
569 1018 78
569 1024 78
563 1024 78
563 1018 78
563 1012 78
563 1006 78
563 1000 78
563 994 78
563 988 78
563 982 78
563 976 78
563 970 78
563 964 78
563 958 78
563 952 78
563 946 78
563 940 78
563 934 78
563 928 78
563 922 78
563 916 78
563 910 78
563 904 78
563 898 78
563 892 78
563 886 78
563 880 78
563 874 78
563 868 78
563 862 78
563 856 78
563 850 78
563 844 78
563 838 78
563 832 78
563 826 78
563 820 79
563 814 79
557 814 79
557 820 79
557 826 79
557 832 79
557 838 79
557 844 79
557 850 79
557 856 79
557 862 79
557 868 79
557 874 79
557 880 79
557 886 79
557 892 79
557 898 79
557 904 79
557 910 79
557 916 79
557 922 79
557 928 79
557 934 79
557 940 79
557 946 79
557 952 79
557 958 79
557 964 79
557 970 79
557 976 79
557 982 79
557 988 79
557 994 79
557 1000 79
557 1006 79
557 1012 79
557 1018 79
557 1024 79
551 1024 79
551 1018 79
551 1012 80
551 1006 80
551 1000 80
551 994 80
551 988 80
551 982 80
551 976 80
551 970 80
551 964 80
551 958 80
551 952 80
551 946 80
551 940 80
551 934 80
551 928 80
551 922 80
551 916 80
551 910 80
551 904 80
551 898 80
551 892 80
551 886 80
551 880 80
551 874 80
551 868 80
551 862 80
551 856 80
551 850 80
551 844 80
551 838 80
551 832 80
551 826 80
551 820 80
551 814 80
545 814 80
545 820 80
545 826 80
545 832 80
545 838 80
545 844 80
545 850 81
545 856 81
545 862 81
545 868 81
545 874 81
545 880 81
545 886 81
545 892 81
545 898 81
545 904 81
545 910 81
545 916 81
545 922 81
545 928 81
545 934 81
545 940 81
545 946 81
545 952 81
545 958 81
545 964 81
545 970 81
545 976 81
545 982 81
545 988 81
545 994 81
545 1000 81
545 1006 81
545 1012 81
545 1018 81
545 1024 81
539 1024 81
539 1018 81
539 1012 81
539 1006 81
539 1000 81
539 994 81
539 988 81
539 982 81
539 976 81
539 970 81
539 964 82
539 958 82
539 952 82
539 946 82
539 940 82
539 934 82
539 928 82
539 922 82
539 916 82
539 910 82
539 904 82
539 898 82
539 892 82
539 886 82
539 880 82
539 874 82
539 868 82
539 862 82
539 856 82
539 850 82
539 844 82
539 838 82
539 832 82
539 826 82
539 820 82
539 814 82
533 814 82
533 820 82
533 826 82
533 832 82
533 838 82
533 844 82
533 850 82
533 856 82
533 862 82
533 868 82
533 874 82
533 880 82
533 886 82
533 892 82
533 898 83
533 904 83
533 910 83
533 916 83
533 922 83
533 928 83
533 934 83
533 940 83
533 946 83
533 952 83
533 958 83
533 964 83
533 970 83
533 976 83
533 982 83
533 988 83
533 994 83
533 1000 83
533 1006 83
533 1012 83
533 1018 83
533 1024 83
527 1024 83
527 1018 83
527 1012 83
527 1006 83
527 1000 83
527 994 83
527 988 83
527 982 83
527 976 83
527 970 83
527 964 83
527 958 83
527 952 83
527 946 83
527 940 83
527 934 83
527 928 83
527 922 83
527 916 84
527 910 84
527 904 84
527 898 84
527 892 84
527 886 84
527 880 84
527 874 84
527 868 84
527 862 84
527 856 84
527 850 84
527 844 84
527 838 84
527 832 84
527 826 84
527 820 84
527 814 84
521 814 84
521 820 84
521 826 84
521 832 84
521 838 84
521 844 84
521 850 84
521 856 84
521 862 84
521 868 84
521 874 84
521 880 84
521 886 84
521 892 84
521 898 84
521 904 84
521 910 84
521 916 84
521 922 84
521 928 84
521 934 84
521 940 84
521 946 85
521 952 85
521 958 85
521 964 85
521 970 85
521 976 85
521 982 85
521 988 85
521 994 85
521 1000 85
521 1006 85
521 1012 85
521 1018 85
521 1024 85
515 1024 85
515 1018 85
515 1012 85
515 1006 85
515 1000 85
515 994 85
515 988 85
515 982 85
515 976 85
515 970 85
515 964 85
515 958 85
515 952 85
515 946 85
515 940 85
515 934 85
515 928 85
515 922 85
515 916 85
515 910 85
515 904 85
515 898 85
515 892 85
515 886 85
515 880 85
515 874 85
515 868 86
515 862 86
515 856 86
515 850 86
515 844 86
515 838 86
515 832 86
515 826 86
515 820 86
515 814 86
509 814 86
509 820 86
509 826 86
509 832 86
509 838 86
509 844 86
509 850 86
509 856 86
509 862 86
509 868 86
509 874 86
509 880 86
509 886 86
509 892 86
509 898 86
509 904 86
509 910 86
509 916 86
509 922 86
509 928 86
509 934 86
509 940 86
509 946 86
509 952 86
509 958 86
509 964 86
509 970 86
509 976 86
509 982 86
509 988 86
509 994 87
509 1000 87
509 1006 87
509 1012 87
509 1018 87
509 1024 87
503 1024 87
503 1018 87
503 1012 87
503 1006 87
503 1000 87
503 994 87
503 988 87
503 982 87
503 976 87
503 970 87
503 964 87
503 958 87
503 952 87
503 946 87
503 940 87
503 934 87
503 928 87
503 922 87
503 916 87
503 910 87
503 904 87
503 898 87
503 892 87
503 886 87
503 880 87
503 874 87
503 868 87
503 862 87
503 856 87
503 850 87
503 844 87
503 838 87
503 832 87
503 826 87
503 820 88
503 814 88
497 814 88
497 820 88
497 826 88
497 832 88
497 838 88
497 844 88
497 850 88
497 856 88
497 862 88
497 868 88
497 874 88
497 880 88
497 886 88
497 892 88
497 898 88
497 904 88
497 910 88
497 916 88
497 922 88
497 928 88
497 934 88
497 940 88
497 946 88
497 952 88
497 958 88
497 964 88
497 970 88
497 976 88
497 982 88
497 988 88
497 994 88
497 1000 88
497 1006 88
497 1012 88
497 1018 88
497 1024 88
491 1024 88
491 1018 88
491 1012 89
491 1006 89
491 1000 89
491 994 89
491 988 89
491 982 89
491 976 89
491 970 89
491 964 89
491 958 89
491 952 89
491 946 89
491 940 89
491 934 89
491 928 89
491 922 89
491 916 89
491 910 89
491 904 89
491 898 89
491 892 89
491 886 89
491 880 89
491 874 89
491 868 89
491 862 89
491 856 89
491 850 89
491 844 89
491 838 89
491 832 89
491 826 89
491 820 89
491 814 89
485 814 89
485 820 89
485 826 89
485 832 89
485 838 89
485 844 89
485 850 90
485 856 90
485 862 90
485 868 90
485 874 90
485 880 90
485 886 90
485 892 90
485 898 90
485 904 90
485 910 90
485 916 90
485 922 90
485 928 90
485 934 90
485 940 90
485 946 90
485 952 90
485 958 90
485 964 90
485 970 90
485 976 90
485 982 90
485 988 90
485 994 90
485 1000 90
485 1006 90
485 1012 90
485 1018 90
485 1024 90
479 1024 90
479 1018 90
479 1012 90
479 1006 90
479 1000 90
479 994 90
479 988 90
479 982 90
479 976 90
479 970 90
479 964 91
479 958 91
479 952 91
479 946 91
479 940 91
479 934 91
479 928 91
479 922 91
479 916 91
479 910 91
479 904 91
479 898 91
479 892 91
479 886 91
479 880 91
479 874 91
479 868 91
479 862 91
479 856 91
479 850 91
479 844 91
479 838 91
479 832 91
479 826 91
479 820 91
479 814 91
473 814 91
473 820 91
473 826 91
473 832 91
473 838 91
473 844 91
473 850 91
473 856 91
473 862 91
473 868 91
473 874 91
473 880 91
473 886 91
473 892 91
473 898 92
473 904 92
473 910 92
473 916 92
473 922 92
473 928 92
473 934 92
473 940 92
473 946 92
473 952 92
473 958 92
473 964 92
473 970 92
473 976 92
473 982 92
473 988 92
473 994 92
473 1000 92
473 1006 92
473 1012 92
473 1018 92
473 1024 92
467 1024 92
467 1018 92
467 1012 92
467 1006 92
467 1000 92
467 994 92
467 988 92
467 982 92
467 976 92
467 970 92
467 964 92
467 958 92
467 952 92
467 946 92
467 940 92
467 934 92
467 928 92
467 922 92
467 916 93
467 910 93
467 904 93
467 898 93
467 892 93
467 886 93
467 880 93
467 874 93
467 868 93
467 862 93
467 856 93
467 850 93
467 844 93
467 838 93
467 832 93
467 826 93
467 820 93
467 814 93
461 814 93
461 820 93
461 826 93
461 832 93
461 838 93
461 844 93
461 850 93
461 856 93
461 862 93
461 868 93
461 874 93
461 880 93
461 886 93
461 892 93
461 898 93
461 904 93
461 910 93
461 916 93
461 922 93
461 928 93
461 934 93
461 940 93
461 946 94
461 952 94
461 958 94
461 964 94
461 970 94
461 976 94
461 982 94
461 988 94
461 994 94
461 1000 94
461 1006 94
461 1012 94
461 1018 94
461 1024 94
455 898 94
455 892 94
455 886 94
455 880 94
455 874 94
455 868 94
455 862 94
455 856 94
455 850 94
455 844 94
455 838 94
455 832 94
455 826 94
455 820 94
455 814 94
449 814 94
449 820 94
449 826 94
449 832 94
449 838 94
449 844 94
449 850 94
449 856 94
449 862 94
449 868 94
449 874 94
449 880 95
449 886 95
449 892 95
449 898 95
443 898 95
443 892 95
443 886 95
443 880 95
443 874 95
443 868 95
443 862 95
443 856 95
443 850 95
443 844 95
443 838 95
443 832 95
443 826 95
443 820 95
443 814 95
437 814 95
437 820 95
437 826 95
437 832 95
437 838 95
437 844 95
437 850 95
437 856 95
437 862 95
437 868 95
437 874 95
437 880 95
437 886 95
437 892 95
437 898 95
431 898 95
431 892 95
431 886 95
431 880 95
431 874 95
431 868 95
431 862 96
431 856 96
431 850 96
431 844 96
431 838 96
431 832 96
431 826 96
431 820 96
431 814 96
425 814 96
425 820 96
425 826 96
425 832 96
425 838 96
425 844 96
425 850 96
425 856 96
425 862 96
425 868 96
425 874 96
425 880 96
425 886 96
425 892 96
425 898 96
419 898 96
419 892 96
419 886 96
419 880 96
419 874 96
419 868 96
419 862 96
419 856 96
419 850 96
419 844 96
419 838 96
419 832 96
419 826 96
419 820 96
419 814 96
413 814 96
413 820 97
413 826 97
413 832 97
413 838 97
413 844 97
413 850 97
413 856 97
413 862 97
413 868 97
413 874 97
413 880 97
413 886 97
413 892 97
413 898 97
407 898 97
407 892 97
407 886 97
407 880 97
407 874 97
407 868 97
407 862 97
407 856 97
407 850 97
407 844 97
407 838 97
407 832 97
407 826 97
407 820 97
407 814 97
401 814 97
401 820 97
401 826 97
401 832 97
401 838 97
401 844 97
401 850 97
401 856 97
401 862 97
401 868 97
401 874 97
401 880 98
401 886 98
401 892 98
401 898 98
395 898 98
395 892 98
395 886 98
395 880 98
395 874 98
395 868 98
395 862 98
395 856 98
395 850 98
395 844 98
395 838 98
395 832 98
395 826 98
395 820 98
395 814 98
389 814 98
389 820 98
389 826 98
389 832 98
389 838 98
389 844 98
389 850 98
389 856 98
389 862 98
389 868 98
389 874 98
389 880 98
389 886 98
389 892 98
389 898 98
383 898 98
383 892 98
383 886 98
383 880 98
383 874 98
383 868 98
383 862 99
383 856 99
383 850 99
383 844 99
383 838 99
383 832 99
383 826 99
383 820 99
383 814 99
377 814 99
377 820 99
377 826 99
377 832 99
377 838 99
377 844 99
377 850 99
377 856 99
377 862 99
377 868 99
377 874 99
377 880 99
377 886 99
377 892 99
377 898 99
371 898 99
371 892 99
371 886 99
371 880 99
371 874 99
371 868 99
371 862 99
371 856 99
371 850 99
371 844 99
371 838 99
371 832 99
371 826 99
371 820 99
371 814 99
365 814 99
365 820 100
365 826 100
365 832 100
365 838 100
365 844 100
365 850 100
365 856 100
365 862 100
365 868 100
365 874 100
365 880 100
365 886 100
365 892 100
365 898 100
359 898 100
359 892 100
359 886 100
359 880 100
359 874 100
359 868 100
359 862 100
359 856 100
359 850 100
359 844 100
359 838 100
359 832 100
359 826 100
359 820 100
359 814 100
353 814 100
353 820 100
353 826 100
353 832 100
353 838 100
353 844 100
353 850 100
353 856 100
353 862 100
353 868 100
353 874 100
353 880 101
353 886 101
353 892 101
353 898 101
347 898 101
347 892 101
347 886 101
347 880 101
347 874 101
347 868 101
347 862 101
347 856 101
347 850 101
347 844 101
347 838 101
347 832 101
347 826 101
347 820 101
347 814 101
341 814 101
341 820 101
341 826 101
341 832 101
341 838 101
341 844 101
341 850 101
341 856 101
341 862 101
341 868 101
341 874 101
341 880 101
341 886 101
341 892 101
341 898 101
335 898 101
335 892 101
335 886 101
335 880 101
335 874 101
335 868 101
335 862 102
335 856 102
335 850 102
335 844 102
335 838 102
335 832 102
335 826 102
335 820 102
335 814 102
329 814 102
329 820 102
329 826 102
329 832 102
329 838 102
329 844 102
329 850 102
329 856 102
329 862 102
329 868 102
329 874 102
329 880 102
329 886 102
329 892 102
329 898 102
323 898 102
323 892 102
323 886 102
323 880 102
323 874 102
323 868 102
323 862 102
323 856 102
323 850 102
323 844 102
323 838 102
323 832 102
323 826 102
323 820 102
323 814 102
317 814 102
317 820 103
317 826 103
317 832 103
317 838 103
317 844 103
317 850 103
317 856 103
317 862 103
317 868 103
317 874 103
317 880 103
317 886 103
317 892 103
317 898 103
311 898 103
311 892 103
311 886 103
311 880 103
311 874 103
311 868 103
311 862 103
311 856 103
311 850 103
311 844 103
311 838 103
311 832 103
311 826 103
311 820 103
311 814 103
305 814 103
305 820 103
305 826 103
305 832 103
305 838 103
305 844 103
305 850 103
305 856 103
305 862 103
305 868 103
305 874 103
305 880 104
305 886 104
305 892 104
305 898 104
299 898 104
299 892 104
299 886 104
299 880 104
299 874 104
299 868 104
299 862 104
299 856 104
299 850 104
299 844 104
299 838 104
299 832 104
299 826 104
299 820 104
299 814 104
293 814 104
293 820 104
293 826 104
293 832 104
293 838 104
293 844 104
293 850 104
293 856 104
293 862 104
293 868 104
293 874 104
293 880 104
293 886 104
293 892 104
293 898 104
