641 1024 0
641 1018 0
641 1012 0
641 1006 0
641 1000 0
641 994 0
641 988 0
641 982 0
641 976 0
641 970 0
641 964 0
641 958 0
641 952 0
641 946 0
641 940 0
641 934 0
641 928 0
641 922 0
641 916 0
641 910 0
641 904 0
641 898 0
641 892 0
641 886 0
641 880 0
641 874 0
641 868 0
641 862 0
641 856 0
641 850 0
641 844 0
641 838 0
641 832 0
641 826 0
641 820 0
641 814 0
635 814 0
635 820 0
635 826 0
635 832 0
635 838 1
635 844 1
635 850 1
635 856 1
635 862 1
635 868 1
635 874 1
635 880 1
635 886 1
635 892 1
635 898 1
635 904 1
635 910 1
635 916 1
635 922 1
635 928 1
635 934 1
635 940 1
635 946 1
635 952 1
635 958 1
635 964 1
635 970 1
635 976 1
635 982 1
635 988 1
635 994 1
635 1000 1
635 1006 1
635 1012 1
635 1018 1
635 1024 1
629 1024 1
629 1018 1
629 1012 1
629 1006 1
629 1000 1
629 994 1
629 988 1
629 982 1
629 976 2
629 970 2
629 964 2
629 958 2
629 952 2
629 946 2
629 940 2
629 934 2
629 928 2
629 922 2
629 916 2
629 910 2
629 904 2
629 898 2
629 892 2
629 886 2
629 880 2
629 874 2
629 868 2
629 862 2
629 856 2
629 850 2
629 844 2
629 838 2
629 832 2
629 826 2
629 820 2
629 814 2
623 814 2
623 820 2
623 826 2
623 832 2
623 838 2
623 844 2
623 850 2
623 856 2
623 862 2
623 868 2
623 874 2
623 880 2
623 886 3
623 892 3
623 898 3
623 904 3
623 910 3
623 916 3
623 922 3
623 928 3
623 934 3
623 940 3
623 946 3
623 952 3
623 958 3
623 964 3
623 970 3
623 976 3
623 982 3
623 988 3
623 994 3
623 1000 3
623 1006 3
623 1012 3
623 1018 3
623 1024 3
617 1024 3
617 1018 3
617 1012 3
617 1006 3
617 1000 3
617 994 3
617 988 3
617 982 3
617 976 3
617 970 3
617 964 3
617 958 3
617 952 3
617 946 3
617 940 3
617 934 3
617 928 4
617 922 4
617 916 4
617 910 4
617 904 4
617 898 4
617 892 4
617 886 4
617 880 4
617 874 4
617 868 4
617 862 4
617 856 4
617 850 4
617 844 4
617 838 4
617 832 4
617 826 4
617 820 4
617 814 4
611 814 4
611 820 4
611 826 4
611 832 4
611 838 4
611 844 4
611 850 4
611 856 4
611 862 4
611 868 4
611 874 4
611 880 4
611 886 4
611 892 4
611 898 4
611 904 4
611 910 4
611 916 4
611 922 4
611 928 4
611 934 5
611 940 5
611 946 5
611 952 5
611 958 5
611 964 5
611 970 5
611 976 5
611 982 5
611 988 5
611 994 5
611 1000 5
611 1006 5
611 1012 5
611 1018 5
611 1024 5
605 1024 5
605 1018 5
605 1012 5
605 1006 5
605 1000 5
605 994 5
605 988 5
605 982 5
605 976 5
605 970 5
605 964 5
605 958 5
605 952 5
605 946 5
605 940 5
605 934 5
605 928 5
605 922 5
605 916 5
605 910 5
605 904 5
605 898 5
605 892 5
605 886 5
605 880 6
605 874 6
605 868 6
605 862 6
605 856 6
605 850 6
605 844 6
605 838 6
605 832 6
605 826 6
605 820 6
605 814 6
599 814 6
599 820 6
599 826 6
599 832 6
599 838 6
599 844 6
599 850 6
599 856 6
599 862 6
599 868 6
599 874 6
599 880 6
599 886 6
599 892 6
599 898 6
599 904 6
599 910 6
599 916 6
599 922 6
599 928 6
599 934 6
599 940 6
599 946 6
599 952 6
599 958 6
599 964 6
599 970 6
599 976 6
599 982 7
599 988 7
599 994 7
599 1000 7
599 1006 7
599 1012 7
599 1018 7
599 1024 7
593 1024 7
593 1018 7
593 1012 7
593 1006 7
593 1000 7
593 994 7
593 988 7
593 982 7
593 976 7
593 970 7
593 964 7
593 958 7
593 952 7
593 946 7
593 940 7
593 934 7
593 928 7
593 922 7
593 916 7
593 910 7
593 904 7
593 898 7
593 892 7
593 886 7
593 880 7
593 874 7
593 868 7
593 862 7
593 856 7
593 850 7
593 844 7
593 838 7
593 832 8
593 826 8
593 820 8
593 814 8
587 814 8
587 820 8
587 826 8
587 832 8
587 838 8
587 844 8
587 850 8
587 856 8
587 862 8
587 868 8
587 874 8
587 880 8
587 886 8
587 892 8
587 898 8
587 904 8
587 910 8
587 916 8
587 922 8
587 928 8
587 934 8
587 940 8
587 946 8
587 952 8
587 958 8
587 964 8
587 970 8
587 976 8
587 982 8
587 988 8
587 994 8
587 1000 8
587 1006 8
587 1012 8
587 1018 8
587 1024 8
581 1024 9
581 1018 9
581 1012 9
581 1006 9
581 1000 9
581 994 9
581 988 9
581 982 9
581 976 9
581 970 9
581 964 9
581 958 9
581 952 9
581 946 9
581 940 9
581 934 9
581 928 9
581 922 9
581 916 9
581 910 9
581 904 9
581 898 9
581 892 9
581 886 9
581 880 9
581 874 9
581 868 9
581 862 9
581 856 9
581 850 9
581 844 9
581 838 9
581 832 9
581 826 9
581 820 9
581 814 9
575 814 9
575 820 9
575 826 9
575 832 9
575 838 10
575 844 10
575 850 10
575 856 10
575 862 10
575 868 10
575 874 10
575 880 10
575 886 10
575 892 10
575 898 10
575 904 10
575 910 10
575 916 10
575 922 10
575 928 10
575 934 10
575 940 10
575 946 10
575 952 10
575 958 10
575 964 10
575 970 10
575 976 10
575 982 10
575 988 10
575 994 10
575 1000 10
575 1006 10
575 1012 10
575 1018 10
575 1024 10
569 1024 10
569 1018 10
569 1012 10
569 1006 10
569 1000 10
569 994 10
569 988 10
569 982 10
569 976 11
569 970 11
569 964 11
569 958 11
569 952 11
569 946 11
569 940 11
569 934 11
569 928 11
569 922 11
569 916 11
569 910 11
569 904 11
569 898 11
569 892 11
569 886 11
569 880 11
569 874 11
569 868 11
569 862 11
569 856 11
569 850 11
569 844 11
569 838 11
569 832 11
569 826 11
569 820 11
569 814 11
563 814 11
563 820 11
563 826 11
563 832 11
563 838 11
563 844 11
563 850 11
563 856 11
563 862 11
563 868 11
563 874 11
563 880 11
563 886 12
563 892 12
563 898 12
563 904 12
563 910 12
563 916 12
563 922 12
563 928 12
563 934 12
563 940 12
563 946 12
563 952 12
563 958 12
563 964 12
563 970 12
563 976 12
563 982 12
563 988 12
563 994 12
563 1000 12
563 1006 12
563 1012 12
563 1018 12
563 1024 12
557 1024 12
557 1018 12
557 1012 12
557 1006 12
557 1000 12
557 994 12
557 988 12
557 982 12
557 976 12
557 970 12
557 964 12
557 958 12
557 952 12
557 946 12
557 940 12
557 934 12
557 928 13
557 922 13
557 916 13
557 910 13
557 904 13
557 898 13
557 892 13
557 886 13
557 880 13
557 874 13
557 868 13
557 862 13
557 856 13
557 850 13
557 844 13
557 838 13
557 832 13
557 826 13
557 820 13
557 814 13
551 814 13
551 820 13
551 826 13
551 832 13
551 838 13
551 844 13
551 850 13
551 856 13
551 862 13
551 868 13
551 874 13
551 880 13
551 886 13
551 892 13
551 898 13
551 904 13
551 910 13
551 916 13
551 922 13
551 928 13
551 934 14
551 940 14
551 946 14
551 952 14
551 958 14
551 964 14
551 970 14
551 976 14
551 982 14
551 988 14
551 994 14
551 1000 14
551 1006 14
551 1012 14
551 1018 14
551 1024 14
545 1024 14
545 1018 14
545 1012 14
545 1006 14
545 1000 14
545 994 14
545 988 14
545 982 14
545 976 14
545 970 14
545 964 14
545 958 14
545 952 14
545 946 14
545 940 14
545 934 14
545 928 14
545 922 14
545 916 14
545 910 14
545 904 14
545 898 14
545 892 14
545 886 14
545 880 15
545 874 15
545 868 15
545 862 15
545 856 15
545 850 15
545 844 15
545 838 15
545 832 15
545 826 15
545 820 15
545 814 15
539 814 15
539 820 15
539 826 15
539 832 15
539 838 15
539 844 15
539 850 15
539 856 15
539 862 15
539 868 15
539 874 15
539 880 15
539 886 15
539 892 15
539 898 15
539 904 15
539 910 15
539 916 15
539 922 15
539 928 15
539 934 15
539 940 15
539 946 15
539 952 15
539 958 15
539 964 15
539 970 15
539 976 15
539 982 16
539 988 16
539 994 16
539 1000 16
539 1006 16
539 1012 16
539 1018 16
539 1024 16
533 1024 16
533 1018 16
533 1012 16
533 1006 16
533 1000 16
533 994 16
533 988 16
533 982 16
533 976 16
533 970 16
533 964 16
533 958 16
533 952 16
533 946 16
533 940 16
533 934 16
533 928 16
533 922 16
533 916 16
533 910 16
533 904 16
533 898 16
533 892 16
533 886 16
533 880 16
533 874 16
533 868 16
533 862 16
533 856 16
533 850 16
533 844 16
533 838 16
533 832 17
533 826 17
533 820 17
533 814 17
527 814 17
527 820 17
527 826 17
527 832 17
527 838 17
527 844 17
527 850 17
527 856 17
527 862 17
527 868 17
527 874 17
527 880 17
527 886 17
527 892 17
527 898 17
527 904 17
527 910 17
527 916 17
527 922 17
527 928 17
527 934 17
527 940 17
527 946 17
527 952 17
527 958 17
527 964 17
527 970 17
527 976 17
527 982 17
527 988 17
527 994 17
527 1000 17
527 1006 17
527 1012 17
527 1018 17
527 1024 17
521 1024 18
521 1018 18
521 1012 18
521 1006 18
521 1000 18
521 994 18
521 988 18
521 982 18
521 976 18
521 970 18
521 964 18
521 958 18
521 952 18
521 946 18
521 940 18
521 934 18
521 928 18
521 922 18
521 916 18
521 910 18
521 904 18
521 898 18
521 892 18
521 886 18
521 880 18
521 874 18
521 868 18
521 862 18
521 856 18
521 850 18
521 844 18
521 838 18
521 832 18
521 826 18
521 820 18
521 814 18
515 814 18
515 820 18
515 826 18
515 832 18
515 838 19
515 844 19
515 850 19
515 856 19
515 862 19
515 868 19
515 874 19
515 880 19
515 886 19
515 892 19
515 898 19
515 904 19
515 910 19
515 916 19
515 922 19
515 928 19
515 934 19
515 940 19
515 946 19
515 952 19
515 958 19
515 964 19
515 970 19
515 976 19
515 982 19
515 988 19
515 994 19
515 1000 19
515 1006 19
515 1012 19
515 1018 19
515 1024 19
509 1024 19
509 1018 19
509 1012 19
509 1006 19
509 1000 19
509 994 19
509 988 19
509 982 19
509 976 20
509 970 20
509 964 20
509 958 20
509 952 20
509 946 20
509 940 20
509 934 20
509 928 20
509 922 20
509 916 20
509 910 20
509 904 20
509 898 20
509 892 20
509 886 20
509 880 20
509 874 20
509 868 20
509 862 20
509 856 20
509 850 20
509 844 20
509 838 20
509 832 20
509 826 20
509 820 20
509 814 20
503 814 20
503 820 20
503 826 20
503 832 20
503 838 20
503 844 20
503 850 20
503 856 20
503 862 20
503 868 20
503 874 20
503 880 20
503 886 21
503 892 21
503 898 21
503 904 21
503 910 21
503 916 21
503 922 21
503 928 21
503 934 21
503 940 21
503 946 21
503 952 21
503 958 21
503 964 21
503 970 21
503 976 21
503 982 21
503 988 21
503 994 21
503 1000 21
503 1006 21
503 1012 21
503 1018 21
503 1024 21
497 1024 21
497 1018 21
497 1012 21
497 1006 21
497 1000 21
497 994 21
497 988 21
497 982 21
497 976 21
497 970 21
497 964 21
497 958 21
497 952 21
497 946 21
497 940 21
497 934 21
497 928 22
497 922 22
497 916 22
497 910 22
497 904 22
497 898 22
497 892 22
497 886 22
497 880 22
497 874 22
497 868 22
497 862 22
497 856 22
497 850 22
497 844 22
497 838 22
497 832 22
497 826 22
497 820 22
497 814 22
491 814 22
491 820 22
491 826 22
491 832 22
491 838 22
491 844 22
491 850 22
491 856 22
491 862 22
491 868 22
491 874 22
491 880 22
491 886 22
491 892 22
491 898 22
491 904 22
491 910 22
491 916 22
491 922 22
491 928 22
491 934 23
491 940 23
491 946 23
491 952 23
491 958 23
491 964 23
491 970 23
491 976 23
491 982 23
491 988 23
491 994 23
491 1000 23
491 1006 23
491 1012 23
491 1018 23
491 1024 23
485 1024 23
485 1018 23
485 1012 23
485 1006 23
485 1000 23
485 994 23
485 988 23
485 982 23
485 976 23
485 970 23
485 964 23
485 958 23
485 952 23
485 946 23
485 940 23
485 934 23
485 928 23
485 922 23
485 916 23
485 910 23
485 904 23
485 898 23
485 892 23
485 886 23
485 880 24
485 874 24
485 868 24
485 862 24
485 856 24
485 850 24
485 844 24
485 838 24
485 832 24
485 826 24
485 820 24
485 814 24
479 814 24
479 820 24
479 826 24
479 832 24
479 838 24
479 844 24
479 850 24
479 856 24
479 862 24
479 868 24
479 874 24
479 880 24
479 886 24
479 892 24
479 898 24
479 904 24
479 910 24
479 916 24
479 922 24
479 928 24
479 934 24
479 940 24
479 946 24
479 952 24
479 958 24
479 964 24
479 970 24
479 976 24
479 982 25
479 988 25
479 994 25
479 1000 25
479 1006 25
479 1012 25
479 1018 25
479 1024 25
473 1024 25
473 1018 25
473 1012 25
473 1006 25
473 1000 25
473 994 25
473 988 25
473 982 25
473 976 25
473 970 25
473 964 25
473 958 25
473 952 25
473 946 25
473 940 25
473 934 25
473 928 25
473 922 25
473 916 25
473 910 25
473 904 25
473 898 25
473 892 25
473 886 25
473 880 25
473 874 25
473 868 25
473 862 25
473 856 25
473 850 25
473 844 25
473 838 25
473 832 26
473 826 26
473 820 26
473 814 26
467 814 26
467 820 26
467 826 26
467 832 26
467 838 26
467 844 26
467 850 26
467 856 26
467 862 26
467 868 26
467 874 26
467 880 26
467 886 26
467 892 26
467 898 26
467 904 26
467 910 26
467 916 26
467 922 26
467 928 26
467 934 26
467 940 26
467 946 26
467 952 26
467 958 26
467 964 26
467 970 26
467 976 26
467 982 26
467 988 26
467 994 26
467 1000 26
467 1006 26
467 1012 26
467 1018 26
467 1024 26
461 1024 27
461 1018 27
461 1012 27
461 1006 27
461 1000 27
461 994 27
461 988 27
461 982 27
461 976 27
461 970 27
461 964 27
461 958 27
461 952 27
461 946 27
461 940 27
461 934 27
461 928 27
461 922 27
461 916 27
461 910 27
461 904 27
461 898 27
461 892 27
461 886 27
461 880 27
461 874 27
461 868 27
461 862 27
461 856 27
461 850 27
461 844 27
461 838 27
461 832 27
461 826 27
461 820 27
461 814 27
455 814 27
455 820 27
455 826 27
455 832 27
455 838 28
455 844 28
455 850 28
455 856 28
455 862 28
455 868 28
455 874 28
455 880 28
455 886 28
455 892 28
455 898 28
449 898 28
449 892 28
449 886 28
449 880 28
449 874 28
449 868 28
449 862 28
449 856 28
449 850 28
449 844 28
449 838 28
449 832 28
449 826 28
449 820 28
449 814 28
443 814 28
443 820 28
443 826 28
443 832 28
443 838 28
443 844 28
443 850 28
443 856 28
443 862 28
443 868 28
443 874 28
443 880 28
443 886 28
443 892 28
443 898 29
437 898 29
437 892 29
437 886 29
437 880 29
437 874 29
437 868 29
437 862 29
437 856 29
437 850 29
437 844 29
437 838 29
437 832 29
437 826 29
437 820 29
437 814 29
431 814 29
431 820 29
431 826 29
431 832 29
431 838 29
431 844 29
431 850 29
431 856 29
431 862 29
431 868 29
431 874 29
431 880 29
431 886 29
431 892 29
431 898 29
425 898 29
425 892 29
425 886 29
425 880 29
425 874 29
425 868 29
425 862 29
425 856 29
425 850 29
425 844 30
425 838 30
425 832 30
425 826 30
425 820 30
425 814 30
419 814 30
419 820 30
419 826 30
419 832 30
419 838 30
419 844 30
419 850 30
419 856 30
419 862 30
419 868 30
419 874 30
419 880 30
419 886 30
419 892 30
419 898 30
413 898 30
413 892 30
413 886 30
413 880 30
413 874 30
413 868 30
413 862 30
413 856 30
413 850 30
413 844 30
413 838 30
413 832 30
413 826 30
413 820 30
413 814 30
407 814 30
407 820 30
407 826 30
407 832 30
407 838 31
407 844 31
407 850 31
407 856 31
407 862 31
407 868 31
407 874 31
407 880 31
407 886 31
407 892 31
407 898 31
401 898 31
401 892 31
401 886 31
401 880 31
401 874 31
401 868 31
401 862 31
401 856 31
401 850 31
401 844 31
401 838 31
401 832 31
401 826 31
401 820 31
401 814 31
395 814 31
395 820 31
395 826 31
395 832 31
395 838 31
395 844 31
395 850 31
395 856 31
395 862 31
395 868 31
395 874 31
395 880 31
395 886 31
395 892 31
395 898 32
389 898 32
389 892 32
389 886 32
389 880 32
389 874 32
389 868 32
389 862 32
389 856 32
389 850 32
389 844 32
389 838 32
389 832 32
389 826 32
389 820 32
389 814 32
383 814 32
383 820 32
383 826 32
383 832 32
383 838 32
383 844 32
383 850 32
383 856 32
383 862 32
383 868 32
383 874 32
383 880 32
383 886 32
383 892 32
383 898 32
377 898 32
377 892 32
377 886 32
377 880 32
377 874 32
377 868 32
377 862 32
377 856 32
377 850 32
377 844 33
377 838 33
377 832 33
377 826 33
377 820 33
377 814 33
371 814 33
371 820 33
371 826 33
371 832 33
371 838 33
371 844 33
371 850 33
371 856 33
371 862 33
371 868 33
371 874 33
371 880 33
371 886 33
371 892 33
371 898 33
365 898 33
365 892 33
365 886 33
365 880 33
365 874 33
365 868 33
365 862 33
365 856 33
365 850 33
365 844 33
365 838 33
365 832 33
365 826 33
365 820 33
365 814 33
359 814 33
359 820 33
359 826 33
359 832 33
359 838 34
359 844 34
359 850 34
359 856 34
359 862 34
359 868 34
359 874 34
359 880 34
359 886 34
359 892 34
359 898 34
353 898 34
353 892 34
353 886 34
353 880 34
353 874 34
353 868 34
353 862 34
353 856 34
353 850 34
353 844 34
353 838 34
353 832 34
353 826 34
353 820 34
353 814 34
347 814 34
347 820 34
347 826 34
347 832 34
347 838 34
347 844 34
347 850 34
347 856 34
347 862 34
347 868 34
347 874 34
347 880 34
347 886 34
347 892 34
347 898 35
341 898 35
341 892 35
341 886 35
341 880 35
341 874 35
341 868 35
341 862 35
341 856 35
341 850 35
341 844 35
341 838 35
341 832 35
341 826 35
341 820 35
341 814 35
335 814 35
335 820 35
335 826 35
335 832 35
335 838 35
335 844 35
335 850 35
335 856 35
335 862 35
335 868 35
335 874 35
335 880 35
335 886 35
335 892 35
335 898 35
329 898 35
329 892 35
329 886 35
329 880 35
329 874 35
329 868 35
329 862 35
329 856 35
329 850 35
329 844 36
329 838 36
329 832 36
329 826 36
329 820 36
329 814 36
323 814 36
323 820 36
323 826 36
323 832 36
323 838 36
323 844 36
323 850 36
323 856 36
323 862 36
323 868 36
323 874 36
323 880 36
323 886 36
323 892 36
323 898 36
317 898 36
317 892 36
317 886 36
317 880 36
317 874 36
317 868 36
317 862 36
317 856 36
317 850 36
317 844 36
317 838 36
317 832 36
317 826 36
317 820 36
317 814 36
311 814 36
311 820 36
311 826 36
311 832 36
311 838 37
311 844 37
311 850 37
311 856 37
311 862 37
311 868 37
311 874 37
311 880 37
311 886 37
311 892 37
311 898 37
305 898 37
305 892 37
305 886 37
305 880 37
305 874 37
305 868 37
305 862 37
305 856 37
305 850 37
305 844 37
305 838 37
305 832 37
305 826 37
305 820 37
305 814 37
299 814 37
299 820 37
299 826 37
299 832 37
299 838 37
299 844 37
299 850 37
299 856 37
299 862 37
299 868 37
299 874 37
299 880 37
299 886 37
299 892 37
299 898 38
293 898 38
293 892 38
293 886 38
293 880 38
293 874 38
293 868 38
293 862 38
293 856 38
293 850 38
293 844 38
293 838 38
293 832 38
293 826 38
293 820 38
293 814 38
215 772 38
215 766 38
215 760 38
215 754 38
215 748 38
215 742 38
215 736 38
215 730 38
215 724 38
215 718 38
215 712 38
215 706 38
215 700 38
215 694 38
215 688 38
215 682 38
215 676 38
215 670 38
215 664 38
215 658 38
215 652 38
215 646 38
215 640 38
215 634 38
215 628 39
215 622 39
215 616 39
215 610 39
215 604 39
215 598 39
215 592 39
215 586 39
221 586 39
221 592 39
221 598 39
221 604 39
221 610 39
221 616 39
221 622 39
221 628 39
221 634 39
221 640 39
221 646 39
221 652 39
221 658 39
221 664 39
221 670 39
221 676 39
221 682 39
221 688 39
221 694 39
221 700 39
221 706 39
221 712 39
221 718 39
221 724 39
221 730 39
221 736 39
221 742 39
221 748 39
221 754 39
221 760 39
221 766 39
221 772 39
227 772 40
227 766 40
227 760 40
227 754 40
227 748 40
227 742 40
227 736 40
227 730 40
227 724 40
227 718 40
227 712 40
227 706 40
227 700 40
227 694 40
227 688 40
227 682 40
227 676 40
227 670 40
227 664 40
227 658 40
227 652 40
227 646 40
227 640 40
227 634 40
227 628 40
227 622 40
227 616 40
227 610 40
227 604 40
227 598 40
227 592 40
227 586 40
233 586 40
233 592 40
233 598 40
233 604 40
233 610 40
233 616 40
233 622 40
233 628 40
233 634 41
233 640 41
233 646 41
233 652 41
233 658 41
233 664 41
233 670 41
233 676 41
233 682 41
233 688 41
233 694 41
233 700 41
233 706 41
233 712 41
233 718 41
233 724 41
233 730 41
233 736 41
233 742 41
233 748 41
233 754 41
233 760 41
233 766 41
233 772 41
239 772 41
239 766 41
239 760 41
239 754 41
239 748 41
239 742 41
239 736 41
239 730 41
239 724 41
239 718 41
239 712 41
239 706 41
239 700 41
239 694 41
239 688 41
239 682 41
239 676 42
239 670 42
239 664 42
239 658 42
239 652 42
239 646 42
239 640 42
239 634 42
239 628 42
239 622 42
239 616 42
239 610 42
239 604 42
239 598 42
239 592 42
239 586 42
245 586 42
245 592 42
245 598 42
245 604 42
245 610 42
245 616 42
245 622 42
245 628 42
245 634 42
245 640 42
245 646 42
245 652 42
245 658 42
245 664 42
245 670 42
245 676 42
245 682 42
245 688 42
245 694 42
245 700 42
245 706 42
245 712 42
245 718 42
245 724 42
245 730 43
245 736 43
245 742 43
245 748 43
245 754 43
245 760 43
245 766 43
245 772 43
251 772 43
251 766 43
251 760 43
251 754 43
251 748 43
251 742 43
251 736 43
251 730 43
251 724 43
251 718 43
251 712 43
251 706 43
251 700 43
251 694 43
251 688 43
251 682 43
251 676 43
251 670 43
251 664 43
251 658 43
251 652 43
251 646 43
251 640 43
251 634 43
251 628 43
251 622 43
251 616 43
251 610 43
251 604 43
251 598 43
251 592 43
251 586 43
257 586 44
257 592 44
257 598 44
257 604 44
257 610 44
257 616 44
257 622 44
257 628 44
257 634 44
257 640 44
257 646 44
257 652 44
257 658 44
257 664 44
257 670 44
257 676 44
257 682 44
257 688 44
257 694 44
257 700 44
257 706 44
257 712 44
257 718 44
257 724 44
257 730 44
257 736 44
257 742 44
257 748 44
257 754 44
257 760 44
257 766 44
257 772 44
263 772 44
263 766 44
263 760 44
263 754 44
263 748 44
263 742 44
263 736 44
263 730 44
263 724 45
263 718 45
263 712 45
263 706 45
263 700 45
263 694 45
263 688 45
263 682 45
263 676 45
263 670 45
263 664 45
263 658 45
263 652 45
263 646 45
263 640 45
263 634 45
263 628 45
263 622 45
263 616 45
263 610 45
263 604 45
263 598 45
263 592 45
263 586 45
269 586 45
269 592 45
269 598 45
269 604 45
269 610 45
269 616 45
269 622 45
269 628 45
269 634 45
269 640 45
269 646 45
269 652 45
269 658 45
269 664 45
269 670 45
269 676 45
269 682 46
269 688 46
269 694 46
269 700 46
269 706 46
269 712 46
269 718 46
269 724 46
269 730 46
269 736 46
269 742 46
269 748 46
269 754 46
269 760 46
269 766 46
269 772 46
275 772 46
275 766 46
275 760 46
275 754 46
275 748 46
275 742 46
275 736 46
275 730 46
275 724 46
275 718 46
275 712 46
275 706 46
275 700 46
275 694 46
275 688 46
275 682 46
275 676 46
275 670 46
275 664 46
275 658 46
275 652 46
275 646 46
275 640 46
275 634 46
275 628 47
275 622 47
275 616 47
275 610 47
275 604 47
275 598 47
275 592 47
275 586 47
281 586 47
281 592 47
281 598 47
281 604 47
281 610 47
281 616 47
281 622 47
281 628 47
281 634 47
281 640 47
281 646 47
281 652 47
281 658 47
281 664 47
281 670 47
281 676 47
281 682 47
281 688 47
281 694 47
281 700 47
281 706 47
281 712 47
281 718 47
281 724 47
281 730 47
281 736 47
281 742 47
281 748 47
281 754 47
281 760 47
281 766 47
281 772 47
287 772 48
287 766 48
287 760 48
287 754 48
287 748 48
287 742 48
287 736 48
287 730 48
287 724 48
287 718 48
287 712 48
287 706 48
287 700 48
287 694 48
287 688 48
287 682 48
287 676 48
287 670 48
287 664 48
287 658 48
287 652 48
287 646 48
287 640 48
287 634 48
287 628 48
287 622 48
287 616 48
287 610 48
287 604 48
287 598 48
287 592 48
287 586 48
293 586 48
293 592 48
293 598 48
293 604 48
293 610 48
293 616 48
293 622 48
293 628 48
293 634 49
293 640 49
293 646 49
293 652 49
293 658 49
293 664 49
293 670 49
293 676 49
293 682 49
293 688 49
293 694 49
293 700 49
293 706 49
293 712 49
293 718 49
293 724 49
293 730 49
293 736 49
293 742 49
293 748 49
293 754 49
293 760 49
293 766 49
293 772 49
293 778 49
293 784 49
293 790 49
293 796 49
293 802 49
293 808 49
299 808 49
299 802 49
299 796 49
299 790 49
299 784 49
299 778 49
299 772 49
299 766 49
299 760 49
299 754 49
299 748 50
299 742 50
299 736 50
299 730 50
299 724 50
299 718 50
299 712 50
299 706 50
299 700 50
299 694 50
299 688 50
299 682 50
299 676 50
299 670 50
299 664 50
299 658 50
299 652 50
299 646 50
299 640 50
299 634 50
299 628 50
299 622 50
299 616 50
299 610 50
299 604 50
299 598 50
299 592 50
299 586 50
305 586 50
305 592 50
305 598 50
305 604 50
305 610 50
305 616 50
305 622 50
305 628 50
305 634 50
305 640 50
305 646 50
305 652 50
305 658 51
305 664 51
305 670 51
305 676 51
305 682 51
305 688 51
305 694 51
305 700 51
305 706 51
305 712 51
305 718 51
305 724 51
305 730 51
305 736 51
305 742 51
305 748 51
305 754 51
305 760 51
305 766 51
305 772 51
305 778 51
305 784 51
305 790 51
305 796 51
305 802 51
305 808 51
311 808 51
311 802 51
311 796 51
311 790 51
311 784 51
311 778 51
311 772 51
311 766 51
311 760 51
311 754 51
311 748 51
311 742 51
311 736 51
311 730 51
311 724 52
311 718 52
311 712 52
311 706 52
311 700 52
311 694 52
311 688 52
311 682 52
311 676 52
311 670 52
311 664 52
311 658 52
311 652 52
311 646 52
311 640 52
311 634 52
311 628 52
311 622 52
311 616 52
311 610 52
311 604 52
311 598 52
311 592 52
311 586 52
317 586 52
317 592 52
317 598 52
317 604 52
317 610 52
317 616 52
317 622 52
317 628 52
317 634 52
317 640 52
317 646 52
317 652 52
317 658 52
317 664 52
317 670 52
317 676 52
317 682 53
317 688 53
317 694 53
317 700 53
317 706 53
317 712 53
317 718 53
317 724 53
317 730 53
317 736 53
317 742 53
317 748 53
317 754 53
317 760 53
317 766 53
317 772 53
317 778 53
317 784 53
317 790 53
317 796 53
317 802 53
317 808 53
323 808 53
323 802 53
323 796 53
323 790 53
323 784 53
323 778 53
323 772 53
323 766 53
323 760 53
323 754 53
323 748 53
323 742 53
323 736 53
323 730 53
323 724 53
323 718 53
323 712 53
323 706 53
323 700 54
323 694 54
323 688 54
323 682 54
323 676 54
323 670 54
323 664 54
323 658 54
323 652 54
323 646 54
323 640 54
323 634 54
323 628 54
323 622 54
323 616 54
323 610 54
323 604 54
323 598 54
323 592 54
323 586 54
329 586 54
329 592 54
329 598 54
329 604 54
329 610 54
329 616 54
329 622 54
329 628 54
329 634 54
329 640 54
329 646 54
329 652 54
329 658 54
329 664 54
329 670 54
329 676 54
329 682 54
329 688 54
329 694 54
329 700 54
329 706 55
329 712 55
329 718 55
329 724 55
329 730 55
329 736 55
329 742 55
329 748 55
329 754 55
329 760 55
329 766 55
329 772 55
329 778 55
329 784 55
329 790 55
329 796 55
329 802 55
329 808 55
335 808 55
335 802 55
335 796 55
335 790 55
335 784 55
335 778 55
335 772 55
335 766 55
335 760 55
335 754 55
335 748 55
335 742 55
335 736 55
335 730 55
335 724 55
335 718 55
335 712 55
335 706 55
335 700 55
335 694 55
335 688 55
335 682 55
335 676 56
335 670 56
335 664 56
335 658 56
335 652 56
335 646 56
335 640 56
335 634 56
335 628 56
335 622 56
335 616 56
335 610 56
335 604 56
335 598 56
335 592 56
335 586 56
341 586 56
341 592 56
341 598 56
341 604 56
341 610 56
341 616 56
341 622 56
341 628 56
341 634 56
341 640 56
341 646 56
341 652 56
341 658 56
341 664 56
341 670 56
341 676 56
341 682 56
341 688 56
341 694 56
341 700 56
341 706 56
341 712 56
341 718 56
341 724 56
341 730 57
341 736 57
341 742 57
341 748 57
341 754 57
341 760 57
341 766 57
341 772 57
341 778 57
341 784 57
341 790 57
341 796 57
341 802 57
341 808 57
347 808 57
347 802 57
347 796 57
347 790 57
347 784 57
347 778 57
347 772 57
347 766 57
347 760 57
347 754 57
347 748 57
347 742 57
347 736 57
347 730 57
347 724 57
347 718 57
347 712 57
347 706 57
347 700 57
347 694 57
347 688 57
347 682 57
347 676 57
347 670 57
347 664 57
347 658 57
347 652 58
347 646 58
347 640 58
347 634 58
347 628 58
347 622 58
347 616 58
347 610 58
347 604 58
347 598 58
347 592 58
347 586 58
353 586 58
353 592 58
353 598 58
353 604 58
353 610 58
353 616 58
353 622 58
353 628 58
353 634 58
353 640 58
353 646 58
353 652 58
353 658 58
353 664 58
353 670 58
353 676 58
353 682 58
353 688 58
353 694 58
353 700 58
353 706 58
353 712 58
353 718 58
353 724 58
353 730 58
353 736 58
353 742 58
353 748 58
353 754 59
353 760 59
353 766 59
353 772 59
353 778 59
353 784 59
353 790 59
353 796 59
353 802 59
353 808 59
359 808 59
359 802 59
359 796 59
359 790 59
359 784 59
359 778 59
359 772 59
359 766 59
359 760 59
359 754 59
359 748 59
359 742 59
359 736 59
359 730 59
359 724 59
359 718 59
359 712 59
359 706 59
359 700 59
359 694 59
359 688 59
359 682 59
359 676 59
359 670 59
359 664 59
359 658 59
359 652 59
359 646 59
359 640 59
359 634 59
359 628 60
359 622 60
359 616 60
359 610 60
359 604 60
359 598 60
359 592 60
359 586 60
365 586 60
365 592 60
365 598 60
365 604 60
365 610 60
365 616 60
365 622 60
365 628 60
365 634 60
365 640 60
365 646 60
365 652 60
365 658 60
365 664 60
365 670 60
365 676 60
365 682 60
365 688 60
365 694 60
365 700 60
365 706 60
365 712 60
365 718 60
365 724 60
365 730 60
365 736 60
365 742 60
365 748 60
365 754 60
365 760 60
365 766 60
365 772 60
365 778 61
365 784 61
365 790 61
365 796 61
365 802 61
365 808 61
371 808 61
371 802 61
371 796 61
371 790 61
371 784 61
371 778 61
371 772 61
371 766 61
371 760 61
371 754 61
371 748 61
371 742 61
371 736 61
371 730 61
371 724 61
371 718 61
371 712 61
371 706 61
371 700 61
371 694 61
371 688 61
371 682 61
371 676 61
371 670 61
371 664 61
371 658 61
371 652 61
371 646 61
371 640 61
371 634 61
371 628 61
371 622 61
371 616 61
371 610 61
371 604 62
371 598 62
371 592 62
371 586 62
377 586 62
377 592 62
377 598 62
377 604 62
377 610 62
377 616 62
377 622 62
377 628 62
377 634 62
377 640 62
377 646 62
377 652 62
377 658 62
377 664 62
377 670 62
377 676 62
377 682 62
377 688 62
377 694 62
377 700 62
377 706 62
377 712 62
377 718 62
377 724 62
377 730 62
377 736 62
377 742 62
377 748 62
377 754 62
377 760 62
377 766 62
377 772 62
377 778 62
377 784 62
377 790 62
377 796 62
377 802 63
377 808 63
383 808 63
383 802 63
383 796 63
383 790 63
383 784 63
383 778 63
383 772 63
383 766 63
383 760 63
383 754 63
383 748 63
383 742 63
383 736 63
383 730 63
383 724 63
383 718 63
383 712 63
383 706 63
383 700 63
383 694 63
383 688 63
383 682 63
383 676 63
383 670 63
383 664 63
383 658 63
383 652 63
383 646 63
383 640 63
383 634 63
383 628 63
383 622 63
383 616 63
383 610 63
383 604 63
383 598 63
383 592 63
383 586 63
389 586 64
389 592 64
389 598 64
389 604 64
389 610 64
389 616 64
389 622 64
389 628 64
389 634 64
389 640 64
389 646 64
389 652 64
389 658 64
389 664 64
389 670 64
389 676 64
389 682 64
389 688 64
389 694 64
389 700 64
389 706 64
389 712 64
389 718 64
389 724 64
389 730 64
389 736 64
389 742 64
389 748 64
389 754 64
389 760 64
389 766 64
389 772 64
389 778 64
389 784 64
389 790 64
389 796 64
389 802 64
389 808 64
395 808 64
395 802 64
395 796 65
395 790 65
395 784 65
395 778 65
395 772 65
395 766 65
395 760 65
395 754 65
395 748 65
395 742 65
395 736 65
395 730 65
395 724 65
395 718 65
395 712 65
395 706 65
395 700 65
395 694 65
395 688 65
395 682 65
395 676 65
395 670 65
395 664 65
395 658 65
395 652 65
395 646 65
395 640 65
395 634 65
395 628 65
395 622 65
395 616 65
395 610 65
395 604 65
395 598 65
395 592 65
395 586 65
401 586 65
401 592 65
401 598 65
401 604 65
401 610 66
401 616 66
401 622 66
401 628 66
401 634 66
401 640 66
401 646 66
401 652 66
401 658 66
401 664 66
401 670 66
401 676 66
401 682 66
401 688 66
401 694 66
401 700 66
401 706 66
401 712 66
401 718 66
401 724 66
401 730 66
401 736 66
401 742 66
401 748 66
401 754 66
401 760 66
401 766 66
401 772 66
401 778 66
401 784 66
401 790 66
401 796 66
401 802 66
401 808 66
407 808 66
407 802 66
407 796 66
407 790 66
407 784 66
407 778 66
407 772 67
407 766 67
407 760 67
407 754 67
407 748 67
407 742 67
407 736 67
407 730 67
407 724 67
407 718 67
407 712 67
407 706 67
407 700 67
407 694 67
407 688 67
407 682 67
407 676 67
407 670 67
407 664 67
407 658 67
407 652 67
407 646 67
407 640 67
407 634 67
407 628 67
407 622 67
407 616 67
407 610 67
407 604 67
407 598 67
407 592 67
407 586 67
413 586 67
413 592 67
413 598 67
413 604 67
413 610 67
413 616 67
413 622 67
413 628 67
413 634 68
413 640 68
413 646 68
413 652 68
413 658 68
413 664 68
413 670 68
413 676 68
413 682 68
413 688 68
413 694 68
413 700 68
413 706 68
413 712 68
413 718 68
413 724 68
413 730 68
413 736 68
413 742 68
413 748 68
413 754 68
413 760 68
413 766 68
413 772 68
413 778 68
413 784 68
413 790 68
413 796 68
413 802 68
413 808 68
419 808 68
419 802 68
419 796 68
419 790 68
419 784 68
419 778 68
419 772 68
419 766 68
419 760 68
419 754 68
419 748 69
419 742 69
419 736 69
419 730 69
419 724 69
419 718 69
419 712 69
419 706 69
419 700 69
419 694 69
419 688 69
419 682 69
419 676 69
419 670 69
419 664 69
419 658 69
419 652 69
419 646 69
419 640 69
419 634 69
419 628 69
419 622 69
419 616 69
419 610 69
419 604 69
419 598 69
419 592 69
419 586 69
425 586 69
425 592 69
425 598 69
425 604 69
425 610 69
425 616 69
425 622 69
425 628 69
425 634 69
425 640 69
425 646 69
425 652 69
425 658 70
425 664 70
425 670 70
425 676 70
425 682 70
425 688 70
425 694 70
425 700 70
425 706 70
425 712 70
425 718 70
425 724 70
425 730 70
425 736 70
425 742 70
425 748 70
425 754 70
425 760 70
425 766 70
425 772 70
425 778 70
425 784 70
425 790 70
425 796 70
425 802 70
425 808 70
431 808 70
431 802 70
431 796 70
431 790 70
431 784 70
431 778 70
431 772 70
431 766 70
431 760 70
431 754 70
431 748 70
431 742 70
431 736 70
431 730 70
431 724 71
431 718 71
431 712 71
431 706 71
431 700 71
431 694 71
431 688 71
431 682 71
431 676 71
431 670 71
431 664 71
431 658 71
431 652 71
431 646 71
431 640 71
431 634 71
431 628 71
431 622 71
431 616 71
431 610 71
431 604 71
431 598 71
431 592 71
431 586 71
437 586 71
437 592 71
437 598 71
437 604 71
437 610 71
437 616 71
437 622 71
437 628 71
437 634 71
437 640 71
437 646 71
437 652 71
437 658 71
437 664 71
437 670 71
437 676 71
437 682 72
437 688 72
437 694 72
437 700 72
437 706 72
437 712 72
437 718 72
437 724 72
437 730 72
437 736 72
437 742 72
437 748 72
437 754 72
437 760 72
437 766 72
437 772 72
437 778 72
437 784 72
437 790 72
437 796 72
437 802 72
437 808 72
443 808 72
443 802 72
443 796 72
443 790 72
443 784 72
443 778 72
443 772 72
443 766 72
443 760 72
443 754 72
443 748 72
443 742 72
443 736 72
443 730 72
443 724 72
443 718 72
443 712 72
443 706 72
443 700 73
443 694 73
443 688 73
443 682 73
443 676 73
443 670 73
443 664 73
443 658 73
443 652 73
443 646 73
443 640 73
443 634 73
443 628 73
443 622 73
443 616 73
443 610 73
443 604 73
443 598 73
443 592 73
443 586 73
449 586 73
449 592 73
449 598 73
449 604 73
449 610 73
449 616 73
449 622 73
449 628 73
449 634 73
449 640 73
449 646 73
449 652 73
449 658 73
449 664 73
449 670 73
449 676 73
449 682 73
449 688 73
449 694 73
449 700 73
449 706 74
449 712 74
449 718 74
449 724 74
449 730 74
449 736 74
449 742 74
449 748 74
449 754 74
449 760 74
449 766 74
449 772 74
449 778 74
449 784 74
449 790 74
449 796 74
449 802 74
449 808 74
455 808 74
455 802 74
455 796 74
455 790 74
455 784 74
455 778 74
455 772 74
455 766 74
455 760 74
455 754 74
455 748 74
455 742 74
455 736 74
455 730 74
455 724 74
455 718 74
455 712 74
455 706 74
455 700 74
455 694 74
455 688 74
455 682 74
455 676 75
455 670 75
455 664 75
455 658 75
455 652 75
455 646 75
455 640 75
455 634 75
455 628 75
455 622 75
455 616 75
455 610 75
455 604 75
455 598 75
455 592 75
455 586 75
461 586 75
461 592 75
461 598 75
461 604 75
461 610 75
461 616 75
461 622 75
461 628 75
461 634 75
461 640 75
461 646 75
461 652 75
461 658 75
461 664 75
461 670 75
461 676 75
461 682 75
461 688 75
461 694 75
461 700 75
461 706 75
461 712 75
461 718 75
461 724 75
461 730 76
461 736 76
461 742 76
461 748 76
461 754 76
461 760 76
461 766 76
461 772 76
461 778 76
461 784 76
461 790 76
461 796 76
461 802 76
461 808 76
467 808 76
467 802 76
467 796 76
467 790 76
467 784 76
467 778 76
467 772 76
467 766 76
467 760 76
467 754 76
467 748 76
467 742 76
467 736 76
467 730 76
467 724 76
467 718 76
467 712 76
467 706 76
467 700 76
467 694 76
467 688 76
467 682 76
467 676 76
467 670 76
467 664 76
467 658 76
467 652 77
467 646 77
467 640 77
467 634 77
467 628 77
467 622 77
467 616 77
467 610 77
467 604 77
467 598 77
467 592 77
467 586 77
473 586 77
473 592 77
473 598 77
473 604 77
473 610 77
473 616 77
473 622 77
473 628 77
473 634 77
473 640 77
473 646 77
473 652 77
473 658 77
473 664 77
473 670 77
473 676 77
473 682 77
473 688 77
473 694 77
473 700 77
473 706 77
473 712 77
473 718 77
473 724 77
473 730 77
473 736 77
473 742 77
473 748 77
473 754 78
473 760 78
473 766 78
473 772 78
473 778 78
473 784 78
473 790 78
473 796 78
473 802 78
473 808 78
479 808 78
479 802 78
479 796 78
479 790 78
479 784 78
479 778 78
479 772 78
479 766 78
479 760 78
479 754 78
479 748 78
479 742 78
479 736 78
479 730 78
479 724 78
479 718 78
479 712 78
479 706 78
479 700 78
479 694 78
479 688 78
479 682 78
479 676 78
479 670 78
479 664 78
479 658 78
479 652 78
479 646 78
479 640 78
479 634 78
479 628 79
479 622 79
479 616 79
479 610 79
479 604 79
479 598 79
479 592 79
479 586 79
485 586 79
485 592 79
485 598 79
485 604 79
485 610 79
485 616 79
485 622 79
485 628 79
485 634 79
485 640 79
485 646 79
485 652 79
485 658 79
485 664 79
485 670 79
485 676 79
485 682 79
485 688 79
485 694 79
485 700 79
485 706 79
485 712 79
485 718 79
485 724 79
485 730 79
485 736 79
485 742 79
485 748 79
485 754 79
485 760 79
485 766 79
485 772 79
485 778 80
485 784 80
485 790 80
485 796 80
485 802 80
485 808 80
491 808 80
491 802 80
491 796 80
491 790 80
491 784 80
491 778 80
491 772 80
491 766 80
491 760 80
491 754 80
491 748 80
491 742 80
491 736 80
491 730 80
491 724 80
491 718 80
491 712 80
491 706 80
491 700 80
491 694 80
491 688 80
491 682 80
491 676 80
491 670 80
491 664 80
491 658 80
491 652 80
491 646 80
491 640 80
491 634 80
491 628 80
491 622 80
491 616 80
491 610 80
491 604 81
491 598 81
491 592 81
491 586 81
497 586 81
497 592 81
497 598 81
497 604 81
497 610 81
497 616 81
497 622 81
497 628 81
497 634 81
497 640 81
497 646 81
497 652 81
497 658 81
497 664 81
497 670 81
497 676 81
497 682 81
497 688 81
497 694 81
497 700 81
497 706 81
497 712 81
497 718 81
497 724 81
497 730 81
497 736 81
497 742 81
497 748 81
497 754 81
497 760 81
497 766 81
497 772 81
497 778 81
497 784 81
497 790 81
497 796 81
497 802 82
497 808 82
503 808 82
503 802 82
503 796 82
503 790 82
503 784 82
503 778 82
503 772 82
503 766 82
503 760 82
503 754 82
503 748 82
503 742 82
503 736 82
503 730 82
503 724 82
503 718 82
503 712 82
503 706 82
503 700 82
503 694 82
503 688 82
503 682 82
503 676 82
503 670 82
503 664 82
503 658 82
503 652 82
503 646 82
503 640 82
503 634 82
503 628 82
503 622 82
503 616 82
503 610 82
503 604 82
503 598 82
503 592 82
503 586 82
509 586 83
509 592 83
509 598 83
509 604 83
509 610 83
509 616 83
509 622 83
509 628 83
509 634 83
509 640 83
509 646 83
509 652 83
509 658 83
509 664 83
509 670 83
509 676 83
509 682 83
509 688 83
509 694 83
509 700 83
509 706 83
509 712 83
509 718 83
509 724 83
509 730 83
509 736 83
509 742 83
509 748 83
509 754 83
509 760 83
509 766 83
509 772 83
509 778 83
509 784 83
509 790 83
509 796 83
509 802 83
509 808 83
515 808 83
515 802 83
515 796 84
515 790 84
515 784 84
515 778 84
515 772 84
515 766 84
515 760 84
515 754 84
515 748 84
515 742 84
515 736 84
515 730 84
515 724 84
515 718 84
515 712 84
515 706 84
515 700 84
515 694 84
515 688 84
515 682 84
515 676 84
515 670 84
515 664 84
515 658 84
515 652 84
515 646 84
515 640 84
515 634 84
515 628 84
515 622 84
515 616 84
515 610 84
515 604 84
515 598 84
515 592 84
515 586 84
521 586 84
521 592 84
521 598 84
521 604 84
521 610 85
521 616 85
521 622 85
521 628 85
521 634 85
521 640 85
521 646 85
521 652 85
521 658 85
521 664 85
521 670 85
521 676 85
521 682 85
521 688 85
521 694 85
521 700 85
521 706 85
521 712 85
521 718 85
521 724 85
521 730 85
521 736 85
521 742 85
521 748 85
521 754 85
521 760 85
521 766 85
521 772 85
521 778 85
521 784 85
521 790 85
521 796 85
521 802 85
521 808 85
527 808 85
527 802 85
527 796 85
527 790 85
527 784 85
527 778 85
527 772 86
527 766 86
527 760 86
527 754 86
527 748 86
527 742 86
527 736 86
527 730 86
527 724 86
527 718 86
527 712 86
527 706 86
527 700 86
527 694 86
527 688 86
527 682 86
527 676 86
527 670 86
527 664 86
527 658 86
527 652 86
527 646 86
527 640 86
527 634 86
527 628 86
527 622 86
527 616 86
527 610 86
527 604 86
527 598 86
527 592 86
527 586 86
533 586 86
533 592 86
533 598 86
533 604 86
533 610 86
533 616 86
533 622 86
533 628 86
533 634 87
533 640 87
533 646 87
533 652 87
533 658 87
533 664 87
533 670 87
533 676 87
533 682 87
533 688 87
533 694 87
533 700 87
533 706 87
533 712 87
533 718 87
533 724 87
533 730 87
533 736 87
533 742 87
533 748 87
533 754 87
533 760 87
533 766 87
533 772 87
533 778 87
533 784 87
533 790 87
533 796 87
533 802 87
533 808 87
539 808 87
539 802 87
539 796 87
539 790 87
539 784 87
539 778 87
539 772 87
539 766 87
539 760 87
539 754 87
539 748 88
539 742 88
539 736 88
539 730 88
539 724 88
539 718 88
539 712 88
539 706 88
539 700 88
539 694 88
539 688 88
539 682 88
539 676 88
539 670 88
539 664 88
539 658 88
539 652 88
539 646 88
539 640 88
539 634 88
539 628 88
539 622 88
539 616 88
539 610 88
539 604 88
539 598 88
539 592 88
539 586 88
545 586 88
545 592 88
545 598 88
545 604 88
545 610 88
545 616 88
545 622 88
545 628 88
545 634 88
545 640 88
545 646 88
545 652 88
545 658 89
545 664 89
545 670 89
545 676 89
545 682 89
545 688 89
545 694 89
545 700 89
545 706 89
545 712 89
545 718 89
545 724 89
545 730 89
545 736 89
545 742 89
545 748 89
545 754 89
545 760 89
545 766 89
545 772 89
545 778 89
545 784 89
545 790 89
545 796 89
545 802 89
545 808 89
551 808 89
551 802 89
551 796 89
551 790 89
551 784 89
551 778 89
551 772 89
551 766 89
551 760 89
551 754 89
551 748 89
551 742 89
551 736 89
551 730 89
551 724 90
551 718 90
551 712 90
551 706 90
551 700 90
551 694 90
551 688 90
551 682 90
551 676 90
551 670 90
551 664 90
551 658 90
551 652 90
551 646 90
551 640 90
551 634 90
551 628 90
551 622 90
551 616 90
551 610 90
551 604 90
551 598 90
551 592 90
551 586 90
557 586 90
557 592 90
557 598 90
557 604 90
557 610 90
557 616 90
557 622 90
557 628 90
557 634 90
557 640 90
557 646 90
557 652 90
557 658 90
557 664 90
557 670 90
557 676 90
557 682 91
557 688 91
557 694 91
557 700 91
557 706 91
557 712 91
557 718 91
557 724 91
557 730 91
557 736 91
557 742 91
557 748 91
557 754 91
557 760 91
557 766 91
557 772 91
557 778 91
557 784 91
557 790 91
557 796 91
557 802 91
557 808 91
563 808 91
563 802 91
563 796 91
563 790 91
563 784 91
563 778 91
563 772 91
563 766 91
563 760 91
563 754 91
563 748 91
563 742 91
563 736 91
563 730 91
563 724 91
563 718 91
563 712 91
563 706 91
563 700 92
563 694 92
563 688 92
563 682 92
563 676 92
563 670 92
563 664 92
563 658 92
563 652 92
563 646 92
563 640 92
563 634 92
563 628 92
563 622 92
563 616 92
563 610 92
563 604 92
563 598 92
563 592 92
563 586 92
569 586 92
569 592 92
569 598 92
569 604 92
569 610 92
569 616 92
569 622 92
569 628 92
569 634 92
569 640 92
569 646 92
569 652 92
569 658 92
569 664 92
569 670 92
569 676 92
569 682 92
569 688 92
569 694 92
569 700 92
569 706 93
569 712 93
569 718 93
569 724 93
569 730 93
569 736 93
569 742 93
569 748 93
569 754 93
569 760 93
569 766 93
569 772 93
569 778 93
569 784 93
569 790 93
569 796 93
569 802 93
569 808 93
575 808 93
575 802 93
575 796 93
575 790 93
575 784 93
575 778 93
575 772 93
575 766 93
575 760 93
575 754 93
575 748 93
575 742 93
575 736 93
575 730 93
575 724 93
575 718 93
575 712 93
575 706 93
575 700 93
575 694 93
575 688 93
575 682 93
575 676 94
575 670 94
575 664 94
575 658 94
575 652 94
575 646 94
575 640 94
575 634 94
575 628 94
575 622 94
575 616 94
575 610 94
575 604 94
575 598 94
575 592 94
575 586 94
581 586 94
581 592 94
581 598 94
581 604 94
581 610 94
581 616 94
581 622 94
581 628 94
581 634 94
581 640 94
581 646 94
581 652 94
581 658 94
581 664 94
581 670 94
581 676 94
581 682 94
581 688 94
581 694 94
581 700 94
581 706 94
581 712 94
581 718 94
581 724 94
581 730 95
581 736 95
581 742 95
581 748 95
581 754 95
581 760 95
581 766 95
581 772 95
581 778 95
581 784 95
581 790 95
581 796 95
581 802 95
581 808 95
587 808 95
587 802 95
587 796 95
587 790 95
587 784 95
587 778 95
587 772 95
587 766 95
587 760 95
587 754 95
587 748 95
587 742 95
587 736 95
587 730 95
587 724 95
587 718 95
587 712 95
587 706 95
587 700 95
587 694 95
587 688 95
587 682 95
587 676 95
587 670 95
587 664 95
587 658 95
587 652 96
587 646 96
587 640 96
587 634 96
587 628 96
587 622 96
587 616 96
587 610 96
587 604 96
587 598 96
587 592 96
587 586 96
593 586 96
593 592 96
593 598 96
593 604 96
593 610 96
593 616 96
593 622 96
593 628 96
593 634 96
593 640 96
593 646 96
593 652 96
593 658 96
593 664 96
593 670 96
593 676 96
593 682 96
593 688 96
593 694 96
593 700 96
593 706 96
593 712 96
593 718 96
593 724 96
593 730 96
593 736 96
593 742 96
593 748 96
593 754 97
593 760 97
593 766 97
593 772 97
593 778 97
593 784 97
593 790 97
593 796 97
593 802 97
593 808 97
599 808 97
599 802 97
599 796 97
599 790 97
599 784 97
599 778 97
599 772 97
599 766 97
599 760 97
599 754 97
599 748 97
599 742 97
599 736 97
599 730 97
599 724 97
599 718 97
599 712 97
599 706 97
599 700 97
599 694 97
599 688 97
599 682 97
599 676 97
599 670 97
599 664 97
599 658 97
599 652 97
599 646 97
599 640 97
599 634 97
599 628 98
599 622 98
599 616 98
599 610 98
599 604 98
599 598 98
599 592 98
599 586 98
605 586 98
605 592 98
605 598 98
605 604 98
605 610 98
605 616 98
605 622 98
605 628 98
605 634 98
605 640 98
605 646 98
605 652 98
605 658 98
605 664 98
605 670 98
605 676 98
605 682 98
605 688 98
605 694 98
605 700 98
605 706 98
605 712 98
605 718 98
605 724 98
605 730 98
605 736 98
605 742 98
605 748 98
605 754 98
605 760 98
605 766 98
605 772 98
605 778 99
605 784 99
605 790 99
605 796 99
605 802 99
605 808 99
611 808 99
611 802 99
611 796 99
611 790 99
611 784 99
611 778 99
611 772 99
611 766 99
611 760 99
611 754 99
611 748 99
611 742 99
611 736 99
611 730 99
611 724 99
611 718 99
611 712 99
611 706 99
611 700 99
611 694 99
611 688 99
611 682 99
611 676 99
611 670 99
611 664 99
611 658 99
611 652 99
611 646 99
611 640 99
611 634 99
611 628 99
611 622 99
611 616 99
611 610 99
611 604 100
611 598 100
611 592 100
611 586 100
617 586 100
617 592 100
617 598 100
617 604 100
617 610 100
617 616 100
617 622 100
617 628 100
617 634 100
617 640 100
617 646 100
617 652 100
617 658 100
617 664 100
617 670 100
617 676 100
617 682 100
617 688 100
617 694 100
617 700 100
617 706 100
617 712 100
617 718 100
617 724 100
617 730 100
617 736 100
617 742 100
617 748 100
617 754 100
617 760 100
617 766 100
617 772 100
617 778 100
617 784 100
617 790 100
617 796 100
617 802 101
617 808 101
623 808 101
623 802 101
623 796 101
623 790 101
623 784 101
623 778 101
623 772 101
623 766 101
623 760 101
623 754 101
623 748 101
623 742 101
623 736 101
623 730 101
623 724 101
623 718 101
623 712 101
623 706 101
623 700 101
623 694 101
623 688 101
623 682 101
623 676 101
623 670 101
623 664 101
623 658 101
623 652 101
623 646 101
623 640 101
623 634 101
623 628 101
623 622 101
623 616 101
623 610 101
623 604 101
623 598 101
623 592 101
623 586 101
629 586 102
629 592 102
629 598 102
629 604 102
629 610 102
629 616 102
629 622 102
629 628 102
629 634 102
629 640 102
629 646 102
629 652 102
629 658 102
629 664 102
629 670 102
629 676 102
629 682 102
629 688 102
629 694 102
629 700 102
629 706 102
629 712 102
629 718 102
629 724 102
629 730 102
629 736 102
629 742 102
629 748 102
629 754 102
629 760 102
629 766 102
629 772 102
629 778 102
629 784 102
629 790 102
629 796 102
629 802 102
629 808 102
635 808 102
635 802 102
635 796 103
635 790 103
635 784 103
635 778 103
635 772 103
635 766 103
635 760 103
635 754 103
635 748 103
635 742 103
635 736 103
635 730 103
635 724 103
635 718 103
635 712 103
635 706 103
635 700 103
635 694 103
635 688 103
635 682 103
635 676 103
635 670 103
635 664 103
635 658 103
635 652 103
635 646 103
635 640 103
635 634 103
635 628 103
635 622 103
635 616 103
635 610 103
635 604 103
635 598 103
635 592 103
635 586 103
641 808 103
641 802 103
641 796 103
641 790 103
641 784 104
641 778 104
641 772 104
641 766 104
641 760 104
641 754 104
641 748 104
641 742 104
641 736 104
641 730 104
641 724 104
641 718 104
641 712 104
641 706 104
641 700 104
641 694 104
641 688 104
641 682 104
641 676 104
641 670 104
641 664 104
641 658 104
641 652 104
641 646 104
641 640 104
641 634 104
641 628 104
641 622 104
641 616 104
641 610 104
641 604 104
641 598 104
641 592 104
641 586 104
