641 586 0
635 586 0
629 586 0
623 586 0
617 586 0
611 586 0
605 586 0
599 586 0
593 586 0
587 586 0
581 586 0
575 586 0
569 586 0
563 586 0
557 586 0
551 586 0
545 586 0
539 586 0
533 586 0
527 586 0
521 586 0
515 586 0
509 586 0
503 586 0
497 586 0
491 586 0
485 586 0
479 586 0
473 586 0
467 586 0
461 586 0
455 586 0
449 586 0
443 586 0
443 592 0
449 592 0
455 592 0
461 592 0
467 592 0
473 592 0
479 592 1
485 592 1
491 592 1
497 592 1
503 592 1
509 592 1
515 592 1
521 592 1
527 592 1
533 592 1
539 592 1
545 592 1
551 592 1
557 592 1
563 592 1
569 592 1
575 592 1
581 592 1
587 592 1
593 592 1
599 592 1
605 592 1
611 592 1
617 592 1
623 592 1
629 592 1
635 592 1
641 592 1
641 598 1
635 598 1
629 598 1
623 598 1
617 598 1
611 598 1
605 598 1
599 598 1
593 598 1
587 598 1
581 598 1
575 598 1
569 598 2
563 598 2
557 598 2
551 598 2
545 598 2
539 598 2
533 598 2
527 598 2
521 598 2
515 598 2
509 598 2
503 598 2
497 598 2
491 598 2
485 598 2
479 598 2
473 598 2
467 598 2
461 598 2
455 598 2
449 598 2
443 598 2
443 604 2
449 604 2
455 604 2
461 604 2
467 604 2
473 604 2
479 604 2
485 604 2
491 604 2
497 604 2
503 604 2
509 604 2
515 604 2
521 604 2
527 604 2
533 604 2
539 604 2
545 604 2
551 604 3
557 604 3
563 604 3
569 604 3
575 604 3
581 604 3
587 604 3
593 604 3
599 604 3
605 604 3
611 604 3
617 604 3
623 604 3
629 604 3
635 604 3
641 604 3
641 610 3
635 610 3
629 610 3
623 610 3
617 610 3
611 610 3
605 610 3
599 610 3
593 610 3
587 610 3
581 610 3
575 610 3
569 610 3
563 610 3
557 610 3
551 610 3
545 610 3
539 610 3
533 610 3
527 610 3
521 610 3
515 610 3
509 610 3
503 610 3
497 610 4
491 610 4
485 610 4
479 610 4
473 610 4
467 610 4
461 610 4
455 610 4
449 610 4
443 610 4
443 616 4
449 616 4
455 616 4
461 616 4
467 616 4
473 616 4
479 616 4
485 616 4
491 616 4
497 616 4
503 616 4
509 616 4
515 616 4
521 616 4
527 616 4
533 616 4
539 616 4
545 616 4
551 616 4
557 616 4
563 616 4
569 616 4
575 616 4
581 616 4
587 616 4
593 616 4
599 616 4
605 616 4
611 616 4
617 616 4
623 616 5
629 616 5
635 616 5
641 616 5
641 622 5
635 622 5
629 622 5
623 622 5
617 622 5
611 622 5
605 622 5
599 622 5
593 622 5
587 622 5
581 622 5
575 622 5
569 622 5
563 622 5
557 622 5
551 622 5
545 622 5
539 622 5
533 622 5
527 622 5
521 622 5
515 622 5
509 622 5
503 622 5
497 622 5
491 622 5
485 622 5
479 622 5
473 622 5
467 622 5
461 622 5
455 622 5
449 622 5
443 622 5
443 628 5
449 628 5
455 628 6
461 628 6
467 628 6
473 628 6
479 628 6
485 628 6
491 628 6
497 628 6
503 628 6
509 628 6
515 628 6
521 628 6
527 628 6
533 628 6
539 628 6
545 628 6
551 628 6
557 628 6
563 628 6
569 628 6
575 628 6
581 628 6
587 628 6
593 628 6
599 628 6
605 628 6
611 628 6
617 628 6
623 628 6
629 628 6
635 628 6
641 628 6
641 634 6
635 634 6
629 634 6
623 634 6
617 634 6
611 634 6
605 634 6
599 634 6
593 634 7
587 634 7
581 634 7
575 634 7
569 634 7
563 634 7
557 634 7
551 634 7
545 634 7
539 634 7
533 634 7
527 634 7
521 634 7
515 634 7
509 634 7
503 634 7
497 634 7
491 634 7
485 634 7
479 634 7
473 634 7
467 634 7
461 634 7
455 634 7
449 634 7
443 634 7
443 640 7
449 640 7
455 640 7
461 640 7
467 640 7
473 640 7
479 640 7
485 640 7
491 640 7
497 640 7
503 640 7
509 640 7
515 640 7
521 640 7
527 640 8
533 640 8
539 640 8
545 640 8
551 640 8
557 640 8
563 640 8
569 640 8
575 640 8
581 640 8
587 640 8
593 640 8
599 640 8
605 640 8
611 640 8
617 640 8
623 640 8
629 640 8
635 640 8
641 640 8
641 646 8
635 646 8
629 646 8
623 646 8
617 646 8
611 646 8
605 646 8
599 646 8
593 646 8
587 646 8
581 646 8
575 646 8
569 646 8
563 646 8
557 646 8
551 646 8
545 646 8
539 646 8
533 646 8
527 646 8
521 646 9
515 646 9
509 646 9
503 646 9
497 646 9
491 646 9
485 646 9
479 646 9
473 646 9
467 646 9
461 646 9
455 646 9
449 646 9
443 646 9
443 652 9
449 652 9
455 652 9
461 652 9
467 652 9
473 652 9
479 652 9
485 652 9
491 652 9
497 652 9
503 652 9
509 652 9
515 652 9
521 652 9
527 652 9
533 652 9
539 652 9
545 652 9
551 652 9
557 652 9
563 652 9
569 652 9
575 652 9
581 652 9
587 652 9
593 652 9
599 652 10
605 652 10
611 652 10
617 652 10
623 652 10
629 652 10
635 652 10
641 652 10
641 658 10
635 658 10
629 658 10
623 658 10
617 658 10
611 658 10
605 658 10
599 658 10
593 658 10
587 658 10
581 658 10
575 658 10
569 658 10
563 658 10
557 658 10
551 658 10
545 658 10
539 658 10
533 658 10
527 658 10
521 658 10
515 658 10
509 658 10
503 658 10
497 658 10
491 658 10
485 658 10
479 658 10
473 658 10
467 658 10
461 658 10
455 658 10
449 658 11
443 658 11
443 664 11
449 664 11
455 664 11
461 664 11
467 664 11
473 664 11
479 664 11
485 664 11
491 664 11
497 664 11
503 664 11
509 664 11
515 664 11
521 664 11
527 664 11
533 664 11
539 664 11
545 664 11
551 664 11
557 664 11
563 664 11
569 664 11
575 664 11
581 664 11
587 664 11
593 664 11
599 664 11
605 664 11
611 664 11
617 664 11
623 664 11
629 664 11
635 664 11
641 664 11
641 670 11
635 670 11
629 670 11
623 670 11
617 670 12
611 670 12
605 670 12
599 670 12
593 670 12
587 670 12
581 670 12
575 670 12
569 670 12
563 670 12
557 670 12
551 670 12
545 670 12
539 670 12
533 670 12
527 670 12
521 670 12
515 670 12
509 670 12
503 670 12
497 670 12
491 670 12
485 670 12
479 670 12
473 670 12
467 670 12
461 670 12
455 670 12
449 670 12
443 670 12
443 676 12
449 676 12
455 676 12
461 676 12
467 676 12
473 676 12
479 676 12
485 676 12
491 676 12
497 676 12
503 676 13
509 676 13
515 676 13
521 676 13
527 676 13
533 676 13
539 676 13
545 676 13
551 676 13
557 676 13
563 676 13
569 676 13
575 676 13
581 676 13
587 676 13
593 676 13
599 676 13
605 676 13
611 676 13
617 676 13
623 676 13
629 676 13
635 676 13
641 676 13
641 682 13
635 682 13
629 682 13
623 682 13
617 682 13
611 682 13
605 682 13
599 682 13
593 682 13
587 682 13
581 682 13
575 682 13
569 682 13
563 682 13
557 682 13
551 682 13
545 682 14
539 682 14
533 682 14
527 682 14
521 682 14
515 682 14
509 682 14
503 682 14
497 682 14
491 682 14
485 682 14
479 682 14
473 682 14
467 682 14
461 682 14
455 682 14
449 682 14
443 682 14
443 688 14
449 688 14
455 688 14
461 688 14
467 688 14
473 688 14
479 688 14
485 688 14
491 688 14
497 688 14
503 688 14
509 688 14
515 688 14
521 688 14
527 688 14
533 688 14
539 688 14
545 688 14
551 688 14
557 688 14
563 688 14
569 688 14
575 688 15
581 688 15
587 688 15
593 688 15
599 688 15
605 688 15
611 688 15
617 688 15
623 688 15
629 688 15
635 688 15
641 688 15
641 694 15
635 694 15
629 694 15
623 694 15
617 694 15
611 694 15
605 694 15
599 694 15
593 694 15
587 694 15
581 694 15
575 694 15
569 694 15
563 694 15
557 694 15
551 694 15
545 694 15
539 694 15
533 694 15
527 694 15
521 694 15
515 694 15
509 694 15
503 694 15
497 694 15
491 694 15
485 694 15
479 694 15
473 694 16
467 694 16
461 694 16
455 694 16
449 694 16
443 694 16
443 700 16
449 700 16
455 700 16
461 700 16
467 700 16
473 700 16
479 700 16
485 700 16
491 700 16
497 700 16
503 700 16
509 700 16
515 700 16
521 700 16
527 700 16
533 700 16
539 700 16
545 700 16
551 700 16
557 700 16
563 700 16
569 700 16
575 700 16
581 700 16
587 700 16
593 700 16
599 700 16
605 700 16
611 700 16
617 700 16
623 700 16
629 700 16
635 700 16
641 700 16
641 706 17
635 706 17
629 706 17
623 706 17
617 706 17
611 706 17
605 706 17
599 706 17
593 706 17
587 706 17
581 706 17
575 706 17
569 706 17
563 706 17
557 706 17
551 706 17
545 706 17
539 706 17
533 706 17
527 706 17
521 706 17
515 706 17
509 706 17
503 706 17
497 706 17
491 706 17
485 706 17
479 706 17
473 706 17
467 706 17
461 706 17
455 706 17
449 706 17
443 706 17
443 712 17
449 712 17
455 712 17
461 712 17
467 712 17
473 712 17
479 712 18
485 712 18
491 712 18
497 712 18
503 712 18
509 712 18
515 712 18
521 712 18
527 712 18
533 712 18
539 712 18
545 712 18
551 712 18
557 712 18
563 712 18
569 712 18
575 712 18
581 712 18
587 712 18
593 712 18
599 712 18
605 712 18
611 712 18
617 712 18
623 712 18
629 712 18
635 712 18
641 712 18
641 718 18
635 718 18
629 718 18
623 718 18
617 718 18
611 718 18
605 718 18
599 718 18
593 718 18
587 718 18
581 718 18
575 718 18
569 718 19
563 718 19
557 718 19
551 718 19
545 718 19
539 718 19
533 718 19
527 718 19
521 718 19
515 718 19
509 718 19
503 718 19
497 718 19
491 718 19
485 718 19
479 718 19
473 718 19
467 718 19
461 718 19
455 718 19
449 718 19
443 718 19
443 724 19
449 724 19
455 724 19
461 724 19
467 724 19
473 724 19
479 724 19
485 724 19
491 724 19
497 724 19
503 724 19
509 724 19
515 724 19
521 724 19
527 724 19
533 724 19
539 724 19
545 724 19
551 724 20
557 724 20
563 724 20
569 724 20
575 724 20
581 724 20
587 724 20
593 724 20
599 724 20
605 724 20
611 724 20
617 724 20
623 724 20
629 724 20
635 724 20
641 724 20
641 730 20
635 730 20
629 730 20
623 730 20
617 730 20
611 730 20
605 730 20
599 730 20
593 730 20
587 730 20
581 730 20
575 730 20
569 730 20
563 730 20
557 730 20
551 730 20
545 730 20
539 730 20
533 730 20
527 730 20
521 730 20
515 730 20
509 730 20
503 730 20
497 730 21
491 730 21
485 730 21
479 730 21
473 730 21
467 730 21
461 730 21
455 730 21
449 730 21
443 730 21
443 736 21
449 736 21
455 736 21
461 736 21
467 736 21
473 736 21
479 736 21
485 736 21
491 736 21
497 736 21
503 736 21
509 736 21
515 736 21
521 736 21
527 736 21
533 736 21
539 736 21
545 736 21
551 736 21
557 736 21
563 736 21
569 736 21
575 736 21
581 736 21
587 736 21
593 736 21
599 736 21
605 736 21
611 736 21
617 736 21
623 736 22
629 736 22
635 736 22
641 736 22
641 742 22
635 742 22
629 742 22
623 742 22
617 742 22
611 742 22
605 742 22
599 742 22
593 742 22
587 742 22
581 742 22
575 742 22
569 742 22
563 742 22
557 742 22
551 742 22
545 742 22
539 742 22
533 742 22
527 742 22
521 742 22
515 742 22
509 742 22
503 742 22
497 742 22
491 742 22
485 742 22
479 742 22
473 742 22
467 742 22
461 742 22
455 742 22
449 742 22
443 742 22
443 748 22
449 748 22
455 748 23
461 748 23
467 748 23
473 748 23
479 748 23
485 748 23
491 748 23
497 748 23
503 748 23
509 748 23
515 748 23
521 748 23
527 748 23
533 748 23
539 748 23
545 748 23
551 748 23
557 748 23
563 748 23
569 748 23
575 748 23
581 748 23
587 748 23
593 748 23
599 748 23
605 748 23
611 748 23
617 748 23
623 748 23
629 748 23
635 748 23
641 748 23
641 754 23
635 754 23
629 754 23
623 754 23
617 754 23
611 754 23
605 754 23
599 754 23
593 754 24
587 754 24
581 754 24
575 754 24
569 754 24
563 754 24
557 754 24
551 754 24
545 754 24
539 754 24
533 754 24
527 754 24
521 754 24
515 754 24
509 754 24
503 754 24
497 754 24
491 754 24
485 754 24
479 754 24
473 754 24
467 754 24
461 754 24
455 754 24
449 754 24
443 754 24
443 760 24
449 760 24
455 760 24
461 760 24
467 760 24
473 760 24
479 760 24
485 760 24
491 760 24
497 760 24
503 760 24
509 760 24
515 760 24
521 760 24
527 760 25
533 760 25
539 760 25
545 760 25
551 760 25
557 760 25
563 760 25
569 760 25
575 760 25
581 760 25
587 760 25
593 760 25
599 760 25
605 760 25
611 760 25
617 760 25
623 760 25
629 760 25
635 760 25
641 760 25
641 766 25
635 766 25
629 766 25
623 766 25
617 766 25
611 766 25
605 766 25
599 766 25
593 766 25
587 766 25
581 766 25
575 766 25
569 766 25
563 766 25
557 766 25
551 766 25
545 766 25
539 766 25
533 766 25
527 766 25
521 766 26
515 766 26
509 766 26
503 766 26
497 766 26
491 766 26
485 766 26
479 766 26
473 766 26
467 766 26
461 766 26
455 766 26
449 766 26
443 766 26
443 772 26
449 772 26
455 772 26
461 772 26
467 772 26
473 772 26
479 772 26
485 772 26
491 772 26
497 772 26
503 772 26
509 772 26
515 772 26
521 772 26
527 772 26
533 772 26
539 772 26
545 772 26
551 772 26
557 772 26
563 772 26
569 772 26
575 772 26
581 772 26
587 772 26
593 772 26
599 772 27
605 772 27
611 772 27
617 772 27
623 772 27
629 772 27
635 772 27
641 772 27
641 778 27
635 778 27
629 778 27
623 778 27
617 778 27
611 778 27
605 778 27
599 778 27
593 778 27
587 778 27
581 778 27
575 778 27
569 778 27
563 778 27
557 778 27
551 778 27
545 778 27
539 778 27
533 778 27
527 778 27
521 778 27
515 778 27
509 778 27
503 778 27
497 778 27
491 778 27
485 778 27
479 778 27
473 778 27
467 778 27
461 778 27
455 778 27
449 778 28
443 778 28
443 784 28
449 784 28
455 784 28
461 784 28
467 784 28
473 784 28
479 784 28
485 784 28
491 784 28
497 784 28
503 784 28
509 784 28
515 784 28
521 784 28
527 784 28
533 784 28
539 784 28
545 784 28
551 784 28
557 784 28
563 784 28
569 784 28
575 784 28
581 784 28
587 784 28
593 784 28
599 784 28
605 784 28
611 784 28
617 784 28
623 784 28
629 784 28
635 784 28
641 784 28
641 790 28
635 790 28
629 790 28
623 790 28
617 790 29
611 790 29
605 790 29
599 790 29
593 790 29
587 790 29
581 790 29
575 790 29
569 790 29
563 790 29
557 790 29
551 790 29
545 790 29
539 790 29
533 790 29
527 790 29
521 790 29
515 790 29
509 790 29
503 790 29
497 790 29
491 790 29
485 790 29
479 790 29
473 790 29
467 790 29
461 790 29
455 790 29
449 790 29
443 790 29
443 796 29
449 796 29
455 796 29
461 796 29
467 796 29
473 796 29
479 796 29
485 796 29
491 796 29
497 796 29
503 796 30
509 796 30
515 796 30
521 796 30
527 796 30
533 796 30
539 796 30
545 796 30
551 796 30
557 796 30
563 796 30
569 796 30
575 796 30
581 796 30
587 796 30
593 796 30
599 796 30
605 796 30
611 796 30
617 796 30
623 796 30
629 796 30
635 796 30
641 796 30
641 802 30
635 802 30
629 802 30
623 802 30
617 802 30
611 802 30
605 802 30
599 802 30
593 802 30
587 802 30
581 802 30
575 802 30
569 802 30
563 802 30
557 802 30
551 802 30
545 802 31
539 802 31
533 802 31
527 802 31
521 802 31
515 802 31
509 802 31
503 802 31
497 802 31
491 802 31
485 802 31
479 802 31
473 802 31
467 802 31
461 802 31
455 802 31
449 802 31
443 802 31
443 808 31
449 808 31
455 808 31
461 808 31
467 808 31
473 808 31
479 808 31
485 808 31
491 808 31
497 808 31
503 808 31
509 808 31
515 808 31
521 808 31
527 808 31
533 808 31
539 808 31
545 808 31
551 808 31
557 808 31
563 808 31
569 808 31
575 808 32
581 808 32
587 808 32
593 808 32
599 808 32
605 808 32
611 808 32
617 808 32
623 808 32
629 808 32
635 808 32
641 808 32
641 814 32
635 814 32
629 814 32
623 814 32
617 814 32
611 814 32
605 814 32
599 814 32
593 814 32
587 814 32
581 814 32
575 814 32
569 814 32
563 814 32
557 814 32
551 814 32
545 814 32
539 814 32
533 814 32
527 814 32
521 814 32
515 814 32
509 814 32
503 814 32
497 814 32
491 814 32
485 814 32
479 814 32
473 814 33
467 814 33
461 814 33
455 814 33
449 814 33
443 814 33
443 820 33
449 820 33
455 820 33
461 820 33
467 820 33
473 820 33
479 820 33
485 820 33
491 820 33
497 820 33
503 820 33
509 820 33
515 820 33
521 820 33
527 820 33
533 820 33
539 820 33
545 820 33
551 820 33
557 820 33
563 820 33
569 820 33
575 820 33
581 820 33
587 820 33
593 820 33
599 820 33
605 820 33
611 820 33
617 820 33
623 820 33
629 820 33
635 820 33
641 820 33
641 826 34
635 826 34
629 826 34
623 826 34
617 826 34
611 826 34
605 826 34
599 826 34
593 826 34
587 826 34
581 826 34
575 826 34
569 826 34
563 826 34
557 826 34
551 826 34
545 826 34
539 826 34
533 826 34
527 826 34
521 826 34
515 826 34
509 826 34
503 826 34
497 826 34
491 826 34
485 826 34
479 826 34
473 826 34
467 826 34
461 826 34
455 826 34
449 826 34
443 826 34
443 832 34
449 832 34
455 832 34
461 832 34
467 832 34
473 832 34
479 832 35
485 832 35
491 832 35
497 832 35
503 832 35
509 832 35
515 832 35
521 832 35
527 832 35
533 832 35
539 832 35
545 832 35
551 832 35
557 832 35
563 832 35
569 832 35
575 832 35
581 832 35
587 832 35
593 832 35
599 832 35
605 832 35
611 832 35
617 832 35
623 832 35
629 832 35
635 832 35
641 832 35
641 838 35
635 838 35
629 838 35
623 838 35
617 838 35
611 838 35
605 838 35
599 838 35
593 838 35
587 838 35
581 838 35
575 838 35
569 838 36
563 838 36
557 838 36
551 838 36
545 838 36
539 838 36
533 838 36
527 838 36
521 838 36
515 838 36
509 838 36
503 838 36
497 838 36
491 838 36
485 838 36
479 838 36
473 838 36
467 838 36
461 838 36
455 838 36
449 838 36
443 838 36
443 844 36
449 844 36
455 844 36
461 844 36
467 844 36
473 844 36
479 844 36
485 844 36
491 844 36
497 844 36
503 844 36
509 844 36
515 844 36
521 844 36
527 844 36
533 844 36
539 844 36
545 844 36
551 844 37
557 844 37
563 844 37
569 844 37
575 844 37
581 844 37
587 844 37
593 844 37
599 844 37
605 844 37
611 844 37
617 844 37
623 844 37
629 844 37
635 844 37
641 844 37
641 850 37
635 850 37
629 850 37
623 850 37
617 850 37
611 850 37
605 850 37
599 850 37
593 850 37
587 850 37
581 850 37
575 850 37
569 850 37
563 850 37
557 850 37
551 850 37
545 850 37
539 850 37
533 850 37
527 850 37
521 850 37
515 850 37
509 850 37
503 850 37
497 850 38
491 850 38
485 850 38
479 850 38
473 850 38
467 850 38
461 850 38
455 850 38
449 850 38
443 850 38
443 856 38
449 856 38
455 856 38
461 856 38
467 856 38
473 856 38
479 856 38
485 856 38
491 856 38
497 856 38
503 856 38
509 856 38
515 856 38
521 856 38
527 856 38
533 856 38
539 856 38
545 856 38
551 856 38
557 856 38
563 856 38
569 856 38
575 856 38
581 856 38
587 856 38
593 856 38
599 856 38
605 856 38
611 856 38
617 856 38
623 856 39
629 856 39
635 856 39
641 856 39
641 862 39
635 862 39
629 862 39
623 862 39
617 862 39
611 862 39
605 862 39
599 862 39
593 862 39
587 862 39
581 862 39
575 862 39
569 862 39
563 862 39
557 862 39
551 862 39
545 862 39
539 862 39
533 862 39
527 862 39
521 862 39
515 862 39
509 862 39
503 862 39
497 862 39
491 862 39
485 862 39
479 862 39
473 862 39
467 862 39
461 862 39
455 862 39
449 862 39
443 862 39
443 868 39
449 868 39
455 868 40
461 868 40
467 868 40
473 868 40
479 868 40
485 868 40
491 868 40
497 868 40
503 868 40
509 868 40
515 868 40
521 868 40
527 868 40
533 868 40
539 868 40
545 868 40
551 868 40
557 868 40
563 868 40
569 868 40
575 868 40
581 868 40
587 868 40
593 868 40
599 868 40
605 868 40
611 868 40
617 868 40
623 868 40
629 868 40
635 868 40
641 868 40
641 874 40
635 874 40
629 874 40
623 874 40
617 874 40
611 874 40
605 874 40
599 874 40
593 874 41
587 874 41
581 874 41
575 874 41
569 874 41
563 874 41
557 874 41
551 874 41
545 874 41
539 874 41
533 874 41
527 874 41
521 874 41
515 874 41
509 874 41
503 874 41
497 874 41
491 874 41
485 874 41
479 874 41
473 874 41
467 874 41
461 874 41
455 874 41
449 874 41
443 874 41
443 880 41
449 880 41
455 880 41
461 880 41
467 880 41
473 880 41
479 880 41
485 880 41
491 880 41
497 880 41
503 880 41
509 880 41
515 880 41
521 880 41
527 880 42
533 880 42
539 880 42
545 880 42
551 880 42
557 880 42
563 880 42
569 880 42
575 880 42
581 880 42
587 880 42
593 880 42
599 880 42
605 880 42
611 880 42
617 880 42
623 880 42
629 880 42
635 880 42
641 880 42
641 886 42
635 886 42
629 886 42
623 886 42
617 886 42
611 886 42
605 886 42
599 886 42
593 886 42
587 886 42
581 886 42
575 886 42
569 886 42
563 886 42
557 886 42
551 886 42
545 886 42
539 886 42
533 886 42
527 886 42
521 886 43
515 886 43
509 886 43
503 886 43
497 886 43
491 886 43
485 886 43
479 886 43
473 886 43
467 886 43
461 886 43
455 886 43
449 886 43
443 886 43
443 892 43
449 892 43
455 892 43
461 892 43
467 892 43
473 892 43
479 892 43
485 892 43
491 892 43
497 892 43
503 892 43
509 892 43
515 892 43
521 892 43
527 892 43
533 892 43
539 892 43
545 892 43
551 892 43
557 892 43
563 892 43
569 892 43
575 892 43
581 892 43
587 892 43
593 892 43
599 892 44
605 892 44
611 892 44
617 892 44
623 892 44
629 892 44
635 892 44
641 892 44
641 898 44
635 898 44
629 898 44
623 898 44
617 898 44
611 898 44
605 898 44
599 898 44
593 898 44
587 898 44
581 898 44
575 898 44
569 898 44
563 898 44
557 898 44
551 898 44
545 898 44
539 898 44
533 898 44
527 898 44
521 898 44
515 898 44
509 898 44
503 898 44
497 898 44
491 898 44
485 898 44
479 898 44
473 898 44
467 898 44
461 898 44
455 898 44
449 898 45
443 898 45
461 904 45
467 904 45
473 904 45
479 904 45
485 904 45
491 904 45
497 904 45
503 904 45
509 904 45
515 904 45
521 904 45
527 904 45
533 904 45
539 904 45
545 904 45
551 904 45
557 904 45
563 904 45
569 904 45
575 904 45
581 904 45
587 904 45
593 904 45
599 904 45
605 904 45
611 904 45
617 904 45
623 904 45
629 904 45
635 904 45
641 904 45
641 910 45
635 910 45
629 910 45
623 910 45
617 910 45
611 910 45
605 910 45
599 910 46
593 910 46
587 910 46
581 910 46
575 910 46
569 910 46
563 910 46
557 910 46
551 910 46
545 910 46
539 910 46
533 910 46
527 910 46
521 910 46
515 910 46
509 910 46
503 910 46
497 910 46
491 910 46
485 910 46
479 910 46
473 910 46
467 910 46
461 910 46
461 916 46
467 916 46
473 916 46
479 916 46
485 916 46
491 916 46
497 916 46
503 916 46
509 916 46
515 916 46
521 916 46
527 916 46
533 916 46
539 916 46
545 916 46
551 916 46
557 916 47
563 916 47
569 916 47
575 916 47
581 916 47
587 916 47
593 916 47
599 916 47
605 916 47
611 916 47
617 916 47
623 916 47
629 916 47
635 916 47
641 916 47
641 922 47
635 922 47
629 922 47
623 922 47
617 922 47
611 922 47
605 922 47
599 922 47
593 922 47
587 922 47
581 922 47
575 922 47
569 922 47
563 922 47
557 922 47
551 922 47
545 922 47
539 922 47
533 922 47
527 922 47
521 922 47
515 922 47
509 922 47
503 922 47
497 922 47
491 922 48
485 922 48
479 922 48
473 922 48
467 922 48
461 922 48
461 928 48
467 928 48
473 928 48
479 928 48
485 928 48
491 928 48
497 928 48
503 928 48
509 928 48
515 928 48
521 928 48
527 928 48
533 928 48
539 928 48
545 928 48
551 928 48
557 928 48
563 928 48
569 928 48
575 928 48
581 928 48
587 928 48
593 928 48
599 928 48
605 928 48
611 928 48
617 928 48
623 928 48
629 928 48
635 928 48
641 928 48
641 934 48
635 934 48
629 934 48
623 934 49
617 934 49
611 934 49
605 934 49
599 934 49
593 934 49
587 934 49
581 934 49
575 934 49
569 934 49
563 934 49
557 934 49
551 934 49
545 934 49
539 934 49
533 934 49
527 934 49
521 934 49
515 934 49
509 934 49
503 934 49
497 934 49
491 934 49
485 934 49
479 934 49
473 934 49
467 934 49
461 934 49
461 940 49
467 940 49
473 940 49
479 940 49
485 940 49
491 940 49
497 940 49
503 940 49
509 940 49
515 940 49
521 940 49
527 940 49
533 940 50
539 940 50
545 940 50
551 940 50
557 940 50
563 940 50
569 940 50
575 940 50
581 940 50
587 940 50
593 940 50
599 940 50
605 940 50
611 940 50
617 940 50
623 940 50
629 940 50
635 940 50
641 940 50
641 946 50
635 946 50
629 946 50
623 946 50
617 946 50
611 946 50
605 946 50
599 946 50
593 946 50
587 946 50
581 946 50
575 946 50
569 946 50
563 946 50
557 946 50
551 946 50
545 946 50
539 946 50
533 946 50
527 946 50
521 946 50
515 946 51
509 946 51
503 946 51
497 946 51
491 946 51
485 946 51
479 946 51
473 946 51
467 946 51
461 946 51
461 952 51
467 952 51
473 952 51
479 952 51
485 952 51
491 952 51
497 952 51
503 952 51
509 952 51
515 952 51
521 952 51
527 952 51
533 952 51
539 952 51
545 952 51
551 952 51
557 952 51
563 952 51
569 952 51
575 952 51
581 952 51
587 952 51
593 952 51
599 952 51
605 952 51
611 952 51
617 952 51
623 952 51
629 952 51
635 952 51
641 952 52
641 958 52
635 958 52
629 958 52
623 958 52
617 958 52
611 958 52
605 958 52
599 958 52
593 958 52
587 958 52
581 958 52
575 958 52
569 958 52
563 958 52
557 958 52
551 958 52
545 958 52
539 958 52
533 958 52
527 958 52
521 958 52
515 958 52
509 958 52
503 958 52
497 958 52
491 958 52
485 958 52
479 958 52
473 958 52
467 958 52
461 958 52
461 964 52
467 964 52
473 964 52
479 964 52
485 964 52
491 964 52
497 964 52
503 964 52
509 964 53
515 964 53
521 964 53
527 964 53
533 964 53
539 964 53
545 964 53
551 964 53
557 964 53
563 964 53
569 964 53
575 964 53
581 964 53
587 964 53
593 964 53
599 964 53
605 964 53
611 964 53
617 964 53
623 964 53
629 964 53
635 964 53
641 964 53
641 970 53
635 970 53
629 970 53
623 970 53
617 970 53
611 970 53
605 970 53
599 970 53
593 970 53
587 970 53
581 970 53
575 970 53
569 970 53
563 970 53
557 970 53
551 970 53
545 970 53
539 970 54
533 970 54
527 970 54
521 970 54
515 970 54
509 970 54
503 970 54
497 970 54
491 970 54
485 970 54
479 970 54
473 970 54
467 970 54
461 970 54
461 976 54
467 976 54
473 976 54
479 976 54
485 976 54
491 976 54
497 976 54
503 976 54
509 976 54
515 976 54
521 976 54
527 976 54
533 976 54
539 976 54
545 976 54
551 976 54
557 976 54
563 976 54
569 976 54
575 976 54
581 976 54
587 976 54
593 976 54
599 976 54
605 976 54
611 976 54
617 976 55
623 976 55
629 976 55
635 976 55
641 976 55
641 982 55
635 982 55
629 982 55
623 982 55
617 982 55
611 982 55
605 982 55
599 982 55
593 982 55
587 982 55
581 982 55
575 982 55
569 982 55
563 982 55
557 982 55
551 982 55
545 982 55
539 982 55
533 982 55
527 982 55
521 982 55
515 982 55
509 982 55
503 982 55
497 982 55
491 982 55
485 982 55
479 982 55
473 982 55
467 982 55
461 982 55
461 988 55
467 988 55
473 988 55
479 988 55
485 988 56
491 988 56
497 988 56
503 988 56
509 988 56
515 988 56
521 988 56
527 988 56
533 988 56
539 988 56
545 988 56
551 988 56
557 988 56
563 988 56
569 988 56
575 988 56
581 988 56
587 988 56
593 988 56
599 988 56
605 988 56
611 988 56
617 988 56
623 988 56
629 988 56
635 988 56
641 988 56
641 994 56
635 994 56
629 994 56
623 994 56
617 994 56
611 994 56
605 994 56
599 994 56
593 994 56
587 994 56
581 994 56
575 994 56
569 994 56
563 994 57
557 994 57
551 994 57
545 994 57
539 994 57
533 994 57
527 994 57
521 994 57
515 994 57
509 994 57
503 994 57
497 994 57
491 994 57
485 994 57
479 994 57
473 994 57
467 994 57
461 994 57
461 1000 57
467 1000 57
473 1000 57
479 1000 57
485 1000 57
491 1000 57
497 1000 57
503 1000 57
509 1000 57
515 1000 57
521 1000 57
527 1000 57
533 1000 57
539 1000 57
545 1000 57
551 1000 57
557 1000 57
563 1000 57
569 1000 57
575 1000 57
581 1000 57
587 1000 57
593 1000 58
599 1000 58
605 1000 58
611 1000 58
617 1000 58
623 1000 58
629 1000 58
635 1000 58
641 1000 58
641 1006 58
635 1006 58
629 1006 58
623 1006 58
617 1006 58
611 1006 58
605 1006 58
599 1006 58
593 1006 58
587 1006 58
581 1006 58
575 1006 58
569 1006 58
563 1006 58
557 1006 58
551 1006 58
545 1006 58
539 1006 58
533 1006 58
527 1006 58
521 1006 58
515 1006 58
509 1006 58
503 1006 58
497 1006 58
491 1006 58
485 1006 58
479 1006 58
473 1006 58
467 1006 58
461 1006 58
461 1012 59
467 1012 59
473 1012 59
479 1012 59
485 1012 59
491 1012 59
497 1012 59
503 1012 59
509 1012 59
515 1012 59
521 1012 59
527 1012 59
533 1012 59
539 1012 59
545 1012 59
551 1012 59
557 1012 59
563 1012 59
569 1012 59
575 1012 59
581 1012 59
587 1012 59
593 1012 59
599 1012 59
605 1012 59
611 1012 59
617 1012 59
623 1012 59
629 1012 59
635 1012 59
641 1012 59
641 1018 59
635 1018 59
629 1018 59
623 1018 59
617 1018 59
611 1018 59
605 1018 59
599 1018 59
593 1018 59
587 1018 60
581 1018 60
575 1018 60
569 1018 60
563 1018 60
557 1018 60
551 1018 60
545 1018 60
539 1018 60
533 1018 60
527 1018 60
521 1018 60
515 1018 60
509 1018 60
503 1018 60
497 1018 60
491 1018 60
485 1018 60
479 1018 60
473 1018 60
467 1018 60
461 1018 60
641 1024 60
635 1024 60
629 1024 60
623 1024 60
617 1024 60
611 1024 60
605 1024 60
599 1024 60
593 1024 60
587 1024 60
581 1024 60
575 1024 60
569 1024 60
563 1024 60
557 1024 60
551 1024 60
545 1024 60
539 1024 60
533 1024 61
527 1024 61
521 1024 61
515 1024 61
509 1024 61
503 1024 61
497 1024 61
491 1024 61
485 1024 61
479 1024 61
473 1024 61
467 1024 61
461 1024 61
293 898 61
299 898 61
305 898 61
311 898 61
317 898 61
323 898 61
329 898 61
335 898 61
341 898 61
347 898 61
353 898 61
359 898 61
365 898 61
371 898 61
377 898 61
383 898 61
389 898 61
395 898 61
401 898 61
407 898 61
413 898 61
419 898 61
425 898 61
431 898 61
437 898 61
437 892 61
431 892 61
425 892 62
419 892 62
413 892 62
407 892 62
401 892 62
395 892 62
389 892 62
383 892 62
377 892 62
371 892 62
365 892 62
359 892 62
353 892 62
347 892 62
341 892 62
335 892 62
329 892 62
323 892 62
317 892 62
311 892 62
305 892 62
299 892 62
293 892 62
293 886 62
299 886 62
305 886 62
311 886 62
317 886 62
323 886 62
329 886 62
335 886 62
341 886 62
347 886 62
353 886 62
359 886 62
365 886 62
371 886 62
377 886 62
383 886 62
389 886 62
395 886 63
401 886 63
407 886 63
413 886 63
419 886 63
425 886 63
431 886 63
437 886 63
437 880 63
431 880 63
425 880 63
419 880 63
413 880 63
407 880 63
401 880 63
395 880 63
389 880 63
383 880 63
377 880 63
371 880 63
365 880 63
359 880 63
353 880 63
347 880 63
341 880 63
335 880 63
329 880 63
323 880 63
317 880 63
311 880 63
305 880 63
299 880 63
293 880 63
293 874 63
299 874 63
305 874 63
311 874 63
317 874 63
323 874 63
329 874 63
335 874 64
341 874 64
347 874 64
353 874 64
359 874 64
365 874 64
371 874 64
377 874 64
383 874 64
389 874 64
395 874 64
401 874 64
407 874 64
413 874 64
419 874 64
425 874 64
431 874 64
437 874 64
437 868 64
431 868 64
425 868 64
419 868 64
413 868 64
407 868 64
401 868 64
395 868 64
389 868 64
383 868 64
377 868 64
371 868 64
365 868 64
359 868 64
353 868 64
347 868 64
341 868 64
335 868 64
329 868 64
323 868 64
317 868 64
311 868 64
305 868 65
299 868 65
293 868 65
293 862 65
299 862 65
305 862 65
311 862 65
317 862 65
323 862 65
329 862 65
335 862 65
341 862 65
347 862 65
353 862 65
359 862 65
365 862 65
371 862 65
377 862 65
383 862 65
389 862 65
395 862 65
401 862 65
407 862 65
413 862 65
419 862 65
425 862 65
431 862 65
437 862 65
437 856 65
431 856 65
425 856 65
419 856 65
413 856 65
407 856 65
401 856 65
395 856 65
389 856 65
383 856 65
377 856 65
371 856 65
365 856 66
359 856 66
353 856 66
347 856 66
341 856 66
335 856 66
329 856 66
323 856 66
317 856 66
311 856 66
305 856 66
299 856 66
293 856 66
293 850 66
299 850 66
305 850 66
311 850 66
317 850 66
323 850 66
329 850 66
335 850 66
341 850 66
347 850 66
353 850 66
359 850 66
365 850 66
371 850 66
377 850 66
383 850 66
389 850 66
395 850 66
401 850 66
407 850 66
413 850 66
419 850 66
425 850 66
431 850 66
437 850 66
437 844 66
431 844 66
425 844 67
419 844 67
413 844 67
407 844 67
401 844 67
395 844 67
389 844 67
383 844 67
377 844 67
371 844 67
365 844 67
359 844 67
353 844 67
347 844 67
341 844 67
335 844 67
329 844 67
323 844 67
317 844 67
311 844 67
305 844 67
299 844 67
293 844 67
293 838 67
299 838 67
305 838 67
311 838 67
317 838 67
323 838 67
329 838 67
335 838 67
341 838 67
347 838 67
353 838 67
359 838 67
365 838 67
371 838 67
377 838 67
383 838 67
389 838 67
395 838 68
401 838 68
407 838 68
413 838 68
419 838 68
425 838 68
431 838 68
437 838 68
437 832 68
431 832 68
425 832 68
419 832 68
413 832 68
407 832 68
401 832 68
395 832 68
389 832 68
383 832 68
377 832 68
371 832 68
365 832 68
359 832 68
353 832 68
347 832 68
341 832 68
335 832 68
329 832 68
323 832 68
317 832 68
311 832 68
305 832 68
299 832 68
293 832 68
293 826 68
299 826 68
305 826 68
311 826 68
317 826 68
323 826 68
329 826 68
335 826 69
341 826 69
347 826 69
353 826 69
359 826 69
365 826 69
371 826 69
377 826 69
383 826 69
389 826 69
395 826 69
401 826 69
407 826 69
413 826 69
419 826 69
425 826 69
431 826 69
437 826 69
437 820 69
431 820 69
425 820 69
419 820 69
413 820 69
407 820 69
401 820 69
395 820 69
389 820 69
383 820 69
377 820 69
371 820 69
365 820 69
359 820 69
353 820 69
347 820 69
341 820 69
335 820 69
329 820 69
323 820 69
317 820 69
311 820 69
305 820 70
299 820 70
293 820 70
293 814 70
299 814 70
305 814 70
311 814 70
317 814 70
323 814 70
329 814 70
335 814 70
341 814 70
347 814 70
353 814 70
359 814 70
365 814 70
371 814 70
377 814 70
383 814 70
389 814 70
395 814 70
401 814 70
407 814 70
413 814 70
419 814 70
425 814 70
431 814 70
437 814 70
437 808 70
431 808 70
425 808 70
419 808 70
413 808 70
407 808 70
401 808 70
395 808 70
389 808 70
383 808 70
377 808 70
371 808 70
365 808 71
359 808 71
353 808 71
347 808 71
341 808 71
335 808 71
329 808 71
323 808 71
317 808 71
311 808 71
305 808 71
299 808 71
293 808 71
293 802 71
299 802 71
305 802 71
311 802 71
317 802 71
323 802 71
329 802 71
335 802 71
341 802 71
347 802 71
353 802 71
359 802 71
365 802 71
371 802 71
377 802 71
383 802 71
389 802 71
395 802 71
401 802 71
407 802 71
413 802 71
419 802 71
425 802 71
431 802 71
437 802 71
437 796 71
431 796 71
425 796 72
419 796 72
413 796 72
407 796 72
401 796 72
395 796 72
389 796 72
383 796 72
377 796 72
371 796 72
365 796 72
359 796 72
353 796 72
347 796 72
341 796 72
335 796 72
329 796 72
323 796 72
317 796 72
311 796 72
305 796 72
299 796 72
293 796 72
293 790 72
299 790 72
305 790 72
311 790 72
317 790 72
323 790 72
329 790 72
335 790 72
341 790 72
347 790 72
353 790 72
359 790 72
365 790 72
371 790 72
377 790 72
383 790 72
389 790 72
395 790 73
401 790 73
407 790 73
413 790 73
419 790 73
425 790 73
431 790 73
437 790 73
437 784 73
431 784 73
425 784 73
419 784 73
413 784 73
407 784 73
401 784 73
395 784 73
389 784 73
383 784 73
377 784 73
371 784 73
365 784 73
359 784 73
353 784 73
347 784 73
341 784 73
335 784 73
329 784 73
323 784 73
317 784 73
311 784 73
305 784 73
299 784 73
293 784 73
293 778 73
299 778 73
305 778 73
311 778 73
317 778 73
323 778 73
329 778 73
335 778 74
341 778 74
347 778 74
353 778 74
359 778 74
365 778 74
371 778 74
377 778 74
383 778 74
389 778 74
395 778 74
401 778 74
407 778 74
413 778 74
419 778 74
425 778 74
431 778 74
437 778 74
437 772 74
431 772 74
425 772 74
419 772 74
413 772 74
407 772 74
401 772 74
395 772 74
389 772 74
383 772 74
377 772 74
371 772 74
365 772 74
359 772 74
353 772 74
347 772 74
341 772 74
335 772 74
329 772 74
323 772 74
317 772 74
311 772 74
305 772 75
299 772 75
293 772 75
287 772 75
281 772 75
275 772 75
269 772 75
263 772 75
257 772 75
251 772 75
245 772 75
239 772 75
233 772 75
227 772 75
221 772 75
215 772 75
215 766 75
221 766 75
227 766 75
233 766 75
239 766 75
245 766 75
251 766 75
257 766 75
263 766 75
269 766 75
275 766 75
281 766 75
287 766 75
293 766 75
299 766 75
305 766 75
311 766 75
317 766 75
323 766 75
329 766 75
335 766 75
341 766 75
347 766 75
353 766 75
359 766 76
365 766 76
371 766 76
377 766 76
383 766 76
389 766 76
395 766 76
401 766 76
407 766 76
413 766 76
419 766 76
425 766 76
431 766 76
437 766 76
437 760 76
431 760 76
425 760 76
419 760 76
413 760 76
407 760 76
401 760 76
395 760 76
389 760 76
383 760 76
377 760 76
371 760 76
365 760 76
359 760 76
353 760 76
347 760 76
341 760 76
335 760 76
329 760 76
323 760 76
317 760 76
311 760 76
305 760 76
299 760 76
293 760 76
287 760 76
281 760 77
275 760 77
269 760 77
263 760 77
257 760 77
251 760 77
245 760 77
239 760 77
233 760 77
227 760 77
221 760 77
215 760 77
215 754 77
221 754 77
227 754 77
233 754 77
239 754 77
245 754 77
251 754 77
257 754 77
263 754 77
269 754 77
275 754 77
281 754 77
287 754 77
293 754 77
299 754 77
305 754 77
311 754 77
317 754 77
323 754 77
329 754 77
335 754 77
341 754 77
347 754 77
353 754 77
359 754 77
365 754 77
371 754 77
377 754 77
383 754 78
389 754 78
395 754 78
401 754 78
407 754 78
413 754 78
419 754 78
425 754 78
431 754 78
437 754 78
437 748 78
431 748 78
425 748 78
419 748 78
413 748 78
407 748 78
401 748 78
395 748 78
389 748 78
383 748 78
377 748 78
371 748 78
365 748 78
359 748 78
353 748 78
347 748 78
341 748 78
335 748 78
329 748 78
323 748 78
317 748 78
311 748 78
305 748 78
299 748 78
293 748 78
287 748 78
281 748 78
275 748 78
269 748 78
263 748 78
257 748 79
251 748 79
245 748 79
239 748 79
233 748 79
227 748 79
221 748 79
215 748 79
215 742 79
221 742 79
227 742 79
233 742 79
239 742 79
245 742 79
251 742 79
257 742 79
263 742 79
269 742 79
275 742 79
281 742 79
287 742 79
293 742 79
299 742 79
305 742 79
311 742 79
317 742 79
323 742 79
329 742 79
335 742 79
341 742 79
347 742 79
353 742 79
359 742 79
365 742 79
371 742 79
377 742 79
383 742 79
389 742 79
395 742 79
401 742 79
407 742 80
413 742 80
419 742 80
425 742 80
431 742 80
437 742 80
437 736 80
431 736 80
425 736 80
419 736 80
413 736 80
407 736 80
401 736 80
395 736 80
389 736 80
383 736 80
377 736 80
371 736 80
365 736 80
359 736 80
353 736 80
347 736 80
341 736 80
335 736 80
329 736 80
323 736 80
317 736 80
311 736 80
305 736 80
299 736 80
293 736 80
287 736 80
281 736 80
275 736 80
269 736 80
263 736 80
257 736 80
251 736 80
245 736 80
239 736 80
233 736 81
227 736 81
221 736 81
215 736 81
215 730 81
221 730 81
227 730 81
233 730 81
239 730 81
245 730 81
251 730 81
257 730 81
263 730 81
269 730 81
275 730 81
281 730 81
287 730 81
293 730 81
299 730 81
305 730 81
311 730 81
317 730 81
323 730 81
329 730 81
335 730 81
341 730 81
347 730 81
353 730 81
359 730 81
365 730 81
371 730 81
377 730 81
383 730 81
389 730 81
395 730 81
401 730 81
407 730 81
413 730 81
419 730 81
425 730 81
431 730 82
437 730 82
437 724 82
431 724 82
425 724 82
419 724 82
413 724 82
407 724 82
401 724 82
395 724 82
389 724 82
383 724 82
377 724 82
371 724 82
365 724 82
359 724 82
353 724 82
347 724 82
341 724 82
335 724 82
329 724 82
323 724 82
317 724 82
311 724 82
305 724 82
299 724 82
293 724 82
287 724 82
281 724 82
275 724 82
269 724 82
263 724 82
257 724 82
251 724 82
245 724 82
239 724 82
233 724 82
227 724 82
221 724 82
215 724 82
215 718 83
221 718 83
227 718 83
233 718 83
239 718 83
245 718 83
251 718 83
257 718 83
263 718 83
269 718 83
275 718 83
281 718 83
287 718 83
293 718 83
299 718 83
305 718 83
311 718 83
317 718 83
323 718 83
329 718 83
335 718 83
341 718 83
347 718 83
353 718 83
359 718 83
365 718 83
371 718 83
377 718 83
383 718 83
389 718 83
395 718 83
401 718 83
407 718 83
413 718 83
419 718 83
425 718 83
431 718 83
437 718 83
437 712 83
431 712 83
425 712 84
419 712 84
413 712 84
407 712 84
401 712 84
395 712 84
389 712 84
383 712 84
377 712 84
371 712 84
365 712 84
359 712 84
353 712 84
347 712 84
341 712 84
335 712 84
329 712 84
323 712 84
317 712 84
311 712 84
305 712 84
299 712 84
293 712 84
287 712 84
281 712 84
275 712 84
269 712 84
263 712 84
257 712 84
251 712 84
245 712 84
239 712 84
233 712 84
227 712 84
221 712 84
215 712 84
215 706 84
221 706 84
227 706 84
233 706 84
239 706 85
245 706 85
251 706 85
257 706 85
263 706 85
269 706 85
275 706 85
281 706 85
287 706 85
293 706 85
299 706 85
305 706 85
311 706 85
317 706 85
323 706 85
329 706 85
335 706 85
341 706 85
347 706 85
353 706 85
359 706 85
365 706 85
371 706 85
377 706 85
383 706 85
389 706 85
395 706 85
401 706 85
407 706 85
413 706 85
419 706 85
425 706 85
431 706 85
437 706 85
437 700 85
431 700 85
425 700 85
419 700 85
413 700 85
407 700 85
401 700 86
395 700 86
389 700 86
383 700 86
377 700 86
371 700 86
365 700 86
359 700 86
353 700 86
347 700 86
341 700 86
335 700 86
329 700 86
323 700 86
317 700 86
311 700 86
305 700 86
299 700 86
293 700 86
287 700 86
281 700 86
275 700 86
269 700 86
263 700 86
257 700 86
251 700 86
245 700 86
239 700 86
233 700 86
227 700 86
221 700 86
215 700 86
215 694 86
221 694 86
227 694 86
233 694 86
239 694 86
245 694 86
251 694 86
257 694 86
263 694 87
269 694 87
275 694 87
281 694 87
287 694 87
293 694 87
299 694 87
305 694 87
311 694 87
317 694 87
323 694 87
329 694 87
335 694 87
341 694 87
347 694 87
353 694 87
359 694 87
365 694 87
371 694 87
377 694 87
383 694 87
389 694 87
395 694 87
401 694 87
407 694 87
413 694 87
419 694 87
425 694 87
431 694 87
437 694 87
437 688 87
431 688 87
425 688 87
419 688 87
413 688 87
407 688 87
401 688 87
395 688 87
389 688 87
383 688 87
377 688 88
371 688 88
365 688 88
359 688 88
353 688 88
347 688 88
341 688 88
335 688 88
329 688 88
323 688 88
317 688 88
311 688 88
305 688 88
299 688 88
293 688 88
287 688 88
281 688 88
275 688 88
269 688 88
263 688 88
257 688 88
251 688 88
245 688 88
239 688 88
233 688 88
227 688 88
221 688 88
215 688 88
215 682 88
221 682 88
227 682 88
233 682 88
239 682 88
245 682 88
251 682 88
257 682 88
263 682 88
269 682 88
275 682 88
281 682 88
287 682 89
293 682 89
299 682 89
305 682 89
311 682 89
317 682 89
323 682 89
329 682 89
335 682 89
341 682 89
347 682 89
353 682 89
359 682 89
365 682 89
371 682 89
377 682 89
383 682 89
389 682 89
395 682 89
401 682 89
407 682 89
413 682 89
419 682 89
425 682 89
431 682 89
437 682 89
437 676 89
431 676 89
425 676 89
419 676 89
413 676 89
407 676 89
401 676 89
395 676 89
389 676 89
383 676 89
377 676 89
371 676 89
365 676 89
359 676 89
353 676 90
347 676 90
341 676 90
335 676 90
329 676 90
323 676 90
317 676 90
311 676 90
305 676 90
299 676 90
293 676 90
287 676 90
281 676 90
275 676 90
269 676 90
263 676 90
257 676 90
251 676 90
245 676 90
239 676 90
233 676 90
227 676 90
221 676 90
215 676 90
215 670 90
221 670 90
227 670 90
233 670 90
239 670 90
245 670 90
251 670 90
257 670 90
263 670 90
269 670 90
275 670 90
281 670 90
287 670 90
293 670 90
299 670 90
305 670 90
311 670 91
317 670 91
323 670 91
329 670 91
335 670 91
341 670 91
347 670 91
353 670 91
359 670 91
365 670 91
371 670 91
377 670 91
383 670 91
389 670 91
395 670 91
401 670 91
407 670 91
413 670 91
419 670 91
425 670 91
431 670 91
437 670 91
437 664 91
431 664 91
425 664 91
419 664 91
413 664 91
407 664 91
401 664 91
395 664 91
389 664 91
383 664 91
377 664 91
371 664 91
365 664 91
359 664 91
353 664 91
347 664 91
341 664 91
335 664 91
329 664 92
323 664 92
317 664 92
311 664 92
305 664 92
299 664 92
293 664 92
287 664 92
281 664 92
275 664 92
269 664 92
263 664 92
257 664 92
251 664 92
245 664 92
239 664 92
233 664 92
227 664 92
221 664 92
215 664 92
215 658 92
221 658 92
227 658 92
233 658 92
239 658 92
245 658 92
251 658 92
257 658 92
263 658 92
269 658 92
275 658 92
281 658 92
287 658 92
293 658 92
299 658 92
305 658 92
311 658 92
317 658 92
323 658 92
329 658 92
335 658 93
341 658 93
347 658 93
353 658 93
359 658 93
365 658 93
371 658 93
377 658 93
383 658 93
389 658 93
395 658 93
401 658 93
407 658 93
413 658 93
419 658 93
425 658 93
431 658 93
437 658 93
437 652 93
431 652 93
425 652 93
419 652 93
413 652 93
407 652 93
401 652 93
395 652 93
389 652 93
383 652 93
377 652 93
371 652 93
365 652 93
359 652 93
353 652 93
347 652 93
341 652 93
335 652 93
329 652 93
323 652 93
317 652 93
311 652 93
305 652 94
299 652 94
293 652 94
287 652 94
281 652 94
275 652 94
269 652 94
263 652 94
257 652 94
251 652 94
245 652 94
239 652 94
233 652 94
227 652 94
221 652 94
215 652 94
215 646 94
221 646 94
227 646 94
233 646 94
239 646 94
245 646 94
251 646 94
257 646 94
263 646 94
269 646 94
275 646 94
281 646 94
287 646 94
293 646 94
299 646 94
305 646 94
311 646 94
317 646 94
323 646 94
329 646 94
335 646 94
341 646 94
347 646 94
353 646 94
359 646 95
365 646 95
371 646 95
377 646 95
383 646 95
389 646 95
395 646 95
401 646 95
407 646 95
413 646 95
419 646 95
425 646 95
431 646 95
437 646 95
437 640 95
431 640 95
425 640 95
419 640 95
413 640 95
407 640 95
401 640 95
395 640 95
389 640 95
383 640 95
377 640 95
371 640 95
365 640 95
359 640 95
353 640 95
347 640 95
341 640 95
335 640 95
329 640 95
323 640 95
317 640 95
311 640 95
305 640 95
299 640 95
293 640 95
287 640 95
281 640 96
275 640 96
269 640 96
263 640 96
257 640 96
251 640 96
245 640 96
239 640 96
233 640 96
227 640 96
221 640 96
215 640 96
215 634 96
221 634 96
227 634 96
233 634 96
239 634 96
245 634 96
251 634 96
257 634 96
263 634 96
269 634 96
275 634 96
281 634 96
287 634 96
293 634 96
299 634 96
305 634 96
311 634 96
317 634 96
323 634 96
329 634 96
335 634 96
341 634 96
347 634 96
353 634 96
359 634 96
365 634 96
371 634 96
377 634 96
383 634 97
389 634 97
395 634 97
401 634 97
407 634 97
413 634 97
419 634 97
425 634 97
431 634 97
437 634 97
437 628 97
431 628 97
425 628 97
419 628 97
413 628 97
407 628 97
401 628 97
395 628 97
389 628 97
383 628 97
377 628 97
371 628 97
365 628 97
359 628 97
353 628 97
347 628 97
341 628 97
335 628 97
329 628 97
323 628 97
317 628 97
311 628 97
305 628 97
299 628 97
293 628 97
287 628 97
281 628 97
275 628 97
269 628 97
263 628 97
257 628 98
251 628 98
245 628 98
239 628 98
233 628 98
227 628 98
221 628 98
215 628 98
215 622 98
221 622 98
227 622 98
233 622 98
239 622 98
245 622 98
251 622 98
257 622 98
263 622 98
269 622 98
275 622 98
281 622 98
287 622 98
293 622 98
299 622 98
305 622 98
311 622 98
317 622 98
323 622 98
329 622 98
335 622 98
341 622 98
347 622 98
353 622 98
359 622 98
365 622 98
371 622 98
377 622 98
383 622 98
389 622 98
395 622 98
401 622 98
407 622 99
413 622 99
419 622 99
425 622 99
431 622 99
437 622 99
437 616 99
431 616 99
425 616 99
419 616 99
413 616 99
407 616 99
401 616 99
395 616 99
389 616 99
383 616 99
377 616 99
371 616 99
365 616 99
359 616 99
353 616 99
347 616 99
341 616 99
335 616 99
329 616 99
323 616 99
317 616 99
311 616 99
305 616 99
299 616 99
293 616 99
287 616 99
281 616 99
275 616 99
269 616 99
263 616 99
257 616 99
251 616 99
245 616 99
239 616 99
233 616 100
227 616 100
221 616 100
215 616 100
215 610 100
221 610 100
227 610 100
233 610 100
239 610 100
245 610 100
251 610 100
257 610 100
263 610 100
269 610 100
275 610 100
281 610 100
287 610 100
293 610 100
299 610 100
305 610 100
311 610 100
317 610 100
323 610 100
329 610 100
335 610 100
341 610 100
347 610 100
353 610 100
359 610 100
365 610 100
371 610 100
377 610 100
383 610 100
389 610 100
395 610 100
401 610 100
407 610 100
413 610 100
419 610 100
425 610 100
431 610 101
437 610 101
437 604 101
431 604 101
425 604 101
419 604 101
413 604 101
407 604 101
401 604 101
395 604 101
389 604 101
383 604 101
377 604 101
371 604 101
365 604 101
359 604 101
353 604 101
347 604 101
341 604 101
335 604 101
329 604 101
323 604 101
317 604 101
311 604 101
305 604 101
299 604 101
293 604 101
287 604 101
281 604 101
275 604 101
269 604 101
263 604 101
257 604 101
251 604 101
245 604 101
239 604 101
233 604 101
227 604 101
221 604 101
215 604 101
215 598 102
221 598 102
227 598 102
233 598 102
239 598 102
245 598 102
251 598 102
257 598 102
263 598 102
269 598 102
275 598 102
281 598 102
287 598 102
293 598 102
299 598 102
305 598 102
311 598 102
317 598 102
323 598 102
329 598 102
335 598 102
341 598 102
347 598 102
353 598 102
359 598 102
365 598 102
371 598 102
377 598 102
383 598 102
389 598 102
395 598 102
401 598 102
407 598 102
413 598 102
419 598 102
425 598 102
431 598 102
437 598 102
437 592 102
431 592 102
425 592 103
419 592 103
413 592 103
407 592 103
401 592 103
395 592 103
389 592 103
383 592 103
377 592 103
371 592 103
365 592 103
359 592 103
353 592 103
347 592 103
341 592 103
335 592 103
329 592 103
323 592 103
317 592 103
311 592 103
305 592 103
299 592 103
293 592 103
287 592 103
281 592 103
275 592 103
269 592 103
263 592 103
257 592 103
251 592 103
245 592 103
239 592 103
233 592 103
227 592 103
221 592 103
215 592 103
437 586 103
431 586 103
425 586 103
419 586 103
413 586 104
407 586 104
401 586 104
395 586 104
389 586 104
383 586 104
377 586 104
371 586 104
365 586 104
359 586 104
353 586 104
347 586 104
341 586 104
335 586 104
329 586 104
323 586 104
317 586 104
311 586 104
305 586 104
299 586 104
293 586 104
287 586 104
281 586 104
275 586 104
269 586 104
263 586 104
257 586 104
251 586 104
245 586 104
239 586 104
233 586 104
227 586 104
221 586 104
215 586 104
