215 586 0
221 586 0
227 586 0
233 586 0
239 586 0
245 586 0
251 586 0
257 586 0
263 586 0
269 586 0
275 586 0
281 586 0
287 586 0
293 586 0
299 586 0
305 586 0
311 586 0
317 586 0
323 586 0
329 586 0
335 586 0
341 586 0
347 586 0
353 586 0
359 586 0
365 586 0
371 586 0
377 586 0
383 586 0
389 586 0
395 586 0
401 586 0
407 586 0
413 586 0
419 586 0
425 586 0
431 586 0
437 586 0
443 586 0
449 586 0
455 586 1
461 586 1
467 586 1
473 586 1
479 586 1
485 586 1
491 586 1
497 586 1
503 586 1
509 586 1
515 586 1
521 586 1
527 586 1
533 586 1
539 586 1
545 586 1
551 586 1
557 586 1
563 586 1
569 586 1
575 586 1
581 586 1
587 586 1
593 586 1
599 586 1
605 586 1
611 586 1
617 586 1
623 586 1
629 586 1
635 586 1
641 586 1
641 592 1
635 592 1
629 592 1
623 592 1
617 592 1
611 592 1
605 592 1
599 592 1
593 592 2
587 592 2
581 592 2
575 592 2
569 592 2
563 592 2
557 592 2
551 592 2
545 592 2
539 592 2
533 592 2
527 592 2
521 592 2
515 592 2
509 592 2
503 592 2
497 592 2
491 592 2
485 592 2
479 592 2
473 592 2
467 592 2
461 592 2
455 592 2
449 592 2
443 592 2
437 592 2
431 592 2
425 592 2
419 592 2
413 592 2
407 592 2
401 592 2
395 592 2
389 592 2
383 592 2
377 592 2
371 592 2
365 592 2
359 592 2
353 592 3
347 592 3
341 592 3
335 592 3
329 592 3
323 592 3
317 592 3
311 592 3
305 592 3
299 592 3
293 592 3
287 592 3
281 592 3
275 592 3
269 592 3
263 592 3
257 592 3
251 592 3
245 592 3
239 592 3
233 592 3
227 592 3
221 592 3
215 592 3
215 598 3
221 598 3
227 598 3
233 598 3
239 598 3
245 598 3
251 598 3
257 598 3
263 598 3
269 598 3
275 598 3
281 598 3
287 598 3
293 598 3
299 598 3
305 598 3
311 598 4
317 598 4
323 598 4
329 598 4
335 598 4
341 598 4
347 598 4
353 598 4
359 598 4
365 598 4
371 598 4
377 598 4
383 598 4
389 598 4
395 598 4
401 598 4
407 598 4
413 598 4
419 598 4
425 598 4
431 598 4
437 598 4
443 598 4
449 598 4
455 598 4
461 598 4
467 598 4
473 598 4
479 598 4
485 598 4
491 598 4
497 598 4
503 598 4
509 598 4
515 598 4
521 598 4
527 598 4
533 598 4
539 598 4
545 598 4
551 598 5
557 598 5
563 598 5
569 598 5
575 598 5
581 598 5
587 598 5
593 598 5
599 598 5
605 598 5
611 598 5
617 598 5
623 598 5
629 598 5
635 598 5
641 598 5
641 604 5
635 604 5
629 604 5
623 604 5
617 604 5
611 604 5
605 604 5
599 604 5
593 604 5
587 604 5
581 604 5
575 604 5
569 604 5
563 604 5
557 604 5
551 604 5
545 604 5
539 604 5
533 604 5
527 604 5
521 604 5
515 604 5
509 604 5
503 604 5
497 604 6
491 604 6
485 604 6
479 604 6
473 604 6
467 604 6
461 604 6
455 604 6
449 604 6
443 604 6
437 604 6
431 604 6
425 604 6
419 604 6
413 604 6
407 604 6
401 604 6
395 604 6
389 604 6
383 604 6
377 604 6
371 604 6
365 604 6
359 604 6
353 604 6
347 604 6
341 604 6
335 604 6
329 604 6
323 604 6
317 604 6
311 604 6
305 604 6
299 604 6
293 604 6
287 604 6
281 604 6
275 604 6
269 604 6
263 604 6
257 604 7
251 604 7
245 604 7
239 604 7
233 604 7
227 604 7
221 604 7
215 604 7
215 610 7
221 610 7
227 610 7
233 610 7
239 610 7
245 610 7
251 610 7
257 610 7
263 610 7
269 610 7
275 610 7
281 610 7
287 610 7
293 610 7
299 610 7
305 610 7
311 610 7
317 610 7
323 610 7
329 610 7
335 610 7
341 610 7
347 610 7
353 610 7
359 610 7
365 610 7
371 610 7
377 610 7
383 610 7
389 610 7
395 610 7
401 610 7
407 610 8
413 610 8
419 610 8
425 610 8
431 610 8
437 610 8
443 610 8
449 610 8
455 610 8
461 610 8
467 610 8
473 610 8
479 610 8
485 610 8
491 610 8
497 610 8
503 610 8
509 610 8
515 610 8
521 610 8
527 610 8
533 610 8
539 610 8
545 610 8
551 610 8
557 610 8
563 610 8
569 610 8
575 610 8
581 610 8
587 610 8
593 610 8
599 610 8
605 610 8
611 610 8
617 610 8
623 610 8
629 610 8
635 610 8
641 610 8
641 616 9
635 616 9
629 616 9
623 616 9
617 616 9
611 616 9
605 616 9
599 616 9
593 616 9
587 616 9
581 616 9
575 616 9
569 616 9
563 616 9
557 616 9
551 616 9
545 616 9
539 616 9
533 616 9
527 616 9
521 616 9
515 616 9
509 616 9
503 616 9
497 616 9
491 616 9
485 616 9
479 616 9
473 616 9
467 616 9
461 616 9
455 616 9
449 616 9
443 616 9
437 616 9
431 616 9
425 616 9
419 616 9
413 616 9
407 616 9
401 616 10
395 616 10
389 616 10
383 616 10
377 616 10
371 616 10
365 616 10
359 616 10
353 616 10
347 616 10
341 616 10
335 616 10
329 616 10
323 616 10
317 616 10
311 616 10
305 616 10
299 616 10
293 616 10
287 616 10
281 616 10
275 616 10
269 616 10
263 616 10
257 616 10
251 616 10
245 616 10
239 616 10
233 616 10
227 616 10
221 616 10
215 616 10
215 622 10
221 622 10
227 622 10
233 622 10
239 622 10
245 622 10
251 622 10
257 622 10
263 622 11
269 622 11
275 622 11
281 622 11
287 622 11
293 622 11
299 622 11
305 622 11
311 622 11
317 622 11
323 622 11
329 622 11
335 622 11
341 622 11
347 622 11
353 622 11
359 622 11
365 622 11
371 622 11
377 622 11
383 622 11
389 622 11
395 622 11
401 622 11
407 622 11
413 622 11
419 622 11
425 622 11
431 622 11
437 622 11
443 622 11
449 622 11
455 622 11
461 622 11
467 622 11
473 622 11
479 622 11
485 622 11
491 622 11
497 622 11
503 622 12
509 622 12
515 622 12
521 622 12
527 622 12
533 622 12
539 622 12
545 622 12
551 622 12
557 622 12
563 622 12
569 622 12
575 622 12
581 622 12
587 622 12
593 622 12
599 622 12
605 622 12
611 622 12
617 622 12
623 622 12
629 622 12
635 622 12
641 622 12
641 628 12
635 628 12
629 628 12
623 628 12
617 628 12
611 628 12
605 628 12
599 628 12
593 628 12
587 628 12
581 628 12
575 628 12
569 628 12
563 628 12
557 628 12
551 628 12
545 628 13
539 628 13
533 628 13
527 628 13
521 628 13
515 628 13
509 628 13
503 628 13
497 628 13
491 628 13
485 628 13
479 628 13
473 628 13
467 628 13
461 628 13
455 628 13
449 628 13
443 628 13
437 628 13
431 628 13
425 628 13
419 628 13
413 628 13
407 628 13
401 628 13
395 628 13
389 628 13
383 628 13
377 628 13
371 628 13
365 628 13
359 628 13
353 628 13
347 628 13
341 628 13
335 628 13
329 628 13
323 628 13
317 628 13
311 628 13
305 628 14
299 628 14
293 628 14
287 628 14
281 628 14
275 628 14
269 628 14
263 628 14
257 628 14
251 628 14
245 628 14
239 628 14
233 628 14
227 628 14
221 628 14
215 628 14
215 634 14
221 634 14
227 634 14
233 634 14
239 634 14
245 634 14
251 634 14
257 634 14
263 634 14
269 634 14
275 634 14
281 634 14
287 634 14
293 634 14
299 634 14
305 634 14
311 634 14
317 634 14
323 634 14
329 634 14
335 634 14
341 634 14
347 634 14
353 634 14
359 634 15
365 634 15
371 634 15
377 634 15
383 634 15
389 634 15
395 634 15
401 634 15
407 634 15
413 634 15
419 634 15
425 634 15
431 634 15
437 634 15
443 634 15
449 634 15
455 634 15
461 634 15
467 634 15
473 634 15
479 634 15
485 634 15
491 634 15
497 634 15
503 634 15
509 634 15
515 634 15
521 634 15
527 634 15
533 634 15
539 634 15
545 634 15
551 634 15
557 634 15
563 634 15
569 634 15
575 634 15
581 634 15
587 634 15
593 634 15
599 634 16
605 634 16
611 634 16
617 634 16
623 634 16
629 634 16
635 634 16
641 634 16
641 640 16
635 640 16
629 640 16
623 640 16
617 640 16
611 640 16
605 640 16
599 640 16
593 640 16
587 640 16
581 640 16
575 640 16
569 640 16
563 640 16
557 640 16
551 640 16
545 640 16
539 640 16
533 640 16
527 640 16
521 640 16
515 640 16
509 640 16
503 640 16
497 640 16
491 640 16
485 640 16
479 640 16
473 640 16
467 640 16
461 640 16
455 640 16
449 640 17
443 640 17
437 640 17
431 640 17
425 640 17
419 640 17
413 640 17
407 640 17
401 640 17
395 640 17
389 640 17
383 640 17
377 640 17
371 640 17
365 640 17
359 640 17
353 640 17
347 640 17
341 640 17
335 640 17
329 640 17
323 640 17
317 640 17
311 640 17
305 640 17
299 640 17
293 640 17
287 640 17
281 640 17
275 640 17
269 640 17
263 640 17
257 640 17
251 640 17
245 640 17
239 640 17
233 640 17
227 640 17
221 640 17
215 640 17
215 646 18
221 646 18
227 646 18
233 646 18
239 646 18
245 646 18
251 646 18
257 646 18
263 646 18
269 646 18
275 646 18
281 646 18
287 646 18
293 646 18
299 646 18
305 646 18
311 646 18
317 646 18
323 646 18
329 646 18
335 646 18
341 646 18
347 646 18
353 646 18
359 646 18
365 646 18
371 646 18
377 646 18
383 646 18
389 646 18
395 646 18
401 646 18
407 646 18
413 646 18
419 646 18
425 646 18
431 646 18
437 646 18
443 646 18
449 646 18
455 646 19
461 646 19
467 646 19
473 646 19
479 646 19
485 646 19
491 646 19
497 646 19
503 646 19
509 646 19
515 646 19
521 646 19
527 646 19
533 646 19
539 646 19
545 646 19
551 646 19
557 646 19
563 646 19
569 646 19
575 646 19
581 646 19
587 646 19
593 646 19
599 646 19
605 646 19
611 646 19
617 646 19
623 646 19
629 646 19
635 646 19
641 646 19
641 652 19
635 652 19
629 652 19
623 652 19
617 652 19
611 652 19
605 652 19
599 652 19
593 652 20
587 652 20
581 652 20
575 652 20
569 652 20
563 652 20
557 652 20
551 652 20
545 652 20
539 652 20
533 652 20
527 652 20
521 652 20
515 652 20
509 652 20
503 652 20
497 652 20
491 652 20
485 652 20
479 652 20
473 652 20
467 652 20
461 652 20
455 652 20
449 652 20
443 652 20
437 652 20
431 652 20
425 652 20
419 652 20
413 652 20
407 652 20
401 652 20
395 652 20
389 652 20
383 652 20
377 652 20
371 652 20
365 652 20
359 652 20
353 652 21
347 652 21
341 652 21
335 652 21
329 652 21
323 652 21
317 652 21
311 652 21
305 652 21
299 652 21
293 652 21
287 652 21
281 652 21
275 652 21
269 652 21
263 652 21
257 652 21
251 652 21
245 652 21
239 652 21
233 652 21
227 652 21
221 652 21
215 652 21
215 658 21
221 658 21
227 658 21
233 658 21
239 658 21
245 658 21
251 658 21
257 658 21
263 658 21
269 658 21
275 658 21
281 658 21
287 658 21
293 658 21
299 658 21
305 658 21
311 658 22
317 658 22
323 658 22
329 658 22
335 658 22
341 658 22
347 658 22
353 658 22
359 658 22
365 658 22
371 658 22
377 658 22
383 658 22
389 658 22
395 658 22
401 658 22
407 658 22
413 658 22
419 658 22
425 658 22
431 658 22
437 658 22
443 658 22
449 658 22
455 658 22
461 658 22
467 658 22
473 658 22
479 658 22
485 658 22
491 658 22
497 658 22
503 658 22
509 658 22
515 658 22
521 658 22
527 658 22
533 658 22
539 658 22
545 658 22
551 658 23
557 658 23
563 658 23
569 658 23
575 658 23
581 658 23
587 658 23
593 658 23
599 658 23
605 658 23
611 658 23
617 658 23
623 658 23
629 658 23
635 658 23
641 658 23
641 664 23
635 664 23
629 664 23
623 664 23
617 664 23
611 664 23
605 664 23
599 664 23
593 664 23
587 664 23
581 664 23
575 664 23
569 664 23
563 664 23
557 664 23
551 664 23
545 664 23
539 664 23
533 664 23
527 664 23
521 664 23
515 664 23
509 664 23
503 664 23
497 664 24
491 664 24
485 664 24
479 664 24
473 664 24
467 664 24
461 664 24
455 664 24
449 664 24
443 664 24
437 664 24
431 664 24
425 664 24
419 664 24
413 664 24
407 664 24
401 664 24
395 664 24
389 664 24
383 664 24
377 664 24
371 664 24
365 664 24
359 664 24
353 664 24
347 664 24
341 664 24
335 664 24
329 664 24
323 664 24
317 664 24
311 664 24
305 664 24
299 664 24
293 664 24
287 664 24
281 664 24
275 664 24
269 664 24
263 664 24
257 664 25
251 664 25
245 664 25
239 664 25
233 664 25
227 664 25
221 664 25
215 664 25
215 670 25
221 670 25
227 670 25
233 670 25
239 670 25
245 670 25
251 670 25
257 670 25
263 670 25
269 670 25
275 670 25
281 670 25
287 670 25
293 670 25
299 670 25
305 670 25
311 670 25
317 670 25
323 670 25
329 670 25
335 670 25
341 670 25
347 670 25
353 670 25
359 670 25
365 670 25
371 670 25
377 670 25
383 670 25
389 670 25
395 670 25
401 670 25
407 670 26
413 670 26
419 670 26
425 670 26
431 670 26
437 670 26
443 670 26
449 670 26
455 670 26
461 670 26
467 670 26
473 670 26
479 670 26
485 670 26
491 670 26
497 670 26
503 670 26
509 670 26
515 670 26
521 670 26
527 670 26
533 670 26
539 670 26
545 670 26
551 670 26
557 670 26
563 670 26
569 670 26
575 670 26
581 670 26
587 670 26
593 670 26
599 670 26
605 670 26
611 670 26
617 670 26
623 670 26
629 670 26
635 670 26
641 670 26
641 676 27
635 676 27
629 676 27
623 676 27
617 676 27
611 676 27
605 676 27
599 676 27
593 676 27
587 676 27
581 676 27
575 676 27
569 676 27
563 676 27
557 676 27
551 676 27
545 676 27
539 676 27
533 676 27
527 676 27
521 676 27
515 676 27
509 676 27
503 676 27
497 676 27
491 676 27
485 676 27
479 676 27
473 676 27
467 676 27
461 676 27
455 676 27
449 676 27
443 676 27
437 676 27
431 676 27
425 676 27
419 676 27
413 676 27
407 676 27
401 676 28
395 676 28
389 676 28
383 676 28
377 676 28
371 676 28
365 676 28
359 676 28
353 676 28
347 676 28
341 676 28
335 676 28
329 676 28
323 676 28
317 676 28
311 676 28
305 676 28
299 676 28
293 676 28
287 676 28
281 676 28
275 676 28
269 676 28
263 676 28
257 676 28
251 676 28
245 676 28
239 676 28
233 676 28
227 676 28
221 676 28
215 676 28
215 682 28
221 682 28
227 682 28
233 682 28
239 682 28
245 682 28
251 682 28
257 682 28
263 682 29
269 682 29
275 682 29
281 682 29
287 682 29
293 682 29
299 682 29
305 682 29
311 682 29
317 682 29
323 682 29
329 682 29
335 682 29
341 682 29
347 682 29
353 682 29
359 682 29
365 682 29
371 682 29
377 682 29
383 682 29
389 682 29
395 682 29
401 682 29
407 682 29
413 682 29
419 682 29
425 682 29
431 682 29
437 682 29
443 682 29
449 682 29
455 682 29
461 682 29
467 682 29
473 682 29
479 682 29
485 682 29
491 682 29
497 682 29
503 682 30
509 682 30
515 682 30
521 682 30
527 682 30
533 682 30
539 682 30
545 682 30
551 682 30
557 682 30
563 682 30
569 682 30
575 682 30
581 682 30
587 682 30
593 682 30
599 682 30
605 682 30
611 682 30
617 682 30
623 682 30
629 682 30
635 682 30
641 682 30
641 688 30
635 688 30
629 688 30
623 688 30
617 688 30
611 688 30
605 688 30
599 688 30
593 688 30
587 688 30
581 688 30
575 688 30
569 688 30
563 688 30
557 688 30
551 688 30
545 688 31
539 688 31
533 688 31
527 688 31
521 688 31
515 688 31
509 688 31
503 688 31
497 688 31
491 688 31
485 688 31
479 688 31
473 688 31
467 688 31
461 688 31
455 688 31
449 688 31
443 688 31
437 688 31
431 688 31
425 688 31
419 688 31
413 688 31
407 688 31
401 688 31
395 688 31
389 688 31
383 688 31
377 688 31
371 688 31
365 688 31
359 688 31
353 688 31
347 688 31
341 688 31
335 688 31
329 688 31
323 688 31
317 688 31
311 688 31
305 688 32
299 688 32
293 688 32
287 688 32
281 688 32
275 688 32
269 688 32
263 688 32
257 688 32
251 688 32
245 688 32
239 688 32
233 688 32
227 688 32
221 688 32
215 688 32
215 694 32
221 694 32
227 694 32
233 694 32
239 694 32
245 694 32
251 694 32
257 694 32
263 694 32
269 694 32
275 694 32
281 694 32
287 694 32
293 694 32
299 694 32
305 694 32
311 694 32
317 694 32
323 694 32
329 694 32
335 694 32
341 694 32
347 694 32
353 694 32
359 694 33
365 694 33
371 694 33
377 694 33
383 694 33
389 694 33
395 694 33
401 694 33
407 694 33
413 694 33
419 694 33
425 694 33
431 694 33
437 694 33
443 694 33
449 694 33
455 694 33
461 694 33
467 694 33
473 694 33
479 694 33
485 694 33
491 694 33
497 694 33
503 694 33
509 694 33
515 694 33
521 694 33
527 694 33
533 694 33
539 694 33
545 694 33
551 694 33
557 694 33
563 694 33
569 694 33
575 694 33
581 694 33
587 694 33
593 694 33
599 694 34
605 694 34
611 694 34
617 694 34
623 694 34
629 694 34
635 694 34
641 694 34
641 700 34
635 700 34
629 700 34
623 700 34
617 700 34
611 700 34
605 700 34
599 700 34
593 700 34
587 700 34
581 700 34
575 700 34
569 700 34
563 700 34
557 700 34
551 700 34
545 700 34
539 700 34
533 700 34
527 700 34
521 700 34
515 700 34
509 700 34
503 700 34
497 700 34
491 700 34
485 700 34
479 700 34
473 700 34
467 700 34
461 700 34
455 700 34
449 700 35
443 700 35
437 700 35
431 700 35
425 700 35
419 700 35
413 700 35
407 700 35
401 700 35
395 700 35
389 700 35
383 700 35
377 700 35
371 700 35
365 700 35
359 700 35
353 700 35
347 700 35
341 700 35
335 700 35
329 700 35
323 700 35
317 700 35
311 700 35
305 700 35
299 700 35
293 700 35
287 700 35
281 700 35
275 700 35
269 700 35
263 700 35
257 700 35
251 700 35
245 700 35
239 700 35
233 700 35
227 700 35
221 700 35
215 700 35
215 706 36
221 706 36
227 706 36
233 706 36
239 706 36
245 706 36
251 706 36
257 706 36
263 706 36
269 706 36
275 706 36
281 706 36
287 706 36
293 706 36
299 706 36
305 706 36
311 706 36
317 706 36
323 706 36
329 706 36
335 706 36
341 706 36
347 706 36
353 706 36
359 706 36
365 706 36
371 706 36
377 706 36
383 706 36
389 706 36
395 706 36
401 706 36
407 706 36
413 706 36
419 706 36
425 706 36
431 706 36
437 706 36
443 706 36
449 706 36
455 706 37
461 706 37
467 706 37
473 706 37
479 706 37
485 706 37
491 706 37
497 706 37
503 706 37
509 706 37
515 706 37
521 706 37
527 706 37
533 706 37
539 706 37
545 706 37
551 706 37
557 706 37
563 706 37
569 706 37
575 706 37
581 706 37
587 706 37
593 706 37
599 706 37
605 706 37
611 706 37
617 706 37
623 706 37
629 706 37
635 706 37
641 706 37
641 712 37
635 712 37
629 712 37
623 712 37
617 712 37
611 712 37
605 712 37
599 712 37
593 712 38
587 712 38
581 712 38
575 712 38
569 712 38
563 712 38
557 712 38
551 712 38
545 712 38
539 712 38
533 712 38
527 712 38
521 712 38
515 712 38
509 712 38
503 712 38
497 712 38
491 712 38
485 712 38
479 712 38
473 712 38
467 712 38
461 712 38
455 712 38
449 712 38
443 712 38
437 712 38
431 712 38
425 712 38
419 712 38
413 712 38
407 712 38
401 712 38
395 712 38
389 712 38
383 712 38
377 712 38
371 712 38
365 712 38
359 712 38
353 712 39
347 712 39
341 712 39
335 712 39
329 712 39
323 712 39
317 712 39
311 712 39
305 712 39
299 712 39
293 712 39
287 712 39
281 712 39
275 712 39
269 712 39
263 712 39
257 712 39
251 712 39
245 712 39
239 712 39
233 712 39
227 712 39
221 712 39
215 712 39
215 718 39
221 718 39
227 718 39
233 718 39
239 718 39
245 718 39
251 718 39
257 718 39
263 718 39
269 718 39
275 718 39
281 718 39
287 718 39
293 718 39
299 718 39
305 718 39
311 718 40
317 718 40
323 718 40
329 718 40
335 718 40
341 718 40
347 718 40
353 718 40
359 718 40
365 718 40
371 718 40
377 718 40
383 718 40
389 718 40
395 718 40
401 718 40
407 718 40
413 718 40
419 718 40
425 718 40
431 718 40
437 718 40
443 718 40
449 718 40
455 718 40
461 718 40
467 718 40
473 718 40
479 718 40
485 718 40
491 718 40
497 718 40
503 718 40
509 718 40
515 718 40
521 718 40
527 718 40
533 718 40
539 718 40
545 718 40
551 718 41
557 718 41
563 718 41
569 718 41
575 718 41
581 718 41
587 718 41
593 718 41
599 718 41
605 718 41
611 718 41
617 718 41
623 718 41
629 718 41
635 718 41
641 718 41
641 724 41
635 724 41
629 724 41
623 724 41
617 724 41
611 724 41
605 724 41
599 724 41
593 724 41
587 724 41
581 724 41
575 724 41
569 724 41
563 724 41
557 724 41
551 724 41
545 724 41
539 724 41
533 724 41
527 724 41
521 724 41
515 724 41
509 724 41
503 724 41
497 724 42
491 724 42
485 724 42
479 724 42
473 724 42
467 724 42
461 724 42
455 724 42
449 724 42
443 724 42
437 724 42
431 724 42
425 724 42
419 724 42
413 724 42
407 724 42
401 724 42
395 724 42
389 724 42
383 724 42
377 724 42
371 724 42
365 724 42
359 724 42
353 724 42
347 724 42
341 724 42
335 724 42
329 724 42
323 724 42
317 724 42
311 724 42
305 724 42
299 724 42
293 724 42
287 724 42
281 724 42
275 724 42
269 724 42
263 724 42
257 724 43
251 724 43
245 724 43
239 724 43
233 724 43
227 724 43
221 724 43
215 724 43
215 730 43
221 730 43
227 730 43
233 730 43
239 730 43
245 730 43
251 730 43
257 730 43
263 730 43
269 730 43
275 730 43
281 730 43
287 730 43
293 730 43
299 730 43
305 730 43
311 730 43
317 730 43
323 730 43
329 730 43
335 730 43
341 730 43
347 730 43
353 730 43
359 730 43
365 730 43
371 730 43
377 730 43
383 730 43
389 730 43
395 730 43
401 730 43
407 730 44
413 730 44
419 730 44
425 730 44
431 730 44
437 730 44
443 730 44
449 730 44
455 730 44
461 730 44
467 730 44
473 730 44
479 730 44
485 730 44
491 730 44
497 730 44
503 730 44
509 730 44
515 730 44
521 730 44
527 730 44
533 730 44
539 730 44
545 730 44
551 730 44
557 730 44
563 730 44
569 730 44
575 730 44
581 730 44
587 730 44
593 730 44
599 730 44
605 730 44
611 730 44
617 730 44
623 730 44
629 730 44
635 730 44
641 730 44
641 736 45
635 736 45
629 736 45
623 736 45
617 736 45
611 736 45
605 736 45
599 736 45
593 736 45
587 736 45
581 736 45
575 736 45
569 736 45
563 736 45
557 736 45
551 736 45
545 736 45
539 736 45
533 736 45
527 736 45
521 736 45
515 736 45
509 736 45
503 736 45
497 736 45
491 736 45
485 736 45
479 736 45
473 736 45
467 736 45
461 736 45
455 736 45
449 736 45
443 736 45
437 736 45
431 736 45
425 736 45
419 736 45
413 736 45
407 736 45
401 736 46
395 736 46
389 736 46
383 736 46
377 736 46
371 736 46
365 736 46
359 736 46
353 736 46
347 736 46
341 736 46
335 736 46
329 736 46
323 736 46
317 736 46
311 736 46
305 736 46
299 736 46
293 736 46
287 736 46
281 736 46
275 736 46
269 736 46
263 736 46
257 736 46
251 736 46
245 736 46
239 736 46
233 736 46
227 736 46
221 736 46
215 736 46
215 742 46
221 742 46
227 742 46
233 742 46
239 742 46
245 742 46
251 742 46
257 742 46
263 742 47
269 742 47
275 742 47
281 742 47
287 742 47
293 742 47
299 742 47
305 742 47
311 742 47
317 742 47
323 742 47
329 742 47
335 742 47
341 742 47
347 742 47
353 742 47
359 742 47
365 742 47
371 742 47
377 742 47
383 742 47
389 742 47
395 742 47
401 742 47
407 742 47
413 742 47
419 742 47
425 742 47
431 742 47
437 742 47
443 742 47
449 742 47
455 742 47
461 742 47
467 742 47
473 742 47
479 742 47
485 742 47
491 742 47
497 742 47
503 742 48
509 742 48
515 742 48
521 742 48
527 742 48
533 742 48
539 742 48
545 742 48
551 742 48
557 742 48
563 742 48
569 742 48
575 742 48
581 742 48
587 742 48
593 742 48
599 742 48
605 742 48
611 742 48
617 742 48
623 742 48
629 742 48
635 742 48
641 742 48
641 748 48
635 748 48
629 748 48
623 748 48
617 748 48
611 748 48
605 748 48
599 748 48
593 748 48
587 748 48
581 748 48
575 748 48
569 748 48
563 748 48
557 748 48
551 748 48
545 748 49
539 748 49
533 748 49
527 748 49
521 748 49
515 748 49
509 748 49
503 748 49
497 748 49
491 748 49
485 748 49
479 748 49
473 748 49
467 748 49
461 748 49
455 748 49
449 748 49
443 748 49
437 748 49
431 748 49
425 748 49
419 748 49
413 748 49
407 748 49
401 748 49
395 748 49
389 748 49
383 748 49
377 748 49
371 748 49
365 748 49
359 748 49
353 748 49
347 748 49
341 748 49
335 748 49
329 748 49
323 748 49
317 748 49
311 748 49
305 748 50
299 748 50
293 748 50
287 748 50
281 748 50
275 748 50
269 748 50
263 748 50
257 748 50
251 748 50
245 748 50
239 748 50
233 748 50
227 748 50
221 748 50
215 748 50
215 754 50
221 754 50
227 754 50
233 754 50
239 754 50
245 754 50
251 754 50
257 754 50
263 754 50
269 754 50
275 754 50
281 754 50
287 754 50
293 754 50
299 754 50
305 754 50
311 754 50
317 754 50
323 754 50
329 754 50
335 754 50
341 754 50
347 754 50
353 754 50
359 754 51
365 754 51
371 754 51
377 754 51
383 754 51
389 754 51
395 754 51
401 754 51
407 754 51
413 754 51
419 754 51
425 754 51
431 754 51
437 754 51
443 754 51
449 754 51
455 754 51
461 754 51
467 754 51
473 754 51
479 754 51
485 754 51
491 754 51
497 754 51
503 754 51
509 754 51
515 754 51
521 754 51
527 754 51
533 754 51
539 754 51
545 754 51
551 754 51
557 754 51
563 754 51
569 754 51
575 754 51
581 754 51
587 754 51
593 754 51
599 754 52
605 754 52
611 754 52
617 754 52
623 754 52
629 754 52
635 754 52
641 754 52
641 760 52
635 760 52
629 760 52
623 760 52
617 760 52
611 760 52
605 760 52
599 760 52
593 760 52
587 760 52
581 760 52
575 760 52
569 760 52
563 760 52
557 760 52
551 760 52
545 760 52
539 760 52
533 760 52
527 760 52
521 760 52
515 760 52
509 760 52
503 760 52
497 760 52
491 760 52
485 760 52
479 760 52
473 760 52
467 760 52
461 760 52
455 760 52
449 760 53
443 760 53
437 760 53
431 760 53
425 760 53
419 760 53
413 760 53
407 760 53
401 760 53
395 760 53
389 760 53
383 760 53
377 760 53
371 760 53
365 760 53
359 760 53
353 760 53
347 760 53
341 760 53
335 760 53
329 760 53
323 760 53
317 760 53
311 760 53
305 760 53
299 760 53
293 760 53
287 760 53
281 760 53
275 760 53
269 760 53
263 760 53
257 760 53
251 760 53
245 760 53
239 760 53
233 760 53
227 760 53
221 760 53
215 760 53
215 766 54
221 766 54
227 766 54
233 766 54
239 766 54
245 766 54
251 766 54
257 766 54
263 766 54
269 766 54
275 766 54
281 766 54
287 766 54
293 766 54
299 766 54
305 766 54
311 766 54
317 766 54
323 766 54
329 766 54
335 766 54
341 766 54
347 766 54
353 766 54
359 766 54
365 766 54
371 766 54
377 766 54
383 766 54
389 766 54
395 766 54
401 766 54
407 766 54
413 766 54
419 766 54
425 766 54
431 766 54
437 766 54
443 766 54
449 766 54
455 766 55
461 766 55
467 766 55
473 766 55
479 766 55
485 766 55
491 766 55
497 766 55
503 766 55
509 766 55
515 766 55
521 766 55
527 766 55
533 766 55
539 766 55
545 766 55
551 766 55
557 766 55
563 766 55
569 766 55
575 766 55
581 766 55
587 766 55
593 766 55
599 766 55
605 766 55
611 766 55
617 766 55
623 766 55
629 766 55
635 766 55
641 766 55
641 772 55
635 772 55
629 772 55
623 772 55
617 772 55
611 772 55
605 772 55
599 772 55
593 772 56
587 772 56
581 772 56
575 772 56
569 772 56
563 772 56
557 772 56
551 772 56
545 772 56
539 772 56
533 772 56
527 772 56
521 772 56
515 772 56
509 772 56
503 772 56
497 772 56
491 772 56
485 772 56
479 772 56
473 772 56
467 772 56
461 772 56
455 772 56
449 772 56
443 772 56
437 772 56
431 772 56
425 772 56
419 772 56
413 772 56
407 772 56
401 772 56
395 772 56
389 772 56
383 772 56
377 772 56
371 772 56
365 772 56
359 772 56
353 772 57
347 772 57
341 772 57
335 772 57
329 772 57
323 772 57
317 772 57
311 772 57
305 772 57
299 772 57
293 772 57
287 772 57
281 772 57
275 772 57
269 772 57
263 772 57
257 772 57
251 772 57
245 772 57
239 772 57
233 772 57
227 772 57
221 772 57
215 772 57
293 778 57
299 778 57
305 778 57
311 778 57
317 778 57
323 778 57
329 778 57
335 778 57
341 778 57
347 778 57
353 778 57
359 778 57
365 778 57
371 778 57
377 778 57
383 778 57
389 778 58
395 778 58
401 778 58
407 778 58
413 778 58
419 778 58
425 778 58
431 778 58
437 778 58
443 778 58
449 778 58
455 778 58
461 778 58
467 778 58
473 778 58
479 778 58
485 778 58
491 778 58
497 778 58
503 778 58
509 778 58
515 778 58
521 778 58
527 778 58
533 778 58
539 778 58
545 778 58
551 778 58
557 778 58
563 778 58
569 778 58
575 778 58
581 778 58
587 778 58
593 778 58
599 778 58
605 778 58
611 778 58
617 778 58
623 778 58
629 778 59
635 778 59
641 778 59
641 784 59
635 784 59
629 784 59
623 784 59
617 784 59
611 784 59
605 784 59
599 784 59
593 784 59
587 784 59
581 784 59
575 784 59
569 784 59
563 784 59
557 784 59
551 784 59
545 784 59
539 784 59
533 784 59
527 784 59
521 784 59
515 784 59
509 784 59
503 784 59
497 784 59
491 784 59
485 784 59
479 784 59
473 784 59
467 784 59
461 784 59
455 784 59
449 784 59
443 784 59
437 784 59
431 784 59
425 784 59
419 784 60
413 784 60
407 784 60
401 784 60
395 784 60
389 784 60
383 784 60
377 784 60
371 784 60
365 784 60
359 784 60
353 784 60
347 784 60
341 784 60
335 784 60
329 784 60
323 784 60
317 784 60
311 784 60
305 784 60
299 784 60
293 784 60
293 790 60
299 790 60
305 790 60
311 790 60
317 790 60
323 790 60
329 790 60
335 790 60
341 790 60
347 790 60
353 790 60
359 790 60
365 790 60
371 790 60
377 790 60
383 790 60
389 790 60
395 790 60
401 790 61
407 790 61
413 790 61
419 790 61
425 790 61
431 790 61
437 790 61
443 790 61
449 790 61
455 790 61
461 790 61
467 790 61
473 790 61
479 790 61
485 790 61
491 790 61
497 790 61
503 790 61
509 790 61
515 790 61
521 790 61
527 790 61
533 790 61
539 790 61
545 790 61
551 790 61
557 790 61
563 790 61
569 790 61
575 790 61
581 790 61
587 790 61
593 790 61
599 790 61
605 790 61
611 790 61
617 790 61
623 790 61
629 790 61
635 790 61
641 790 62
641 796 62
635 796 62
629 796 62
623 796 62
617 796 62
611 796 62
605 796 62
599 796 62
593 796 62
587 796 62
581 796 62
575 796 62
569 796 62
563 796 62
557 796 62
551 796 62
545 796 62
539 796 62
533 796 62
527 796 62
521 796 62
515 796 62
509 796 62
503 796 62
497 796 62
491 796 62
485 796 62
479 796 62
473 796 62
467 796 62
461 796 62
455 796 62
449 796 62
443 796 62
437 796 62
431 796 62
425 796 62
419 796 62
413 796 62
407 796 63
401 796 63
395 796 63
389 796 63
383 796 63
377 796 63
371 796 63
365 796 63
359 796 63
353 796 63
347 796 63
341 796 63
335 796 63
329 796 63
323 796 63
317 796 63
311 796 63
305 796 63
299 796 63
293 796 63
293 802 63
299 802 63
305 802 63
311 802 63
317 802 63
323 802 63
329 802 63
335 802 63
341 802 63
347 802 63
353 802 63
359 802 63
365 802 63
371 802 63
377 802 63
383 802 63
389 802 63
395 802 63
401 802 63
407 802 63
413 802 64
419 802 64
425 802 64
431 802 64
437 802 64
443 802 64
449 802 64
455 802 64
461 802 64
467 802 64
473 802 64
479 802 64
485 802 64
491 802 64
497 802 64
503 802 64
509 802 64
515 802 64
521 802 64
527 802 64
533 802 64
539 802 64
545 802 64
551 802 64
557 802 64
563 802 64
569 802 64
575 802 64
581 802 64
587 802 64
593 802 64
599 802 64
605 802 64
611 802 64
617 802 64
623 802 64
629 802 64
635 802 64
641 802 64
641 808 64
635 808 65
629 808 65
623 808 65
617 808 65
611 808 65
605 808 65
599 808 65
593 808 65
587 808 65
581 808 65
575 808 65
569 808 65
563 808 65
557 808 65
551 808 65
545 808 65
539 808 65
533 808 65
527 808 65
521 808 65
515 808 65
509 808 65
503 808 65
497 808 65
491 808 65
485 808 65
479 808 65
473 808 65
467 808 65
461 808 65
455 808 65
449 808 65
443 808 65
437 808 65
431 808 65
425 808 65
419 808 65
413 808 65
407 808 65
401 808 65
395 808 66
389 808 66
383 808 66
377 808 66
371 808 66
365 808 66
359 808 66
353 808 66
347 808 66
341 808 66
335 808 66
329 808 66
323 808 66
317 808 66
311 808 66
305 808 66
299 808 66
293 808 66
293 814 66
299 814 66
305 814 66
311 814 66
317 814 66
323 814 66
329 814 66
335 814 66
341 814 66
347 814 66
353 814 66
359 814 66
365 814 66
371 814 66
377 814 66
383 814 66
389 814 66
395 814 66
401 814 66
407 814 66
413 814 66
419 814 66
425 814 67
431 814 67
437 814 67
443 814 67
449 814 67
455 814 67
461 814 67
467 814 67
473 814 67
479 814 67
485 814 67
491 814 67
497 814 67
503 814 67
509 814 67
515 814 67
521 814 67
527 814 67
533 814 67
539 814 67
545 814 67
551 814 67
557 814 67
563 814 67
569 814 67
575 814 67
581 814 67
587 814 67
593 814 67
599 814 67
605 814 67
611 814 67
617 814 67
623 814 67
629 814 67
635 814 67
641 814 67
641 820 67
635 820 67
629 820 67
623 820 68
617 820 68
611 820 68
605 820 68
599 820 68
593 820 68
587 820 68
581 820 68
575 820 68
569 820 68
563 820 68
557 820 68
551 820 68
545 820 68
539 820 68
533 820 68
527 820 68
521 820 68
515 820 68
509 820 68
503 820 68
497 820 68
491 820 68
485 820 68
479 820 68
473 820 68
467 820 68
461 820 68
455 820 68
449 820 68
443 820 68
437 820 68
431 820 68
425 820 68
419 820 68
413 820 68
407 820 68
401 820 68
395 820 68
389 820 68
383 820 69
377 820 69
371 820 69
365 820 69
359 820 69
353 820 69
347 820 69
341 820 69
335 820 69
329 820 69
323 820 69
317 820 69
311 820 69
305 820 69
299 820 69
293 820 69
293 826 69
299 826 69
305 826 69
311 826 69
317 826 69
323 826 69
329 826 69
335 826 69
341 826 69
347 826 69
353 826 69
359 826 69
365 826 69
371 826 69
377 826 69
383 826 69
389 826 69
395 826 69
401 826 69
407 826 69
413 826 69
419 826 69
425 826 69
431 826 69
437 826 70
443 826 70
449 826 70
455 826 70
461 826 70
467 826 70
473 826 70
479 826 70
485 826 70
491 826 70
497 826 70
503 826 70
509 826 70
515 826 70
521 826 70
527 826 70
533 826 70
539 826 70
545 826 70
551 826 70
557 826 70
563 826 70
569 826 70
575 826 70
581 826 70
587 826 70
593 826 70
599 826 70
605 826 70
611 826 70
617 826 70
623 826 70
629 826 70
635 826 70
641 826 70
641 832 70
635 832 70
629 832 70
623 832 70
617 832 70
611 832 71
605 832 71
599 832 71
593 832 71
587 832 71
581 832 71
575 832 71
569 832 71
563 832 71
557 832 71
551 832 71
545 832 71
539 832 71
533 832 71
527 832 71
521 832 71
515 832 71
509 832 71
503 832 71
497 832 71
491 832 71
485 832 71
479 832 71
473 832 71
467 832 71
461 832 71
455 832 71
449 832 71
443 832 71
437 832 71
431 832 71
425 832 71
419 832 71
413 832 71
407 832 71
401 832 71
395 832 71
389 832 71
383 832 71
377 832 71
371 832 72
365 832 72
359 832 72
353 832 72
347 832 72
341 832 72
335 832 72
329 832 72
323 832 72
317 832 72
311 832 72
305 832 72
299 832 72
293 832 72
293 838 72
299 838 72
305 838 72
311 838 72
317 838 72
323 838 72
329 838 72
335 838 72
341 838 72
347 838 72
353 838 72
359 838 72
365 838 72
371 838 72
377 838 72
383 838 72
389 838 72
395 838 72
401 838 72
407 838 72
413 838 72
419 838 72
425 838 72
431 838 72
437 838 72
443 838 72
449 838 73
455 838 73
461 838 73
467 838 73
473 838 73
479 838 73
485 838 73
491 838 73
497 838 73
503 838 73
509 838 73
515 838 73
521 838 73
527 838 73
533 838 73
539 838 73
545 838 73
551 838 73
557 838 73
563 838 73
569 838 73
575 838 73
581 838 73
587 838 73
593 838 73
599 838 73
605 838 73
611 838 73
617 838 73
623 838 73
629 838 73
635 838 73
641 838 73
641 844 73
635 844 73
629 844 73
623 844 73
617 844 73
611 844 73
605 844 73
599 844 74
593 844 74
587 844 74
581 844 74
575 844 74
569 844 74
563 844 74
557 844 74
551 844 74
545 844 74
539 844 74
533 844 74
527 844 74
521 844 74
515 844 74
509 844 74
503 844 74
497 844 74
491 844 74
485 844 74
479 844 74
473 844 74
467 844 74
461 844 74
455 844 74
449 844 74
443 844 74
437 844 74
431 844 74
425 844 74
419 844 74
413 844 74
407 844 74
401 844 74
395 844 74
389 844 74
383 844 74
377 844 74
371 844 74
365 844 74
359 844 75
353 844 75
347 844 75
341 844 75
335 844 75
329 844 75
323 844 75
317 844 75
311 844 75
305 844 75
299 844 75
293 844 75
293 850 75
299 850 75
305 850 75
311 850 75
317 850 75
323 850 75
329 850 75
335 850 75
341 850 75
347 850 75
353 850 75
359 850 75
365 850 75
371 850 75
377 850 75
383 850 75
389 850 75
395 850 75
401 850 75
407 850 75
413 850 75
419 850 75
425 850 75
431 850 75
437 850 75
443 850 75
449 850 75
455 850 75
461 850 76
467 850 76
473 850 76
479 850 76
485 850 76
491 850 76
497 850 76
503 850 76
509 850 76
515 850 76
521 850 76
527 850 76
533 850 76
539 850 76
545 850 76
551 850 76
557 850 76
563 850 76
569 850 76
575 850 76
581 850 76
587 850 76
593 850 76
599 850 76
605 850 76
611 850 76
617 850 76
623 850 76
629 850 76
635 850 76
641 850 76
641 856 76
635 856 76
629 856 76
623 856 76
617 856 76
611 856 76
605 856 76
599 856 76
593 856 76
587 856 77
581 856 77
575 856 77
569 856 77
563 856 77
557 856 77
551 856 77
545 856 77
539 856 77
533 856 77
527 856 77
521 856 77
515 856 77
509 856 77
503 856 77
497 856 77
491 856 77
485 856 77
479 856 77
473 856 77
467 856 77
461 856 77
455 856 77
449 856 77
443 856 77
437 856 77
431 856 77
425 856 77
419 856 77
413 856 77
407 856 77
401 856 77
395 856 77
389 856 77
383 856 77
377 856 77
371 856 77
365 856 77
359 856 77
353 856 77
347 856 78
341 856 78
335 856 78
329 856 78
323 856 78
317 856 78
311 856 78
305 856 78
299 856 78
293 856 78
293 862 78
299 862 78
305 862 78
311 862 78
317 862 78
323 862 78
329 862 78
335 862 78
341 862 78
347 862 78
353 862 78
359 862 78
365 862 78
371 862 78
377 862 78
383 862 78
389 862 78
395 862 78
401 862 78
407 862 78
413 862 78
419 862 78
425 862 78
431 862 78
437 862 78
443 862 78
449 862 78
455 862 78
461 862 78
467 862 78
473 862 79
479 862 79
485 862 79
491 862 79
497 862 79
503 862 79
509 862 79
515 862 79
521 862 79
527 862 79
533 862 79
539 862 79
545 862 79
551 862 79
557 862 79
563 862 79
569 862 79
575 862 79
581 862 79
587 862 79
593 862 79
599 862 79
605 862 79
611 862 79
617 862 79
623 862 79
629 862 79
635 862 79
641 862 79
641 868 79
635 868 79
629 868 79
623 868 79
617 868 79
611 868 79
605 868 79
599 868 79
593 868 79
587 868 79
581 868 79
575 868 80
569 868 80
563 868 80
557 868 80
551 868 80
545 868 80
539 868 80
533 868 80
527 868 80
521 868 80
515 868 80
509 868 80
503 868 80
497 868 80
491 868 80
485 868 80
479 868 80
473 868 80
467 868 80
461 868 80
455 868 80
449 868 80
443 868 80
437 868 80
431 868 80
425 868 80
419 868 80
413 868 80
407 868 80
401 868 80
395 868 80
389 868 80
383 868 80
377 868 80
371 868 80
365 868 80
359 868 80
353 868 80
347 868 80
341 868 80
335 868 81
329 868 81
323 868 81
317 868 81
311 868 81
305 868 81
299 868 81
293 868 81
293 874 81
299 874 81
305 874 81
311 874 81
317 874 81
323 874 81
329 874 81
335 874 81
341 874 81
347 874 81
353 874 81
359 874 81
365 874 81
371 874 81
377 874 81
383 874 81
389 874 81
395 874 81
401 874 81
407 874 81
413 874 81
419 874 81
425 874 81
431 874 81
437 874 81
443 874 81
449 874 81
455 874 81
461 874 81
467 874 81
473 874 81
479 874 81
485 874 82
491 874 82
497 874 82
503 874 82
509 874 82
515 874 82
521 874 82
527 874 82
533 874 82
539 874 82
545 874 82
551 874 82
557 874 82
563 874 82
569 874 82
575 874 82
581 874 82
587 874 82
593 874 82
599 874 82
605 874 82
611 874 82
617 874 82
623 874 82
629 874 82
635 874 82
641 874 82
641 880 82
635 880 82
629 880 82
623 880 82
617 880 82
611 880 82
605 880 82
599 880 82
593 880 82
587 880 82
581 880 82
575 880 82
569 880 82
563 880 83
557 880 83
551 880 83
545 880 83
539 880 83
533 880 83
527 880 83
521 880 83
515 880 83
509 880 83
503 880 83
497 880 83
491 880 83
485 880 83
479 880 83
473 880 83
467 880 83
461 880 83
455 880 83
449 880 83
443 880 83
437 880 83
431 880 83
425 880 83
419 880 83
413 880 83
407 880 83
401 880 83
395 880 83
389 880 83
383 880 83
377 880 83
371 880 83
365 880 83
359 880 83
353 880 83
347 880 83
341 880 83
335 880 83
329 880 83
323 880 84
317 880 84
311 880 84
305 880 84
299 880 84
293 880 84
293 886 84
299 886 84
305 886 84
311 886 84
317 886 84
323 886 84
329 886 84
335 886 84
341 886 84
347 886 84
353 886 84
359 886 84
365 886 84
371 886 84
377 886 84
383 886 84
389 886 84
395 886 84
401 886 84
407 886 84
413 886 84
419 886 84
425 886 84
431 886 84
437 886 84
443 886 84
449 886 84
455 886 84
461 886 84
467 886 84
473 886 84
479 886 84
485 886 84
491 886 84
497 886 85
503 886 85
509 886 85
515 886 85
521 886 85
527 886 85
533 886 85
539 886 85
545 886 85
551 886 85
557 886 85
563 886 85
569 886 85
575 886 85
581 886 85
587 886 85
593 886 85
599 886 85
605 886 85
611 886 85
617 886 85
623 886 85
629 886 85
635 886 85
641 886 85
641 892 85
635 892 85
629 892 85
623 892 85
617 892 85
611 892 85
605 892 85
599 892 85
593 892 85
587 892 85
581 892 85
575 892 85
569 892 85
563 892 85
557 892 85
551 892 86
545 892 86
539 892 86
533 892 86
527 892 86
521 892 86
515 892 86
509 892 86
503 892 86
497 892 86
491 892 86
485 892 86
479 892 86
473 892 86
467 892 86
461 892 86
455 892 86
449 892 86
443 892 86
437 892 86
431 892 86
425 892 86
419 892 86
413 892 86
407 892 86
401 892 86
395 892 86
389 892 86
383 892 86
377 892 86
371 892 86
365 892 86
359 892 86
353 892 86
347 892 86
341 892 86
335 892 86
329 892 86
323 892 86
317 892 86
311 892 87
305 892 87
299 892 87
293 892 87
293 898 87
299 898 87
305 898 87
311 898 87
317 898 87
323 898 87
329 898 87
335 898 87
341 898 87
347 898 87
353 898 87
359 898 87
365 898 87
371 898 87
377 898 87
383 898 87
389 898 87
395 898 87
401 898 87
407 898 87
413 898 87
419 898 87
425 898 87
431 898 87
437 898 87
443 898 87
449 898 87
455 898 87
461 898 87
467 898 87
473 898 87
479 898 87
485 898 87
491 898 87
497 898 87
503 898 87
509 898 88
515 898 88
521 898 88
527 898 88
533 898 88
539 898 88
545 898 88
551 898 88
557 898 88
563 898 88
569 898 88
575 898 88
581 898 88
587 898 88
593 898 88
599 898 88
605 898 88
611 898 88
617 898 88
623 898 88
629 898 88
635 898 88
641 898 88
641 904 88
635 904 88
629 904 88
623 904 88
617 904 88
611 904 88
605 904 88
599 904 88
593 904 88
587 904 88
581 904 88
575 904 88
569 904 88
563 904 88
557 904 88
551 904 88
545 904 88
539 904 89
533 904 89
527 904 89
521 904 89
515 904 89
509 904 89
503 904 89
497 904 89
491 904 89
485 904 89
479 904 89
473 904 89
467 904 89
461 904 89
461 910 89
467 910 89
473 910 89
479 910 89
485 910 89
491 910 89
497 910 89
503 910 89
509 910 89
515 910 89
521 910 89
527 910 89
533 910 89
539 910 89
545 910 89
551 910 89
557 910 89
563 910 89
569 910 89
575 910 89
581 910 89
587 910 89
593 910 89
599 910 89
605 910 89
611 910 89
617 910 90
623 910 90
629 910 90
635 910 90
641 910 90
641 916 90
635 916 90
629 916 90
623 916 90
617 916 90
611 916 90
605 916 90
599 916 90
593 916 90
587 916 90
581 916 90
575 916 90
569 916 90
563 916 90
557 916 90
551 916 90
545 916 90
539 916 90
533 916 90
527 916 90
521 916 90
515 916 90
509 916 90
503 916 90
497 916 90
491 916 90
485 916 90
479 916 90
473 916 90
467 916 90
461 916 90
461 922 90
467 922 90
473 922 90
479 922 90
485 922 91
491 922 91
497 922 91
503 922 91
509 922 91
515 922 91
521 922 91
527 922 91
533 922 91
539 922 91
545 922 91
551 922 91
557 922 91
563 922 91
569 922 91
575 922 91
581 922 91
587 922 91
593 922 91
599 922 91
605 922 91
611 922 91
617 922 91
623 922 91
629 922 91
635 922 91
641 922 91
641 928 91
635 928 91
629 928 91
623 928 91
617 928 91
611 928 91
605 928 91
599 928 91
593 928 91
587 928 91
581 928 91
575 928 91
569 928 91
563 928 92
557 928 92
551 928 92
545 928 92
539 928 92
533 928 92
527 928 92
521 928 92
515 928 92
509 928 92
503 928 92
497 928 92
491 928 92
485 928 92
479 928 92
473 928 92
467 928 92
461 928 92
461 934 92
467 934 92
473 934 92
479 934 92
485 934 92
491 934 92
497 934 92
503 934 92
509 934 92
515 934 92
521 934 92
527 934 92
533 934 92
539 934 92
545 934 92
551 934 92
557 934 92
563 934 92
569 934 92
575 934 92
581 934 92
587 934 92
593 934 93
599 934 93
605 934 93
611 934 93
617 934 93
623 934 93
629 934 93
635 934 93
641 934 93
641 940 93
635 940 93
629 940 93
623 940 93
617 940 93
611 940 93
605 940 93
599 940 93
593 940 93
587 940 93
581 940 93
575 940 93
569 940 93
563 940 93
557 940 93
551 940 93
545 940 93
539 940 93
533 940 93
527 940 93
521 940 93
515 940 93
509 940 93
503 940 93
497 940 93
491 940 93
485 940 93
479 940 93
473 940 93
467 940 93
461 940 93
461 946 94
467 946 94
473 946 94
479 946 94
485 946 94
491 946 94
497 946 94
503 946 94
509 946 94
515 946 94
521 946 94
527 946 94
533 946 94
539 946 94
545 946 94
551 946 94
557 946 94
563 946 94
569 946 94
575 946 94
581 946 94
587 946 94
593 946 94
599 946 94
605 946 94
611 946 94
617 946 94
623 946 94
629 946 94
635 946 94
641 946 94
641 952 94
635 952 94
629 952 94
623 952 94
617 952 94
611 952 94
605 952 94
599 952 94
593 952 94
587 952 95
581 952 95
575 952 95
569 952 95
563 952 95
557 952 95
551 952 95
545 952 95
539 952 95
533 952 95
527 952 95
521 952 95
515 952 95
509 952 95
503 952 95
497 952 95
491 952 95
485 952 95
479 952 95
473 952 95
467 952 95
461 952 95
461 958 95
467 958 95
473 958 95
479 958 95
485 958 95
491 958 95
497 958 95
503 958 95
509 958 95
515 958 95
521 958 95
527 958 95
533 958 95
539 958 95
545 958 95
551 958 95
557 958 95
563 958 95
569 958 96
575 958 96
581 958 96
587 958 96
593 958 96
599 958 96
605 958 96
611 958 96
617 958 96
623 958 96
629 958 96
635 958 96
641 958 96
641 964 96
635 964 96
629 964 96
623 964 96
617 964 96
611 964 96
605 964 96
599 964 96
593 964 96
587 964 96
581 964 96
575 964 96
569 964 96
563 964 96
557 964 96
551 964 96
545 964 96
539 964 96
533 964 96
527 964 96
521 964 96
515 964 96
509 964 96
503 964 96
497 964 96
491 964 96
485 964 96
479 964 97
473 964 97
467 964 97
461 964 97
461 970 97
467 970 97
473 970 97
479 970 97
485 970 97
491 970 97
497 970 97
503 970 97
509 970 97
515 970 97
521 970 97
527 970 97
533 970 97
539 970 97
545 970 97
551 970 97
557 970 97
563 970 97
569 970 97
575 970 97
581 970 97
587 970 97
593 970 97
599 970 97
605 970 97
611 970 97
617 970 97
623 970 97
629 970 97
635 970 97
641 970 97
641 976 97
635 976 97
629 976 97
623 976 97
617 976 97
611 976 98
605 976 98
599 976 98
593 976 98
587 976 98
581 976 98
575 976 98
569 976 98
563 976 98
557 976 98
551 976 98
545 976 98
539 976 98
533 976 98
527 976 98
521 976 98
515 976 98
509 976 98
503 976 98
497 976 98
491 976 98
485 976 98
479 976 98
473 976 98
467 976 98
461 976 98
461 982 98
467 982 98
473 982 98
479 982 98
485 982 98
491 982 98
497 982 98
503 982 98
509 982 98
515 982 98
521 982 98
527 982 98
533 982 98
539 982 98
545 982 99
551 982 99
557 982 99
563 982 99
569 982 99
575 982 99
581 982 99
587 982 99
593 982 99
599 982 99
605 982 99
611 982 99
617 982 99
623 982 99
629 982 99
635 982 99
641 982 99
641 988 99
635 988 99
629 988 99
623 988 99
617 988 99
611 988 99
605 988 99
599 988 99
593 988 99
587 988 99
581 988 99
575 988 99
569 988 99
563 988 99
557 988 99
551 988 99
545 988 99
539 988 99
533 988 99
527 988 99
521 988 99
515 988 99
509 988 99
503 988 100
497 988 100
491 988 100
485 988 100
479 988 100
473 988 100
467 988 100
461 988 100
461 994 100
467 994 100
473 994 100
479 994 100
485 994 100
491 994 100
497 994 100
503 994 100
509 994 100
515 994 100
521 994 100
527 994 100
533 994 100
539 994 100
545 994 100
551 994 100
557 994 100
563 994 100
569 994 100
575 994 100
581 994 100
587 994 100
593 994 100
599 994 100
605 994 100
611 994 100
617 994 100
623 994 100
629 994 100
635 994 100
641 994 100
641 1000 100
635 1000 101
629 1000 101
623 1000 101
617 1000 101
611 1000 101
605 1000 101
599 1000 101
593 1000 101
587 1000 101
581 1000 101
575 1000 101
569 1000 101
563 1000 101
557 1000 101
551 1000 101
545 1000 101
539 1000 101
533 1000 101
527 1000 101
521 1000 101
515 1000 101
509 1000 101
503 1000 101
497 1000 101
491 1000 101
485 1000 101
479 1000 101
473 1000 101
467 1000 101
461 1000 101
461 1006 101
467 1006 101
473 1006 101
479 1006 101
485 1006 101
491 1006 101
497 1006 101
503 1006 101
509 1006 101
515 1006 101
521 1006 102
527 1006 102
533 1006 102
539 1006 102
545 1006 102
551 1006 102
557 1006 102
563 1006 102
569 1006 102
575 1006 102
581 1006 102
587 1006 102
593 1006 102
599 1006 102
605 1006 102
611 1006 102
617 1006 102
623 1006 102
629 1006 102
635 1006 102
641 1006 102
641 1012 102
635 1012 102
629 1012 102
623 1012 102
617 1012 102
611 1012 102
605 1012 102
599 1012 102
593 1012 102
587 1012 102
581 1012 102
575 1012 102
569 1012 102
563 1012 102
557 1012 102
551 1012 102
545 1012 102
539 1012 102
533 1012 102
527 1012 103
521 1012 103
515 1012 103
509 1012 103
503 1012 103
497 1012 103
491 1012 103
485 1012 103
479 1012 103
473 1012 103
467 1012 103
461 1012 103
461 1018 103
467 1018 103
473 1018 103
479 1018 103
485 1018 103
491 1018 103
497 1018 103
503 1018 103
509 1018 103
515 1018 103
521 1018 103
527 1018 103
533 1018 103
539 1018 103
545 1018 103
551 1018 103
557 1018 103
563 1018 103
569 1018 103
575 1018 103
581 1018 103
587 1018 103
593 1018 103
599 1018 103
605 1018 103
611 1018 103
617 1018 103
623 1018 103
629 1018 104
635 1018 104
641 1018 104
461 1024 104
467 1024 104
473 1024 104
479 1024 104
485 1024 104
491 1024 104
497 1024 104
503 1024 104
509 1024 104
515 1024 104
521 1024 104
527 1024 104
533 1024 104
539 1024 104
545 1024 104
551 1024 104
557 1024 104
563 1024 104
569 1024 104
575 1024 104
581 1024 104
587 1024 104
593 1024 104
599 1024 104
605 1024 104
611 1024 104
617 1024 104
623 1024 104
629 1024 104
635 1024 104
641 1024 104
