641 1024 0
641 1018 0
641 1012 0
641 1006 0
641 1000 0
641 994 0
641 988 0
641 982 0
641 976 0
641 970 0
641 964 0
641 958 0
641 952 0
641 946 0
641 940 0
641 934 0
641 928 0
641 922 0
641 916 0
641 910 0
641 904 0
641 898 0
641 892 0
641 886 0
635 886 0
635 892 0
635 898 0
635 904 0
635 910 0
635 916 0
635 922 0
635 928 0
635 934 0
635 940 0
635 946 0
635 952 0
635 958 0
635 964 0
635 970 0
635 976 0
635 982 1
635 988 1
635 994 1
635 1000 1
635 1006 1
635 1012 1
635 1018 1
635 1024 1
629 1024 1
629 1018 1
629 1012 1
629 1006 1
629 1000 1
629 994 1
629 988 1
629 982 1
629 976 1
629 970 1
629 964 1
629 958 1
629 952 1
629 946 1
629 940 1
629 934 1
629 928 1
629 922 1
629 916 1
629 910 1
629 904 1
629 898 1
629 892 1
629 886 1
623 886 1
623 892 1
623 898 1
623 904 1
623 910 1
623 916 1
623 922 1
623 928 1
623 934 2
623 940 2
623 946 2
623 952 2
623 958 2
623 964 2
623 970 2
623 976 2
623 982 2
623 988 2
623 994 2
623 1000 2
623 1006 2
623 1012 2
623 1018 2
623 1024 2
617 1024 2
617 1018 2
617 1012 2
617 1006 2
617 1000 2
617 994 2
617 988 2
617 982 2
617 976 2
617 970 2
617 964 2
617 958 2
617 952 2
617 946 2
617 940 2
617 934 2
617 928 2
617 922 2
617 916 2
617 910 2
617 904 2
617 898 2
617 892 2
617 886 2
611 886 3
611 892 3
611 898 3
611 904 3
611 910 3
611 916 3
611 922 3
611 928 3
611 934 3
611 940 3
611 946 3
611 952 3
611 958 3
611 964 3
611 970 3
611 976 3
611 982 3
611 988 3
611 994 3
611 1000 3
611 1006 3
611 1012 3
611 1018 3
611 1024 3
605 1024 3
605 1018 3
605 1012 3
605 1006 3
605 1000 3
605 994 3
605 988 3
605 982 3
605 976 3
605 970 3
605 964 3
605 958 3
605 952 3
605 946 3
605 940 3
605 934 3
605 928 4
605 922 4
605 916 4
605 910 4
605 904 4
605 898 4
605 892 4
605 886 4
599 886 4
599 892 4
599 898 4
599 904 4
599 910 4
599 916 4
599 922 4
599 928 4
599 934 4
599 940 4
599 946 4
599 952 4
599 958 4
599 964 4
599 970 4
599 976 4
599 982 4
599 988 4
599 994 4
599 1000 4
599 1006 4
599 1012 4
599 1018 4
599 1024 4
593 1024 4
593 1018 4
593 1012 4
593 1006 4
593 1000 4
593 994 4
593 988 4
593 982 4
593 976 5
593 970 5
593 964 5
593 958 5
593 952 5
593 946 5
593 940 5
593 934 5
593 928 5
593 922 5
593 916 5
593 910 5
593 904 5
593 898 5
593 892 5
593 886 5
587 886 5
587 892 5
587 898 5
587 904 5
587 910 5
587 916 5
587 922 5
587 928 5
587 934 5
587 940 5
587 946 5
587 952 5
587 958 5
587 964 5
587 970 5
587 976 5
587 982 5
587 988 5
587 994 5
587 1000 5
587 1006 5
587 1012 5
587 1018 5
587 1024 5
581 1024 6
581 1018 6
581 1012 6
581 1006 6
581 1000 6
581 994 6
581 988 6
581 982 6
581 976 6
581 970 6
581 964 6
581 958 6
581 952 6
581 946 6
581 940 6
581 934 6
581 928 6
581 922 6
581 916 6
581 910 6
581 904 6
581 898 6
581 892 6
581 886 6
575 886 6
575 892 6
575 898 6
575 904 6
575 910 6
575 916 6
575 922 6
575 928 6
575 934 6
575 940 6
575 946 6
575 952 6
575 958 6
575 964 6
575 970 6
575 976 6
575 982 7
575 988 7
575 994 7
575 1000 7
575 1006 7
575 1012 7
575 1018 7
575 1024 7
569 1024 7
569 1018 7
569 1012 7
569 1006 7
569 1000 7
569 994 7
569 988 7
569 982 7
569 976 7
569 970 7
569 964 7
569 958 7
569 952 7
569 946 7
569 940 7
569 934 7
569 928 7
569 922 7
569 916 7
569 910 7
569 904 7
569 898 7
569 892 7
569 886 7
563 886 7
563 892 7
563 898 7
563 904 7
563 910 7
563 916 7
563 922 7
563 928 7
563 934 8
563 940 8
563 946 8
563 952 8
563 958 8
563 964 8
563 970 8
563 976 8
563 982 8
563 988 8
563 994 8
563 1000 8
563 1006 8
563 1012 8
563 1018 8
563 1024 8
557 1024 8
557 1018 8
557 1012 8
557 1006 8
557 1000 8
557 994 8
557 988 8
557 982 8
557 976 8
557 970 8
557 964 8
557 958 8
557 952 8
557 946 8
557 940 8
557 934 8
557 928 8
557 922 8
557 916 8
557 910 8
557 904 8
557 898 8
557 892 8
557 886 8
551 886 9
551 892 9
551 898 9
551 904 9
551 910 9
551 916 9
551 922 9
551 928 9
551 934 9
551 940 9
551 946 9
551 952 9
551 958 9
551 964 9
551 970 9
551 976 9
551 982 9
551 988 9
551 994 9
551 1000 9
551 1006 9
551 1012 9
551 1018 9
551 1024 9
545 1024 9
545 1018 9
545 1012 9
545 1006 9
545 1000 9
545 994 9
545 988 9
545 982 9
545 976 9
545 970 9
545 964 9
545 958 9
545 952 9
545 946 9
545 940 9
545 934 9
545 928 10
545 922 10
545 916 10
545 910 10
545 904 10
545 898 10
545 892 10
545 886 10
539 886 10
539 892 10
539 898 10
539 904 10
539 910 10
539 916 10
539 922 10
539 928 10
539 934 10
539 940 10
539 946 10
539 952 10
539 958 10
539 964 10
539 970 10
539 976 10
539 982 10
539 988 10
539 994 10
539 1000 10
539 1006 10
539 1012 10
539 1018 10
539 1024 10
533 1024 10
533 1018 10
533 1012 10
533 1006 10
533 1000 10
533 994 10
533 988 10
533 982 10
533 976 11
533 970 11
533 964 11
533 958 11
533 952 11
533 946 11
533 940 11
533 934 11
533 928 11
533 922 11
533 916 11
533 910 11
533 904 11
533 898 11
533 892 11
533 886 11
527 886 11
527 892 11
527 898 11
527 904 11
527 910 11
527 916 11
527 922 11
527 928 11
527 934 11
527 940 11
527 946 11
527 952 11
527 958 11
527 964 11
527 970 11
527 976 11
527 982 11
527 988 11
527 994 11
527 1000 11
527 1006 11
527 1012 11
527 1018 11
527 1024 11
521 1024 12
521 1018 12
521 1012 12
521 1006 12
521 1000 12
521 994 12
521 988 12
521 982 12
521 976 12
521 970 12
521 964 12
521 958 12
521 952 12
521 946 12
521 940 12
521 934 12
521 928 12
521 922 12
521 916 12
521 910 12
521 904 12
521 898 12
521 892 12
521 886 12
515 886 12
515 892 12
515 898 12
515 904 12
515 910 12
515 916 12
515 922 12
515 928 12
515 934 12
515 940 12
515 946 12
515 952 12
515 958 12
515 964 12
515 970 12
515 976 12
515 982 13
515 988 13
515 994 13
515 1000 13
515 1006 13
515 1012 13
515 1018 13
515 1024 13
509 1024 13
509 1018 13
509 1012 13
509 1006 13
509 1000 13
509 994 13
509 988 13
509 982 13
509 976 13
509 970 13
509 964 13
509 958 13
509 952 13
509 946 13
509 940 13
509 934 13
509 928 13
509 922 13
509 916 13
509 910 13
509 904 13
509 898 13
509 892 13
509 886 13
503 886 13
503 892 13
503 898 13
503 904 13
503 910 13
503 916 13
503 922 13
503 928 13
503 934 14
503 940 14
503 946 14
503 952 14
503 958 14
503 964 14
503 970 14
503 976 14
503 982 14
503 988 14
503 994 14
503 1000 14
503 1006 14
503 1012 14
503 1018 14
503 1024 14
497 1024 14
497 1018 14
497 1012 14
497 1006 14
497 1000 14
497 994 14
497 988 14
497 982 14
497 976 14
497 970 14
497 964 14
497 958 14
497 952 14
497 946 14
497 940 14
497 934 14
497 928 14
497 922 14
497 916 14
497 910 14
497 904 14
497 898 14
497 892 14
497 886 14
491 886 15
491 892 15
491 898 15
491 904 15
491 910 15
491 916 15
491 922 15
491 928 15
491 934 15
491 940 15
491 946 15
491 952 15
491 958 15
491 964 15
491 970 15
491 976 15
491 982 15
491 988 15
491 994 15
491 1000 15
491 1006 15
491 1012 15
491 1018 15
491 1024 15
485 1024 15
485 1018 15
485 1012 15
485 1006 15
485 1000 15
485 994 15
485 988 15
485 982 15
485 976 15
485 970 15
485 964 15
485 958 15
485 952 15
485 946 15
485 940 15
485 934 15
485 928 16
485 922 16
485 916 16
485 910 16
485 904 16
485 898 16
485 892 16
485 886 16
479 886 16
479 892 16
479 898 16
479 904 16
479 910 16
479 916 16
479 922 16
479 928 16
479 934 16
479 940 16
479 946 16
479 952 16
479 958 16
479 964 16
479 970 16
479 976 16
479 982 16
479 988 16
479 994 16
479 1000 16
479 1006 16
479 1012 16
479 1018 16
479 1024 16
473 1024 16
473 1018 16
473 1012 16
473 1006 16
473 1000 16
473 994 16
473 988 16
473 982 16
473 976 17
473 970 17
473 964 17
473 958 17
473 952 17
473 946 17
473 940 17
473 934 17
473 928 17
473 922 17
473 916 17
473 910 17
473 904 17
473 898 17
473 892 17
473 886 17
467 886 17
467 892 17
467 898 17
467 904 17
467 910 17
467 916 17
467 922 17
467 928 17
467 934 17
467 940 17
467 946 17
467 952 17
467 958 17
467 964 17
467 970 17
467 976 17
467 982 17
467 988 17
467 994 17
467 1000 17
467 1006 17
467 1012 17
467 1018 17
467 1024 17
461 1024 18
461 1018 18
461 1012 18
461 1006 18
461 1000 18
461 994 18
461 988 18
461 982 18
461 976 18
461 970 18
461 964 18
461 958 18
461 952 18
461 946 18
461 940 18
461 934 18
461 928 18
461 922 18
461 916 18
461 910 18
461 904 18
461 898 18
461 892 18
461 886 18
455 886 18
455 892 18
455 898 18
449 898 18
449 892 18
449 886 18
443 886 18
443 892 18
443 898 18
437 898 18
437 892 18
437 886 18
431 886 18
431 892 18
431 898 18
425 898 18
425 892 19
425 886 19
419 886 19
419 892 19
419 898 19
413 898 19
413 892 19
413 886 19
407 886 19
407 892 19
407 898 19
401 898 19
401 892 19
401 886 19
395 886 19
395 892 19
395 898 19
389 898 19
389 892 19
389 886 19
383 886 19
383 892 19
383 898 19
377 898 19
377 892 19
377 886 19
371 886 19
371 892 19
371 898 19
365 898 19
365 892 19
365 886 19
359 886 19
359 892 19
359 898 19
353 898 19
353 892 19
353 886 19
347 886 19
347 892 19
347 898 20
341 898 20
341 892 20
341 886 20
335 886 20
335 892 20
335 898 20
329 898 20
329 892 20
329 886 20
323 886 20
323 892 20
323 898 20
317 898 20
317 892 20
317 886 20
311 886 20
311 892 20
311 898 20
305 898 20
305 892 20
305 886 20
299 886 20
299 892 20
299 898 20
293 898 20
293 892 20
293 886 20
215 772 20
215 766 20
215 760 20
215 754 20
215 748 20
215 742 20
215 736 20
221 736 20
221 742 20
221 748 20
221 754 20
221 760 20
221 766 21
221 772 21
227 772 21
227 766 21
227 760 21
227 754 21
227 748 21
227 742 21
227 736 21
233 736 21
233 742 21
233 748 21
233 754 21
233 760 21
233 766 21
233 772 21
239 772 21
239 766 21
239 760 21
239 754 21
239 748 21
239 742 21
239 736 21
245 736 21
245 742 21
245 748 21
245 754 21
245 760 21
245 766 21
245 772 21
251 772 21
251 766 21
251 760 21
251 754 21
251 748 21
251 742 21
251 736 21
257 736 21
257 742 21
257 748 21
257 754 22
257 760 22
257 766 22
257 772 22
263 772 22
263 766 22
263 760 22
263 754 22
263 748 22
263 742 22
263 736 22
269 736 22
269 742 22
269 748 22
269 754 22
269 760 22
269 766 22
269 772 22
275 772 22
275 766 22
275 760 22
275 754 22
275 748 22
275 742 22
275 736 22
281 736 22
281 742 22
281 748 22
281 754 22
281 760 22
281 766 22
281 772 22
287 772 22
287 766 22
287 760 22
287 754 22
287 748 22
287 742 22
287 736 22
293 736 22
293 742 23
293 748 23
293 754 23
293 760 23
293 766 23
293 772 23
293 778 23
293 784 23
293 790 23
293 796 23
293 802 23
293 808 23
293 814 23
293 820 23
293 826 23
293 832 23
293 838 23
293 844 23
293 850 23
293 856 23
293 862 23
293 868 23
293 874 23
293 880 23
299 880 23
299 874 23
299 868 23
299 862 23
299 856 23
299 850 23
299 844 23
299 838 23
299 832 23
299 826 23
299 820 23
299 814 23
299 808 23
299 802 23
299 796 23
299 790 23
299 784 24
299 778 24
299 772 24
299 766 24
299 760 24
299 754 24
299 748 24
299 742 24
299 736 24
305 736 24
305 742 24
305 748 24
305 754 24
305 760 24
305 766 24
305 772 24
305 778 24
305 784 24
305 790 24
305 796 24
305 802 24
305 808 24
305 814 24
305 820 24
305 826 24
305 832 24
305 838 24
305 844 24
305 850 24
305 856 24
305 862 24
305 868 24
305 874 24
305 880 24
311 880 24
311 874 24
311 868 24
311 862 24
311 856 24
311 850 24
311 844 25
311 838 25
311 832 25
311 826 25
311 820 25
311 814 25
311 808 25
311 802 25
311 796 25
311 790 25
311 784 25
311 778 25
311 772 25
311 766 25
311 760 25
311 754 25
311 748 25
311 742 25
311 736 25
317 736 25
317 742 25
317 748 25
317 754 25
317 760 25
317 766 25
317 772 25
317 778 25
317 784 25
317 790 25
317 796 25
317 802 25
317 808 25
317 814 25
317 820 25
317 826 25
317 832 25
317 838 25
317 844 25
317 850 25
317 856 25
317 862 26
317 868 26
317 874 26
317 880 26
323 880 26
323 874 26
323 868 26
323 862 26
323 856 26
323 850 26
323 844 26
323 838 26
323 832 26
323 826 26
323 820 26
323 814 26
323 808 26
323 802 26
323 796 26
323 790 26
323 784 26
323 778 26
323 772 26
323 766 26
323 760 26
323 754 26
323 748 26
323 742 26
323 736 26
329 736 26
329 742 26
329 748 26
329 754 26
329 760 26
329 766 26
329 772 26
329 778 26
329 784 26
329 790 26
329 796 26
329 802 27
329 808 27
329 814 27
329 820 27
329 826 27
329 832 27
329 838 27
329 844 27
329 850 27
329 856 27
329 862 27
329 868 27
329 874 27
329 880 27
335 880 27
335 874 27
335 868 27
335 862 27
335 856 27
335 850 27
335 844 27
335 838 27
335 832 27
335 826 27
335 820 27
335 814 27
335 808 27
335 802 27
335 796 27
335 790 27
335 784 27
335 778 27
335 772 27
335 766 27
335 760 27
335 754 27
335 748 27
335 742 27
335 736 27
341 736 27
341 742 28
341 748 28
341 754 28
341 760 28
341 766 28
341 772 28
341 778 28
341 784 28
341 790 28
341 796 28
341 802 28
341 808 28
341 814 28
341 820 28
341 826 28
341 832 28
341 838 28
341 844 28
341 850 28
341 856 28
341 862 28
341 868 28
341 874 28
341 880 28
347 880 28
347 874 28
347 868 28
347 862 28
347 856 28
347 850 28
347 844 28
347 838 28
347 832 28
347 826 28
347 820 28
347 814 28
347 808 28
347 802 28
347 796 28
347 790 28
347 784 29
347 778 29
347 772 29
347 766 29
347 760 29
347 754 29
347 748 29
347 742 29
347 736 29
353 736 29
353 742 29
353 748 29
353 754 29
353 760 29
353 766 29
353 772 29
353 778 29
353 784 29
353 790 29
353 796 29
353 802 29
353 808 29
353 814 29
353 820 29
353 826 29
353 832 29
353 838 29
353 844 29
353 850 29
353 856 29
353 862 29
353 868 29
353 874 29
353 880 29
359 880 29
359 874 29
359 868 29
359 862 29
359 856 29
359 850 29
359 844 30
359 838 30
359 832 30
359 826 30
359 820 30
359 814 30
359 808 30
359 802 30
359 796 30
359 790 30
359 784 30
359 778 30
359 772 30
359 766 30
359 760 30
359 754 30
359 748 30
359 742 30
359 736 30
365 736 30
365 742 30
365 748 30
365 754 30
365 760 30
365 766 30
365 772 30
365 778 30
365 784 30
365 790 30
365 796 30
365 802 30
365 808 30
365 814 30
365 820 30
365 826 30
365 832 30
365 838 30
365 844 30
365 850 30
365 856 30
365 862 31
365 868 31
365 874 31
365 880 31
371 880 31
371 874 31
371 868 31
371 862 31
371 856 31
371 850 31
371 844 31
371 838 31
371 832 31
371 826 31
371 820 31
371 814 31
371 808 31
371 802 31
371 796 31
371 790 31
371 784 31
371 778 31
371 772 31
371 766 31
371 760 31
371 754 31
371 748 31
371 742 31
371 736 31
377 736 31
377 742 31
377 748 31
377 754 31
377 760 31
377 766 31
377 772 31
377 778 31
377 784 31
377 790 31
377 796 31
377 802 32
377 808 32
377 814 32
377 820 32
377 826 32
377 832 32
377 838 32
377 844 32
377 850 32
377 856 32
377 862 32
377 868 32
377 874 32
377 880 32
383 880 32
383 874 32
383 868 32
383 862 32
383 856 32
383 850 32
383 844 32
383 838 32
383 832 32
383 826 32
383 820 32
383 814 32
383 808 32
383 802 32
383 796 32
383 790 32
383 784 32
383 778 32
383 772 32
383 766 32
383 760 32
383 754 32
383 748 32
383 742 32
383 736 32
389 736 32
389 742 33
389 748 33
389 754 33
389 760 33
389 766 33
389 772 33
389 778 33
389 784 33
389 790 33
389 796 33
389 802 33
389 808 33
389 814 33
389 820 33
389 826 33
389 832 33
389 838 33
389 844 33
389 850 33
389 856 33
389 862 33
389 868 33
389 874 33
389 880 33
395 880 33
395 874 33
395 868 33
395 862 33
395 856 33
395 850 33
395 844 33
395 838 33
395 832 33
395 826 33
395 820 33
395 814 33
395 808 33
395 802 33
395 796 33
395 790 33
395 784 34
395 778 34
395 772 34
395 766 34
395 760 34
395 754 34
395 748 34
395 742 34
395 736 34
401 736 34
401 742 34
401 748 34
401 754 34
401 760 34
401 766 34
401 772 34
401 778 34
401 784 34
401 790 34
401 796 34
401 802 34
401 808 34
401 814 34
401 820 34
401 826 34
401 832 34
401 838 34
401 844 34
401 850 34
401 856 34
401 862 34
401 868 34
401 874 34
401 880 34
407 880 34
407 874 34
407 868 34
407 862 34
407 856 34
407 850 34
407 844 35
407 838 35
407 832 35
407 826 35
407 820 35
407 814 35
407 808 35
407 802 35
407 796 35
407 790 35
407 784 35
407 778 35
407 772 35
407 766 35
407 760 35
407 754 35
407 748 35
407 742 35
407 736 35
413 736 35
413 742 35
413 748 35
413 754 35
413 760 35
413 766 35
413 772 35
413 778 35
413 784 35
413 790 35
413 796 35
413 802 35
413 808 35
413 814 35
413 820 35
413 826 35
413 832 35
413 838 35
413 844 35
413 850 35
413 856 35
413 862 36
413 868 36
413 874 36
413 880 36
419 880 36
419 874 36
419 868 36
419 862 36
419 856 36
419 850 36
419 844 36
419 838 36
419 832 36
419 826 36
419 820 36
419 814 36
419 808 36
419 802 36
419 796 36
419 790 36
419 784 36
419 778 36
419 772 36
419 766 36
419 760 36
419 754 36
419 748 36
419 742 36
419 736 36
425 736 36
425 742 36
425 748 36
425 754 36
425 760 36
425 766 36
425 772 36
425 778 36
425 784 36
425 790 36
425 796 36
425 802 37
425 808 37
425 814 37
425 820 37
425 826 37
425 832 37
425 838 37
425 844 37
425 850 37
425 856 37
425 862 37
425 868 37
425 874 37
425 880 37
431 880 37
431 874 37
431 868 37
431 862 37
431 856 37
431 850 37
431 844 37
431 838 37
431 832 37
431 826 37
431 820 37
431 814 37
431 808 37
431 802 37
431 796 37
431 790 37
431 784 37
431 778 37
431 772 37
431 766 37
431 760 37
431 754 37
431 748 37
431 742 37
431 736 37
437 736 37
437 742 38
437 748 38
437 754 38
437 760 38
437 766 38
437 772 38
437 778 38
437 784 38
437 790 38
437 796 38
437 802 38
437 808 38
437 814 38
437 820 38
437 826 38
437 832 38
437 838 38
437 844 38
437 850 38
437 856 38
437 862 38
437 868 38
437 874 38
437 880 38
443 880 38
443 874 38
443 868 38
443 862 38
443 856 38
443 850 38
443 844 38
443 838 38
443 832 38
443 826 38
443 820 38
443 814 38
443 808 38
443 802 38
443 796 38
443 790 38
443 784 39
443 778 39
443 772 39
443 766 39
443 760 39
443 754 39
443 748 39
443 742 39
443 736 39
449 736 39
449 742 39
449 748 39
449 754 39
449 760 39
449 766 39
449 772 39
449 778 39
449 784 39
449 790 39
449 796 39
449 802 39
449 808 39
449 814 39
449 820 39
449 826 39
449 832 39
449 838 39
449 844 39
449 850 39
449 856 39
449 862 39
449 868 39
449 874 39
449 880 39
455 880 39
455 874 39
455 868 39
455 862 39
455 856 39
455 850 39
455 844 40
455 838 40
455 832 40
455 826 40
455 820 40
455 814 40
455 808 40
455 802 40
455 796 40
455 790 40
455 784 40
455 778 40
455 772 40
455 766 40
455 760 40
455 754 40
455 748 40
455 742 40
455 736 40
461 736 40
461 742 40
461 748 40
461 754 40
461 760 40
461 766 40
461 772 40
461 778 40
461 784 40
461 790 40
461 796 40
461 802 40
461 808 40
461 814 40
461 820 40
461 826 40
461 832 40
461 838 40
461 844 40
461 850 40
461 856 40
461 862 41
461 868 41
461 874 41
461 880 41
467 880 41
467 874 41
467 868 41
467 862 41
467 856 41
467 850 41
467 844 41
467 838 41
467 832 41
467 826 41
467 820 41
467 814 41
467 808 41
467 802 41
467 796 41
467 790 41
467 784 41
467 778 41
467 772 41
467 766 41
467 760 41
467 754 41
467 748 41
467 742 41
467 736 41
473 736 41
473 742 41
473 748 41
473 754 41
473 760 41
473 766 41
473 772 41
473 778 41
473 784 41
473 790 41
473 796 41
473 802 42
473 808 42
473 814 42
473 820 42
473 826 42
473 832 42
473 838 42
473 844 42
473 850 42
473 856 42
473 862 42
473 868 42
473 874 42
473 880 42
479 880 42
479 874 42
479 868 42
479 862 42
479 856 42
479 850 42
479 844 42
479 838 42
479 832 42
479 826 42
479 820 42
479 814 42
479 808 42
479 802 42
479 796 42
479 790 42
479 784 42
479 778 42
479 772 42
479 766 42
479 760 42
479 754 42
479 748 42
479 742 42
479 736 42
485 736 42
485 742 43
485 748 43
485 754 43
485 760 43
485 766 43
485 772 43
485 778 43
485 784 43
485 790 43
485 796 43
485 802 43
485 808 43
485 814 43
485 820 43
485 826 43
485 832 43
485 838 43
485 844 43
485 850 43
485 856 43
485 862 43
485 868 43
485 874 43
485 880 43
491 880 43
491 874 43
491 868 43
491 862 43
491 856 43
491 850 43
491 844 43
491 838 43
491 832 43
491 826 43
491 820 43
491 814 43
491 808 43
491 802 43
491 796 43
491 790 43
491 784 44
491 778 44
491 772 44
491 766 44
491 760 44
491 754 44
491 748 44
491 742 44
491 736 44
497 736 44
497 742 44
497 748 44
497 754 44
497 760 44
497 766 44
497 772 44
497 778 44
497 784 44
497 790 44
497 796 44
497 802 44
497 808 44
497 814 44
497 820 44
497 826 44
497 832 44
497 838 44
497 844 44
497 850 44
497 856 44
497 862 44
497 868 44
497 874 44
497 880 44
503 880 44
503 874 44
503 868 44
503 862 44
503 856 44
503 850 44
503 844 45
503 838 45
503 832 45
503 826 45
503 820 45
503 814 45
503 808 45
503 802 45
503 796 45
503 790 45
503 784 45
503 778 45
503 772 45
503 766 45
503 760 45
503 754 45
503 748 45
503 742 45
503 736 45
509 736 45
509 742 45
509 748 45
509 754 45
509 760 45
509 766 45
509 772 45
509 778 45
509 784 45
509 790 45
509 796 45
509 802 45
509 808 45
509 814 45
509 820 45
509 826 45
509 832 45
509 838 45
509 844 45
509 850 45
509 856 45
509 862 46
509 868 46
509 874 46
509 880 46
515 880 46
515 874 46
515 868 46
515 862 46
515 856 46
515 850 46
515 844 46
515 838 46
515 832 46
515 826 46
515 820 46
515 814 46
515 808 46
515 802 46
515 796 46
515 790 46
515 784 46
515 778 46
515 772 46
515 766 46
515 760 46
515 754 46
515 748 46
515 742 46
515 736 46
521 736 46
521 742 46
521 748 46
521 754 46
521 760 46
521 766 46
521 772 46
521 778 46
521 784 46
521 790 46
521 796 46
521 802 47
521 808 47
521 814 47
521 820 47
521 826 47
521 832 47
521 838 47
521 844 47
521 850 47
521 856 47
521 862 47
521 868 47
521 874 47
521 880 47
527 880 47
527 874 47
527 868 47
527 862 47
527 856 47
527 850 47
527 844 47
527 838 47
527 832 47
527 826 47
527 820 47
527 814 47
527 808 47
527 802 47
527 796 47
527 790 47
527 784 47
527 778 47
527 772 47
527 766 47
527 760 47
527 754 47
527 748 47
527 742 47
527 736 47
533 736 47
533 742 48
533 748 48
533 754 48
533 760 48
533 766 48
533 772 48
533 778 48
533 784 48
533 790 48
533 796 48
533 802 48
533 808 48
533 814 48
533 820 48
533 826 48
533 832 48
533 838 48
533 844 48
533 850 48
533 856 48
533 862 48
533 868 48
533 874 48
533 880 48
539 880 48
539 874 48
539 868 48
539 862 48
539 856 48
539 850 48
539 844 48
539 838 48
539 832 48
539 826 48
539 820 48
539 814 48
539 808 48
539 802 48
539 796 48
539 790 48
539 784 49
539 778 49
539 772 49
539 766 49
539 760 49
539 754 49
539 748 49
539 742 49
539 736 49
545 736 49
545 742 49
545 748 49
545 754 49
545 760 49
545 766 49
545 772 49
545 778 49
545 784 49
545 790 49
545 796 49
545 802 49
545 808 49
545 814 49
545 820 49
545 826 49
545 832 49
545 838 49
545 844 49
545 850 49
545 856 49
545 862 49
545 868 49
545 874 49
545 880 49
551 880 49
551 874 49
551 868 49
551 862 49
551 856 49
551 850 49
551 844 50
551 838 50
551 832 50
551 826 50
551 820 50
551 814 50
551 808 50
551 802 50
551 796 50
551 790 50
551 784 50
551 778 50
551 772 50
551 766 50
551 760 50
551 754 50
551 748 50
551 742 50
551 736 50
557 736 50
557 742 50
557 748 50
557 754 50
557 760 50
557 766 50
557 772 50
557 778 50
557 784 50
557 790 50
557 796 50
557 802 50
557 808 50
557 814 50
557 820 50
557 826 50
557 832 50
557 838 50
557 844 50
557 850 50
557 856 50
557 862 51
557 868 51
557 874 51
557 880 51
563 880 51
563 874 51
563 868 51
563 862 51
563 856 51
563 850 51
563 844 51
563 838 51
563 832 51
563 826 51
563 820 51
563 814 51
563 808 51
563 802 51
563 796 51
563 790 51
563 784 51
563 778 51
563 772 51
563 766 51
563 760 51
563 754 51
563 748 51
563 742 51
563 736 51
569 736 51
569 742 51
569 748 51
569 754 51
569 760 51
569 766 51
569 772 51
569 778 51
569 784 51
569 790 51
569 796 51
569 802 52
569 808 52
569 814 52
569 820 52
569 826 52
569 832 52
569 838 52
569 844 52
569 850 52
569 856 52
569 862 52
569 868 52
569 874 52
569 880 52
575 880 52
575 874 52
575 868 52
575 862 52
575 856 52
575 850 52
575 844 52
575 838 52
575 832 52
575 826 52
575 820 52
575 814 52
575 808 52
575 802 52
575 796 52
575 790 52
575 784 52
575 778 52
575 772 52
575 766 52
575 760 52
575 754 52
575 748 52
575 742 52
575 736 52
581 736 52
581 742 53
581 748 53
581 754 53
581 760 53
581 766 53
581 772 53
581 778 53
581 784 53
581 790 53
581 796 53
581 802 53
581 808 53
581 814 53
581 820 53
581 826 53
581 832 53
581 838 53
581 844 53
581 850 53
581 856 53
581 862 53
581 868 53
581 874 53
581 880 53
587 880 53
587 874 53
587 868 53
587 862 53
587 856 53
587 850 53
587 844 53
587 838 53
587 832 53
587 826 53
587 820 53
587 814 53
587 808 53
587 802 53
587 796 53
587 790 53
587 784 54
587 778 54
587 772 54
587 766 54
587 760 54
587 754 54
587 748 54
587 742 54
587 736 54
593 736 54
593 742 54
593 748 54
593 754 54
593 760 54
593 766 54
593 772 54
593 778 54
593 784 54
593 790 54
593 796 54
593 802 54
593 808 54
593 814 54
593 820 54
593 826 54
593 832 54
593 838 54
593 844 54
593 850 54
593 856 54
593 862 54
593 868 54
593 874 54
593 880 54
599 880 54
599 874 54
599 868 54
599 862 54
599 856 54
599 850 54
599 844 55
599 838 55
599 832 55
599 826 55
599 820 55
599 814 55
599 808 55
599 802 55
599 796 55
599 790 55
599 784 55
599 778 55
599 772 55
599 766 55
599 760 55
599 754 55
599 748 55
599 742 55
599 736 55
605 736 55
605 742 55
605 748 55
605 754 55
605 760 55
605 766 55
605 772 55
605 778 55
605 784 55
605 790 55
605 796 55
605 802 55
605 808 55
605 814 55
605 820 55
605 826 55
605 832 55
605 838 55
605 844 55
605 850 55
605 856 55
605 862 56
605 868 56
605 874 56
605 880 56
611 880 56
611 874 56
611 868 56
611 862 56
611 856 56
611 850 56
611 844 56
611 838 56
611 832 56
611 826 56
611 820 56
611 814 56
611 808 56
611 802 56
611 796 56
611 790 56
611 784 56
611 778 56
611 772 56
611 766 56
611 760 56
611 754 56
611 748 56
611 742 56
611 736 56
617 736 56
617 742 56
617 748 56
617 754 56
617 760 56
617 766 56
617 772 56
617 778 56
617 784 56
617 790 56
617 796 56
617 802 57
617 808 57
617 814 57
617 820 57
617 826 57
617 832 57
617 838 57
617 844 57
617 850 57
617 856 57
617 862 57
617 868 57
617 874 57
617 880 57
623 880 57
623 874 57
623 868 57
623 862 57
623 856 57
623 850 57
623 844 57
623 838 57
623 832 57
623 826 57
623 820 57
623 814 57
623 808 57
623 802 57
623 796 57
623 790 57
623 784 57
623 778 57
623 772 57
623 766 57
623 760 57
623 754 57
623 748 57
623 742 57
623 736 57
629 736 57
629 742 58
629 748 58
629 754 58
629 760 58
629 766 58
629 772 58
629 778 58
629 784 58
629 790 58
629 796 58
629 802 58
629 808 58
629 814 58
629 820 58
629 826 58
629 832 58
629 838 58
629 844 58
629 850 58
629 856 58
629 862 58
629 868 58
629 874 58
629 880 58
635 880 58
635 874 58
635 868 58
635 862 58
635 856 58
635 850 58
635 844 58
635 838 58
635 832 58
635 826 58
635 820 58
635 814 58
635 808 58
635 802 58
635 796 58
635 790 58
635 784 59
635 778 59
635 772 59
635 766 59
635 760 59
635 754 59
635 748 59
635 742 59
635 736 59
641 880 59
641 874 59
641 868 59
641 862 59
641 856 59
641 850 59
641 844 59
641 838 59
641 832 59
641 826 59
641 820 59
641 814 59
641 808 59
641 802 59
641 796 59
641 790 59
641 784 59
641 778 59
641 772 59
641 766 59
641 760 59
641 754 59
641 748 59
641 742 59
641 736 59
641 730 59
641 724 59
641 718 59
641 712 59
641 706 59
641 700 59
641 694 60
641 688 60
641 682 60
641 676 60
641 670 60
641 664 60
641 658 60
641 652 60
641 646 60
641 640 60
641 634 60
641 628 60
641 622 60
641 616 60
641 610 60
641 604 60
641 598 60
641 592 60
641 586 60
635 586 60
635 592 60
635 598 60
635 604 60
635 610 60
635 616 60
635 622 60
635 628 60
635 634 60
635 640 60
635 646 60
635 652 60
635 658 60
635 664 60
635 670 60
635 676 60
635 682 60
635 688 60
635 694 60
635 700 60
635 706 60
635 712 61
635 718 61
635 724 61
635 730 61
629 730 61
629 724 61
629 718 61
629 712 61
629 706 61
629 700 61
629 694 61
629 688 61
629 682 61
629 676 61
629 670 61
629 664 61
629 658 61
629 652 61
629 646 61
629 640 61
629 634 61
629 628 61
629 622 61
629 616 61
629 610 61
629 604 61
629 598 61
629 592 61
629 586 61
623 586 61
623 592 61
623 598 61
623 604 61
623 610 61
623 616 61
623 622 61
623 628 61
623 634 61
623 640 61
623 646 61
623 652 62
623 658 62
623 664 62
623 670 62
623 676 62
623 682 62
623 688 62
623 694 62
623 700 62
623 706 62
623 712 62
623 718 62
623 724 62
623 730 62
617 730 62
617 724 62
617 718 62
617 712 62
617 706 62
617 700 62
617 694 62
617 688 62
617 682 62
617 676 62
617 670 62
617 664 62
617 658 62
617 652 62
617 646 62
617 640 62
617 634 62
617 628 62
617 622 62
617 616 62
617 610 62
617 604 62
617 598 62
617 592 62
617 586 62
611 586 62
611 592 63
611 598 63
611 604 63
611 610 63
611 616 63
611 622 63
611 628 63
611 634 63
611 640 63
611 646 63
611 652 63
611 658 63
611 664 63
611 670 63
611 676 63
611 682 63
611 688 63
611 694 63
611 700 63
611 706 63
611 712 63
611 718 63
611 724 63
611 730 63
605 730 63
605 724 63
605 718 63
605 712 63
605 706 63
605 700 63
605 694 63
605 688 63
605 682 63
605 676 63
605 670 63
605 664 63
605 658 63
605 652 63
605 646 63
605 640 63
605 634 64
605 628 64
605 622 64
605 616 64
605 610 64
605 604 64
605 598 64
605 592 64
605 586 64
599 586 64
599 592 64
599 598 64
599 604 64
599 610 64
599 616 64
599 622 64
599 628 64
599 634 64
599 640 64
599 646 64
599 652 64
599 658 64
599 664 64
599 670 64
599 676 64
599 682 64
599 688 64
599 694 64
599 700 64
599 706 64
599 712 64
599 718 64
599 724 64
599 730 64
593 730 64
593 724 64
593 718 64
593 712 64
593 706 64
593 700 64
593 694 65
593 688 65
593 682 65
593 676 65
593 670 65
593 664 65
593 658 65
593 652 65
593 646 65
593 640 65
593 634 65
593 628 65
593 622 65
593 616 65
593 610 65
593 604 65
593 598 65
593 592 65
593 586 65
587 586 65
587 592 65
587 598 65
587 604 65
587 610 65
587 616 65
587 622 65
587 628 65
587 634 65
587 640 65
587 646 65
587 652 65
587 658 65
587 664 65
587 670 65
587 676 65
587 682 65
587 688 65
587 694 65
587 700 65
587 706 65
587 712 66
587 718 66
587 724 66
587 730 66
581 730 66
581 724 66
581 718 66
581 712 66
581 706 66
581 700 66
581 694 66
581 688 66
581 682 66
581 676 66
581 670 66
581 664 66
581 658 66
581 652 66
581 646 66
581 640 66
581 634 66
581 628 66
581 622 66
581 616 66
581 610 66
581 604 66
581 598 66
581 592 66
581 586 66
575 586 66
575 592 66
575 598 66
575 604 66
575 610 66
575 616 66
575 622 66
575 628 66
575 634 66
575 640 66
575 646 66
575 652 67
575 658 67
575 664 67
575 670 67
575 676 67
575 682 67
575 688 67
575 694 67
575 700 67
575 706 67
575 712 67
575 718 67
575 724 67
575 730 67
569 730 67
569 724 67
569 718 67
569 712 67
569 706 67
569 700 67
569 694 67
569 688 67
569 682 67
569 676 67
569 670 67
569 664 67
569 658 67
569 652 67
569 646 67
569 640 67
569 634 67
569 628 67
569 622 67
569 616 67
569 610 67
569 604 67
569 598 67
569 592 67
569 586 67
563 586 67
563 592 68
563 598 68
563 604 68
563 610 68
563 616 68
563 622 68
563 628 68
563 634 68
563 640 68
563 646 68
563 652 68
563 658 68
563 664 68
563 670 68
563 676 68
563 682 68
563 688 68
563 694 68
563 700 68
563 706 68
563 712 68
563 718 68
563 724 68
563 730 68
557 730 68
557 724 68
557 718 68
557 712 68
557 706 68
557 700 68
557 694 68
557 688 68
557 682 68
557 676 68
557 670 68
557 664 68
557 658 68
557 652 68
557 646 68
557 640 68
557 634 69
557 628 69
557 622 69
557 616 69
557 610 69
557 604 69
557 598 69
557 592 69
557 586 69
551 586 69
551 592 69
551 598 69
551 604 69
551 610 69
551 616 69
551 622 69
551 628 69
551 634 69
551 640 69
551 646 69
551 652 69
551 658 69
551 664 69
551 670 69
551 676 69
551 682 69
551 688 69
551 694 69
551 700 69
551 706 69
551 712 69
551 718 69
551 724 69
551 730 69
545 730 69
545 724 69
545 718 69
545 712 69
545 706 69
545 700 69
545 694 70
545 688 70
545 682 70
545 676 70
545 670 70
545 664 70
545 658 70
545 652 70
545 646 70
545 640 70
545 634 70
545 628 70
545 622 70
545 616 70
545 610 70
545 604 70
545 598 70
545 592 70
545 586 70
539 586 70
539 592 70
539 598 70
539 604 70
539 610 70
539 616 70
539 622 70
539 628 70
539 634 70
539 640 70
539 646 70
539 652 70
539 658 70
539 664 70
539 670 70
539 676 70
539 682 70
539 688 70
539 694 70
539 700 70
539 706 70
539 712 71
539 718 71
539 724 71
539 730 71
533 730 71
533 724 71
533 718 71
533 712 71
533 706 71
533 700 71
533 694 71
533 688 71
533 682 71
533 676 71
533 670 71
533 664 71
533 658 71
533 652 71
533 646 71
533 640 71
533 634 71
533 628 71
533 622 71
533 616 71
533 610 71
533 604 71
533 598 71
533 592 71
533 586 71
527 586 71
527 592 71
527 598 71
527 604 71
527 610 71
527 616 71
527 622 71
527 628 71
527 634 71
527 640 71
527 646 71
527 652 72
527 658 72
527 664 72
527 670 72
527 676 72
527 682 72
527 688 72
527 694 72
527 700 72
527 706 72
527 712 72
527 718 72
527 724 72
527 730 72
521 730 72
521 724 72
521 718 72
521 712 72
521 706 72
521 700 72
521 694 72
521 688 72
521 682 72
521 676 72
521 670 72
521 664 72
521 658 72
521 652 72
521 646 72
521 640 72
521 634 72
521 628 72
521 622 72
521 616 72
521 610 72
521 604 72
521 598 72
521 592 72
521 586 72
515 586 72
515 592 73
515 598 73
515 604 73
515 610 73
515 616 73
515 622 73
515 628 73
515 634 73
515 640 73
515 646 73
515 652 73
515 658 73
515 664 73
515 670 73
515 676 73
515 682 73
515 688 73
515 694 73
515 700 73
515 706 73
515 712 73
515 718 73
515 724 73
515 730 73
509 730 73
509 724 73
509 718 73
509 712 73
509 706 73
509 700 73
509 694 73
509 688 73
509 682 73
509 676 73
509 670 73
509 664 73
509 658 73
509 652 73
509 646 73
509 640 73
509 634 74
509 628 74
509 622 74
509 616 74
509 610 74
509 604 74
509 598 74
509 592 74
509 586 74
503 586 74
503 592 74
503 598 74
503 604 74
503 610 74
503 616 74
503 622 74
503 628 74
503 634 74
503 640 74
503 646 74
503 652 74
503 658 74
503 664 74
503 670 74
503 676 74
503 682 74
503 688 74
503 694 74
503 700 74
503 706 74
503 712 74
503 718 74
503 724 74
503 730 74
497 730 74
497 724 74
497 718 74
497 712 74
497 706 74
497 700 74
497 694 75
497 688 75
497 682 75
497 676 75
497 670 75
497 664 75
497 658 75
497 652 75
497 646 75
497 640 75
497 634 75
497 628 75
497 622 75
497 616 75
497 610 75
497 604 75
497 598 75
497 592 75
497 586 75
491 586 75
491 592 75
491 598 75
491 604 75
491 610 75
491 616 75
491 622 75
491 628 75
491 634 75
491 640 75
491 646 75
491 652 75
491 658 75
491 664 75
491 670 75
491 676 75
491 682 75
491 688 75
491 694 75
491 700 75
491 706 75
491 712 76
491 718 76
491 724 76
491 730 76
485 730 76
485 724 76
485 718 76
485 712 76
485 706 76
485 700 76
485 694 76
485 688 76
485 682 76
485 676 76
485 670 76
485 664 76
485 658 76
485 652 76
485 646 76
485 640 76
485 634 76
485 628 76
485 622 76
485 616 76
485 610 76
485 604 76
485 598 76
485 592 76
485 586 76
479 586 76
479 592 76
479 598 76
479 604 76
479 610 76
479 616 76
479 622 76
479 628 76
479 634 76
479 640 76
479 646 76
479 652 77
479 658 77
479 664 77
479 670 77
479 676 77
479 682 77
479 688 77
479 694 77
479 700 77
479 706 77
479 712 77
479 718 77
479 724 77
479 730 77
473 730 77
473 724 77
473 718 77
473 712 77
473 706 77
473 700 77
473 694 77
473 688 77
473 682 77
473 676 77
473 670 77
473 664 77
473 658 77
473 652 77
473 646 77
473 640 77
473 634 77
473 628 77
473 622 77
473 616 77
473 610 77
473 604 77
473 598 77
473 592 77
473 586 77
467 586 77
467 592 78
467 598 78
467 604 78
467 610 78
467 616 78
467 622 78
467 628 78
467 634 78
467 640 78
467 646 78
467 652 78
467 658 78
467 664 78
467 670 78
467 676 78
467 682 78
467 688 78
467 694 78
467 700 78
467 706 78
467 712 78
467 718 78
467 724 78
467 730 78
461 730 78
461 724 78
461 718 78
461 712 78
461 706 78
461 700 78
461 694 78
461 688 78
461 682 78
461 676 78
461 670 78
461 664 78
461 658 78
461 652 78
461 646 78
461 640 78
461 634 79
461 628 79
461 622 79
461 616 79
461 610 79
461 604 79
461 598 79
461 592 79
461 586 79
455 586 79
455 592 79
455 598 79
455 604 79
455 610 79
455 616 79
455 622 79
455 628 79
455 634 79
455 640 79
455 646 79
455 652 79
455 658 79
455 664 79
455 670 79
455 676 79
455 682 79
455 688 79
455 694 79
455 700 79
455 706 79
455 712 79
455 718 79
455 724 79
455 730 79
449 730 79
449 724 79
449 718 79
449 712 79
449 706 79
449 700 79
449 694 80
449 688 80
449 682 80
449 676 80
449 670 80
449 664 80
449 658 80
449 652 80
449 646 80
449 640 80
449 634 80
449 628 80
449 622 80
449 616 80
449 610 80
449 604 80
449 598 80
449 592 80
449 586 80
443 586 80
443 592 80
443 598 80
443 604 80
443 610 80
443 616 80
443 622 80
443 628 80
443 634 80
443 640 80
443 646 80
443 652 80
443 658 80
443 664 80
443 670 80
443 676 80
443 682 80
443 688 80
443 694 80
443 700 80
443 706 80
443 712 81
443 718 81
443 724 81
443 730 81
437 730 81
437 724 81
437 718 81
437 712 81
437 706 81
437 700 81
437 694 81
437 688 81
437 682 81
437 676 81
437 670 81
437 664 81
437 658 81
437 652 81
437 646 81
437 640 81
437 634 81
437 628 81
437 622 81
437 616 81
437 610 81
437 604 81
437 598 81
437 592 81
437 586 81
431 586 81
431 592 81
431 598 81
431 604 81
431 610 81
431 616 81
431 622 81
431 628 81
431 634 81
431 640 81
431 646 81
431 652 82
431 658 82
431 664 82
431 670 82
431 676 82
431 682 82
431 688 82
431 694 82
431 700 82
431 706 82
431 712 82
431 718 82
431 724 82
431 730 82
425 730 82
425 724 82
425 718 82
425 712 82
425 706 82
425 700 82
425 694 82
425 688 82
425 682 82
425 676 82
425 670 82
425 664 82
425 658 82
425 652 82
425 646 82
425 640 82
425 634 82
425 628 82
425 622 82
425 616 82
425 610 82
425 604 82
425 598 82
425 592 82
425 586 82
419 586 82
419 592 83
419 598 83
419 604 83
419 610 83
419 616 83
419 622 83
419 628 83
419 634 83
419 640 83
419 646 83
419 652 83
419 658 83
419 664 83
419 670 83
419 676 83
419 682 83
419 688 83
419 694 83
419 700 83
419 706 83
419 712 83
419 718 83
419 724 83
419 730 83
413 730 83
413 724 83
413 718 83
413 712 83
413 706 83
413 700 83
413 694 83
413 688 83
413 682 83
413 676 83
413 670 83
413 664 83
413 658 83
413 652 83
413 646 83
413 640 83
413 634 84
413 628 84
413 622 84
413 616 84
413 610 84
413 604 84
413 598 84
413 592 84
413 586 84
407 586 84
407 592 84
407 598 84
407 604 84
407 610 84
407 616 84
407 622 84
407 628 84
407 634 84
407 640 84
407 646 84
407 652 84
407 658 84
407 664 84
407 670 84
407 676 84
407 682 84
407 688 84
407 694 84
407 700 84
407 706 84
407 712 84
407 718 84
407 724 84
407 730 84
401 730 84
401 724 84
401 718 84
401 712 84
401 706 84
401 700 84
401 694 85
401 688 85
401 682 85
401 676 85
401 670 85
401 664 85
401 658 85
401 652 85
401 646 85
401 640 85
401 634 85
401 628 85
401 622 85
401 616 85
401 610 85
401 604 85
401 598 85
401 592 85
401 586 85
395 586 85
395 592 85
395 598 85
395 604 85
395 610 85
395 616 85
395 622 85
395 628 85
395 634 85
395 640 85
395 646 85
395 652 85
395 658 85
395 664 85
395 670 85
395 676 85
395 682 85
395 688 85
395 694 85
395 700 85
395 706 85
395 712 86
395 718 86
395 724 86
395 730 86
389 730 86
389 724 86
389 718 86
389 712 86
389 706 86
389 700 86
389 694 86
389 688 86
389 682 86
389 676 86
389 670 86
389 664 86
389 658 86
389 652 86
389 646 86
389 640 86
389 634 86
389 628 86
389 622 86
389 616 86
389 610 86
389 604 86
389 598 86
389 592 86
389 586 86
383 586 86
383 592 86
383 598 86
383 604 86
383 610 86
383 616 86
383 622 86
383 628 86
383 634 86
383 640 86
383 646 86
383 652 87
383 658 87
383 664 87
383 670 87
383 676 87
383 682 87
383 688 87
383 694 87
383 700 87
383 706 87
383 712 87
383 718 87
383 724 87
383 730 87
377 730 87
377 724 87
377 718 87
377 712 87
377 706 87
377 700 87
377 694 87
377 688 87
377 682 87
377 676 87
377 670 87
377 664 87
377 658 87
377 652 87
377 646 87
377 640 87
377 634 87
377 628 87
377 622 87
377 616 87
377 610 87
377 604 87
377 598 87
377 592 87
377 586 87
371 586 87
371 592 88
371 598 88
371 604 88
371 610 88
371 616 88
371 622 88
371 628 88
371 634 88
371 640 88
371 646 88
371 652 88
371 658 88
371 664 88
371 670 88
371 676 88
371 682 88
371 688 88
371 694 88
371 700 88
371 706 88
371 712 88
371 718 88
371 724 88
371 730 88
365 730 88
365 724 88
365 718 88
365 712 88
365 706 88
365 700 88
365 694 88
365 688 88
365 682 88
365 676 88
365 670 88
365 664 88
365 658 88
365 652 88
365 646 88
365 640 88
365 634 89
365 628 89
365 622 89
365 616 89
365 610 89
365 604 89
365 598 89
365 592 89
365 586 89
359 586 89
359 592 89
359 598 89
359 604 89
359 610 89
359 616 89
359 622 89
359 628 89
359 634 89
359 640 89
359 646 89
359 652 89
359 658 89
359 664 89
359 670 89
359 676 89
359 682 89
359 688 89
359 694 89
359 700 89
359 706 89
359 712 89
359 718 89
359 724 89
359 730 89
353 730 89
353 724 89
353 718 89
353 712 89
353 706 89
353 700 89
353 694 90
353 688 90
353 682 90
353 676 90
353 670 90
353 664 90
353 658 90
353 652 90
353 646 90
353 640 90
353 634 90
353 628 90
353 622 90
353 616 90
353 610 90
353 604 90
353 598 90
353 592 90
353 586 90
347 586 90
347 592 90
347 598 90
347 604 90
347 610 90
347 616 90
347 622 90
347 628 90
347 634 90
347 640 90
347 646 90
347 652 90
347 658 90
347 664 90
347 670 90
347 676 90
347 682 90
347 688 90
347 694 90
347 700 90
347 706 90
347 712 91
347 718 91
347 724 91
347 730 91
341 730 91
341 724 91
341 718 91
341 712 91
341 706 91
341 700 91
341 694 91
341 688 91
341 682 91
341 676 91
341 670 91
341 664 91
341 658 91
341 652 91
341 646 91
341 640 91
341 634 91
341 628 91
341 622 91
341 616 91
341 610 91
341 604 91
341 598 91
341 592 91
341 586 91
335 586 91
335 592 91
335 598 91
335 604 91
335 610 91
335 616 91
335 622 91
335 628 91
335 634 91
335 640 91
335 646 91
335 652 92
335 658 92
335 664 92
335 670 92
335 676 92
335 682 92
335 688 92
335 694 92
335 700 92
335 706 92
335 712 92
335 718 92
335 724 92
335 730 92
329 730 92
329 724 92
329 718 92
329 712 92
329 706 92
329 700 92
329 694 92
329 688 92
329 682 92
329 676 92
329 670 92
329 664 92
329 658 92
329 652 92
329 646 92
329 640 92
329 634 92
329 628 92
329 622 92
329 616 92
329 610 92
329 604 92
329 598 92
329 592 92
329 586 92
323 586 92
323 592 93
323 598 93
323 604 93
323 610 93
323 616 93
323 622 93
323 628 93
323 634 93
323 640 93
323 646 93
323 652 93
323 658 93
323 664 93
323 670 93
323 676 93
323 682 93
323 688 93
323 694 93
323 700 93
323 706 93
323 712 93
323 718 93
323 724 93
323 730 93
317 730 93
317 724 93
317 718 93
317 712 93
317 706 93
317 700 93
317 694 93
317 688 93
317 682 93
317 676 93
317 670 93
317 664 93
317 658 93
317 652 93
317 646 93
317 640 93
317 634 94
317 628 94
317 622 94
317 616 94
317 610 94
317 604 94
317 598 94
317 592 94
317 586 94
311 586 94
311 592 94
311 598 94
311 604 94
311 610 94
311 616 94
311 622 94
311 628 94
311 634 94
311 640 94
311 646 94
311 652 94
311 658 94
311 664 94
311 670 94
311 676 94
311 682 94
311 688 94
311 694 94
311 700 94
311 706 94
311 712 94
311 718 94
311 724 94
311 730 94
305 730 94
305 724 94
305 718 94
305 712 94
305 706 94
305 700 94
305 694 95
305 688 95
305 682 95
305 676 95
305 670 95
305 664 95
305 658 95
305 652 95
305 646 95
305 640 95
305 634 95
305 628 95
305 622 95
305 616 95
305 610 95
305 604 95
305 598 95
305 592 95
305 586 95
299 586 95
299 592 95
299 598 95
299 604 95
299 610 95
299 616 95
299 622 95
299 628 95
299 634 95
299 640 95
299 646 95
299 652 95
299 658 95
299 664 95
299 670 95
299 676 95
299 682 95
299 688 95
299 694 95
299 700 95
299 706 95
299 712 96
299 718 96
299 724 96
299 730 96
293 730 96
293 724 96
293 718 96
293 712 96
293 706 96
293 700 96
293 694 96
293 688 96
293 682 96
293 676 96
293 670 96
293 664 96
293 658 96
293 652 96
293 646 96
293 640 96
293 634 96
293 628 96
293 622 96
293 616 96
293 610 96
293 604 96
293 598 96
293 592 96
293 586 96
287 586 96
287 592 96
287 598 96
287 604 96
287 610 96
287 616 96
287 622 96
287 628 96
287 634 96
287 640 96
287 646 96
287 652 97
287 658 97
287 664 97
287 670 97
287 676 97
287 682 97
287 688 97
287 694 97
287 700 97
287 706 97
287 712 97
287 718 97
287 724 97
287 730 97
281 730 97
281 724 97
281 718 97
281 712 97
281 706 97
281 700 97
281 694 97
281 688 97
281 682 97
281 676 97
281 670 97
281 664 97
281 658 97
281 652 97
281 646 97
281 640 97
281 634 97
281 628 97
281 622 97
281 616 97
281 610 97
281 604 97
281 598 97
281 592 97
281 586 97
275 586 97
275 592 98
275 598 98
275 604 98
275 610 98
275 616 98
275 622 98
275 628 98
275 634 98
275 640 98
275 646 98
275 652 98
275 658 98
275 664 98
275 670 98
275 676 98
275 682 98
275 688 98
275 694 98
275 700 98
275 706 98
275 712 98
275 718 98
275 724 98
275 730 98
269 730 98
269 724 98
269 718 98
269 712 98
269 706 98
269 700 98
269 694 98
269 688 98
269 682 98
269 676 98
269 670 98
269 664 98
269 658 98
269 652 98
269 646 98
269 640 98
269 634 99
269 628 99
269 622 99
269 616 99
269 610 99
269 604 99
269 598 99
269 592 99
269 586 99
263 586 99
263 592 99
263 598 99
263 604 99
263 610 99
263 616 99
263 622 99
263 628 99
263 634 99
263 640 99
263 646 99
263 652 99
263 658 99
263 664 99
263 670 99
263 676 99
263 682 99
263 688 99
263 694 99
263 700 99
263 706 99
263 712 99
263 718 99
263 724 99
263 730 99
257 730 99
257 724 99
257 718 99
257 712 99
257 706 99
257 700 99
257 694 100
257 688 100
257 682 100
257 676 100
257 670 100
257 664 100
257 658 100
257 652 100
257 646 100
257 640 100
257 634 100
257 628 100
257 622 100
257 616 100
257 610 100
257 604 100
257 598 100
257 592 100
257 586 100
251 586 100
251 592 100
251 598 100
251 604 100
251 610 100
251 616 100
251 622 100
251 628 100
251 634 100
251 640 100
251 646 100
251 652 100
251 658 100
251 664 100
251 670 100
251 676 100
251 682 100
251 688 100
251 694 100
251 700 100
251 706 100
251 712 101
251 718 101
251 724 101
251 730 101
245 730 101
245 724 101
245 718 101
245 712 101
245 706 101
245 700 101
245 694 101
245 688 101
245 682 101
245 676 101
245 670 101
245 664 101
245 658 101
245 652 101
245 646 101
245 640 101
245 634 101
245 628 101
245 622 101
245 616 101
245 610 101
245 604 101
245 598 101
245 592 101
245 586 101
239 586 101
239 592 101
239 598 101
239 604 101
239 610 101
239 616 101
239 622 101
239 628 101
239 634 101
239 640 101
239 646 101
239 652 102
239 658 102
239 664 102
239 670 102
239 676 102
239 682 102
239 688 102
239 694 102
239 700 102
239 706 102
239 712 102
239 718 102
239 724 102
239 730 102
233 730 102
233 724 102
233 718 102
233 712 102
233 706 102
233 700 102
233 694 102
233 688 102
233 682 102
233 676 102
233 670 102
233 664 102
233 658 102
233 652 102
233 646 102
233 640 102
233 634 102
233 628 102
233 622 102
233 616 102
233 610 102
233 604 102
233 598 102
233 592 102
233 586 102
227 586 102
227 592 103
227 598 103
227 604 103
227 610 103
227 616 103
227 622 103
227 628 103
227 634 103
227 640 103
227 646 103
227 652 103
227 658 103
227 664 103
227 670 103
227 676 103
227 682 103
227 688 103
227 694 103
227 700 103
227 706 103
227 712 103
227 718 103
227 724 103
227 730 103
221 730 103
221 724 103
221 718 103
221 712 103
221 706 103
221 700 103
221 694 103
221 688 103
221 682 103
221 676 103
221 670 103
221 664 103
221 658 103
221 652 103
221 646 103
221 640 103
221 634 104
221 628 104
221 622 104
221 616 104
221 610 104
221 604 104
221 598 104
221 592 104
221 586 104
215 730 104
215 724 104
215 718 104
215 712 104
215 706 104
215 700 104
215 694 104
215 688 104
215 682 104
215 676 104
215 670 104
215 664 104
215 658 104
215 652 104
215 646 104
215 640 104
215 634 104
215 628 104
215 622 104
215 616 104
215 610 104
215 604 104
215 598 104
215 592 104
215 586 104
