215 772 0
215 766 0
215 760 0
215 754 0
215 748 0
215 742 0
215 736 0
215 730 0
215 724 0
215 718 0
215 712 0
215 706 0
215 700 0
215 694 0
215 688 0
215 682 0
215 676 0
215 670 0
215 664 0
215 658 0
215 652 0
215 646 0
215 640 0
215 634 0
215 628 0
215 622 0
215 616 0
215 610 0
215 604 0
215 598 0
215 592 0
215 586 0
221 586 0
221 592 0
221 598 0
221 604 0
221 610 0
221 616 0
221 622 0
221 628 0
221 634 1
221 640 1
221 646 1
221 652 1
221 658 1
221 664 1
221 670 1
221 676 1
221 682 1
221 688 1
221 694 1
221 700 1
221 706 1
221 712 1
221 718 1
221 724 1
221 730 1
221 736 1
221 742 1
221 748 1
221 754 1
221 760 1
221 766 1
221 772 1
227 772 1
227 766 1
227 760 1
227 754 1
227 748 1
227 742 1
227 736 1
227 730 1
227 724 1
227 718 1
227 712 1
227 706 1
227 700 1
227 694 1
227 688 1
227 682 1
227 676 2
227 670 2
227 664 2
227 658 2
227 652 2
227 646 2
227 640 2
227 634 2
227 628 2
227 622 2
227 616 2
227 610 2
227 604 2
227 598 2
227 592 2
227 586 2
233 586 2
233 592 2
233 598 2
233 604 2
233 610 2
233 616 2
233 622 2
233 628 2
233 634 2
233 640 2
233 646 2
233 652 2
233 658 2
233 664 2
233 670 2
233 676 2
233 682 2
233 688 2
233 694 2
233 700 2
233 706 2
233 712 2
233 718 2
233 724 2
233 730 3
233 736 3
233 742 3
233 748 3
233 754 3
233 760 3
233 766 3
233 772 3
239 772 3
239 766 3
239 760 3
239 754 3
239 748 3
239 742 3
239 736 3
239 730 3
239 724 3
239 718 3
239 712 3
239 706 3
239 700 3
239 694 3
239 688 3
239 682 3
239 676 3
239 670 3
239 664 3
239 658 3
239 652 3
239 646 3
239 640 3
239 634 3
239 628 3
239 622 3
239 616 3
239 610 3
239 604 3
239 598 3
239 592 3
239 586 3
245 586 4
245 592 4
245 598 4
245 604 4
245 610 4
245 616 4
245 622 4
245 628 4
245 634 4
245 640 4
245 646 4
245 652 4
245 658 4
245 664 4
245 670 4
245 676 4
245 682 4
245 688 4
245 694 4
245 700 4
245 706 4
245 712 4
245 718 4
245 724 4
245 730 4
245 736 4
245 742 4
245 748 4
245 754 4
245 760 4
245 766 4
245 772 4
251 772 4
251 766 4
251 760 4
251 754 4
251 748 4
251 742 4
251 736 4
251 730 4
251 724 5
251 718 5
251 712 5
251 706 5
251 700 5
251 694 5
251 688 5
251 682 5
251 676 5
251 670 5
251 664 5
251 658 5
251 652 5
251 646 5
251 640 5
251 634 5
251 628 5
251 622 5
251 616 5
251 610 5
251 604 5
251 598 5
251 592 5
251 586 5
257 586 5
257 592 5
257 598 5
257 604 5
257 610 5
257 616 5
257 622 5
257 628 5
257 634 5
257 640 5
257 646 5
257 652 5
257 658 5
257 664 5
257 670 5
257 676 5
257 682 6
257 688 6
257 694 6
257 700 6
257 706 6
257 712 6
257 718 6
257 724 6
257 730 6
257 736 6
257 742 6
257 748 6
257 754 6
257 760 6
257 766 6
257 772 6
263 772 6
263 766 6
263 760 6
263 754 6
263 748 6
263 742 6
263 736 6
263 730 6
263 724 6
263 718 6
263 712 6
263 706 6
263 700 6
263 694 6
263 688 6
263 682 6
263 676 6
263 670 6
263 664 6
263 658 6
263 652 6
263 646 6
263 640 6
263 634 6
263 628 7
263 622 7
263 616 7
263 610 7
263 604 7
263 598 7
263 592 7
263 586 7
269 586 7
269 592 7
269 598 7
269 604 7
269 610 7
269 616 7
269 622 7
269 628 7
269 634 7
269 640 7
269 646 7
269 652 7
269 658 7
269 664 7
269 670 7
269 676 7
269 682 7
269 688 7
269 694 7
269 700 7
269 706 7
269 712 7
269 718 7
269 724 7
269 730 7
269 736 7
269 742 7
269 748 7
269 754 7
269 760 7
269 766 7
269 772 7
275 772 8
275 766 8
275 760 8
275 754 8
275 748 8
275 742 8
275 736 8
275 730 8
275 724 8
275 718 8
275 712 8
275 706 8
275 700 8
275 694 8
275 688 8
275 682 8
275 676 8
275 670 8
275 664 8
275 658 8
275 652 8
275 646 8
275 640 8
275 634 8
275 628 8
275 622 8
275 616 8
275 610 8
275 604 8
275 598 8
275 592 8
275 586 8
281 586 8
281 592 8
281 598 8
281 604 8
281 610 8
281 616 8
281 622 8
281 628 8
281 634 9
281 640 9
281 646 9
281 652 9
281 658 9
281 664 9
281 670 9
281 676 9
281 682 9
281 688 9
281 694 9
281 700 9
281 706 9
281 712 9
281 718 9
281 724 9
281 730 9
281 736 9
281 742 9
281 748 9
281 754 9
281 760 9
281 766 9
281 772 9
287 772 9
287 766 9
287 760 9
287 754 9
287 748 9
287 742 9
287 736 9
287 730 9
287 724 9
287 718 9
287 712 9
287 706 9
287 700 9
287 694 9
287 688 9
287 682 9
287 676 10
287 670 10
287 664 10
287 658 10
287 652 10
287 646 10
287 640 10
287 634 10
287 628 10
287 622 10
287 616 10
287 610 10
287 604 10
287 598 10
287 592 10
287 586 10
293 586 10
293 592 10
293 598 10
293 604 10
293 610 10
293 616 10
293 622 10
293 628 10
293 634 10
293 640 10
293 646 10
293 652 10
293 658 10
293 664 10
293 670 10
293 676 10
293 682 10
293 688 10
293 694 10
293 700 10
293 706 10
293 712 10
293 718 10
293 724 10
293 730 11
293 736 11
293 742 11
293 748 11
293 754 11
293 760 11
293 766 11
293 772 11
293 778 11
293 784 11
293 790 11
293 796 11
293 802 11
293 808 11
293 814 11
293 820 11
293 826 11
293 832 11
293 838 11
293 844 11
293 850 11
293 856 11
293 862 11
293 868 11
293 874 11
293 880 11
293 886 11
293 892 11
293 898 11
299 898 11
299 892 11
299 886 11
299 880 11
299 874 11
299 868 11
299 862 11
299 856 11
299 850 11
299 844 11
299 838 11
299 832 12
299 826 12
299 820 12
299 814 12
299 808 12
299 802 12
299 796 12
299 790 12
299 784 12
299 778 12
299 772 12
299 766 12
299 760 12
299 754 12
299 748 12
299 742 12
299 736 12
299 730 12
299 724 12
299 718 12
299 712 12
299 706 12
299 700 12
299 694 12
299 688 12
299 682 12
299 676 12
299 670 12
299 664 12
299 658 12
299 652 12
299 646 12
299 640 12
299 634 12
299 628 12
299 622 12
299 616 12
299 610 12
299 604 12
299 598 12
299 592 13
299 586 13
305 586 13
305 592 13
305 598 13
305 604 13
305 610 13
305 616 13
305 622 13
305 628 13
305 634 13
305 640 13
305 646 13
305 652 13
305 658 13
305 664 13
305 670 13
305 676 13
305 682 13
305 688 13
305 694 13
305 700 13
305 706 13
305 712 13
305 718 13
305 724 13
305 730 13
305 736 13
305 742 13
305 748 13
305 754 13
305 760 13
305 766 13
305 772 13
305 778 13
305 784 13
305 790 13
305 796 13
305 802 13
305 808 13
305 814 14
305 820 14
305 826 14
305 832 14
305 838 14
305 844 14
305 850 14
305 856 14
305 862 14
305 868 14
305 874 14
305 880 14
305 886 14
305 892 14
305 898 14
311 898 14
311 892 14
311 886 14
311 880 14
311 874 14
311 868 14
311 862 14
311 856 14
311 850 14
311 844 14
311 838 14
311 832 14
311 826 14
311 820 14
311 814 14
311 808 14
311 802 14
311 796 14
311 790 14
311 784 14
311 778 14
311 772 14
311 766 14
311 760 14
311 754 14
311 748 15
311 742 15
311 736 15
311 730 15
311 724 15
311 718 15
311 712 15
311 706 15
311 700 15
311 694 15
311 688 15
311 682 15
311 676 15
311 670 15
311 664 15
311 658 15
311 652 15
311 646 15
311 640 15
311 634 15
311 628 15
311 622 15
311 616 15
311 610 15
311 604 15
311 598 15
311 592 15
311 586 15
317 586 15
317 592 15
317 598 15
317 604 15
317 610 15
317 616 15
317 622 15
317 628 15
317 634 15
317 640 15
317 646 15
317 652 15
317 658 16
317 664 16
317 670 16
317 676 16
317 682 16
317 688 16
317 694 16
317 700 16
317 706 16
317 712 16
317 718 16
317 724 16
317 730 16
317 736 16
317 742 16
317 748 16
317 754 16
317 760 16
317 766 16
317 772 16
317 778 16
317 784 16
317 790 16
317 796 16
317 802 16
317 808 16
317 814 16
317 820 16
317 826 16
317 832 16
317 838 16
317 844 16
317 850 16
317 856 16
317 862 16
317 868 16
317 874 16
317 880 16
317 886 16
317 892 16
317 898 17
323 898 17
323 892 17
323 886 17
323 880 17
323 874 17
323 868 17
323 862 17
323 856 17
323 850 17
323 844 17
323 838 17
323 832 17
323 826 17
323 820 17
323 814 17
323 808 17
323 802 17
323 796 17
323 790 17
323 784 17
323 778 17
323 772 17
323 766 17
323 760 17
323 754 17
323 748 17
323 742 17
323 736 17
323 730 17
323 724 17
323 718 17
323 712 17
323 706 17
323 700 17
323 694 17
323 688 17
323 682 17
323 676 17
323 670 17
323 664 18
323 658 18
323 652 18
323 646 18
323 640 18
323 634 18
323 628 18
323 622 18
323 616 18
323 610 18
323 604 18
323 598 18
323 592 18
323 586 18
329 586 18
329 592 18
329 598 18
329 604 18
329 610 18
329 616 18
329 622 18
329 628 18
329 634 18
329 640 18
329 646 18
329 652 18
329 658 18
329 664 18
329 670 18
329 676 18
329 682 18
329 688 18
329 694 18
329 700 18
329 706 18
329 712 18
329 718 18
329 724 18
329 730 18
329 736 18
329 742 19
329 748 19
329 754 19
329 760 19
329 766 19
329 772 19
329 778 19
329 784 19
329 790 19
329 796 19
329 802 19
329 808 19
329 814 19
329 820 19
329 826 19
329 832 19
329 838 19
329 844 19
329 850 19
329 856 19
329 862 19
329 868 19
329 874 19
329 880 19
329 886 19
329 892 19
329 898 19
335 898 19
335 892 19
335 886 19
335 880 19
335 874 19
335 868 19
335 862 19
335 856 19
335 850 19
335 844 19
335 838 19
335 832 19
335 826 19
335 820 20
335 814 20
335 808 20
335 802 20
335 796 20
335 790 20
335 784 20
335 778 20
335 772 20
335 766 20
335 760 20
335 754 20
335 748 20
335 742 20
335 736 20
335 730 20
335 724 20
335 718 20
335 712 20
335 706 20
335 700 20
335 694 20
335 688 20
335 682 20
335 676 20
335 670 20
335 664 20
335 658 20
335 652 20
335 646 20
335 640 20
335 634 20
335 628 20
335 622 20
335 616 20
335 610 20
335 604 20
335 598 20
335 592 20
335 586 20
341 586 21
341 592 21
341 598 21
341 604 21
341 610 21
341 616 21
341 622 21
341 628 21
341 634 21
341 640 21
341 646 21
341 652 21
341 658 21
341 664 21
341 670 21
341 676 21
341 682 21
341 688 21
341 694 21
341 700 21
341 706 21
341 712 21
341 718 21
341 724 21
341 730 21
341 736 21
341 742 21
341 748 21
341 754 21
341 760 21
341 766 21
341 772 21
341 778 21
341 784 21
341 790 21
341 796 21
341 802 21
341 808 21
341 814 21
341 820 21
341 826 22
341 832 22
341 838 22
341 844 22
341 850 22
341 856 22
341 862 22
341 868 22
341 874 22
341 880 22
341 886 22
341 892 22
341 898 22
347 898 22
347 892 22
347 886 22
347 880 22
347 874 22
347 868 22
347 862 22
347 856 22
347 850 22
347 844 22
347 838 22
347 832 22
347 826 22
347 820 22
347 814 22
347 808 22
347 802 22
347 796 22
347 790 22
347 784 22
347 778 22
347 772 22
347 766 22
347 760 22
347 754 22
347 748 22
347 742 22
347 736 23
347 730 23
347 724 23
347 718 23
347 712 23
347 706 23
347 700 23
347 694 23
347 688 23
347 682 23
347 676 23
347 670 23
347 664 23
347 658 23
347 652 23
347 646 23
347 640 23
347 634 23
347 628 23
347 622 23
347 616 23
347 610 23
347 604 23
347 598 23
347 592 23
347 586 23
353 586 23
353 592 23
353 598 23
353 604 23
353 610 23
353 616 23
353 622 23
353 628 23
353 634 23
353 640 23
353 646 23
353 652 23
353 658 23
353 664 23
353 670 24
353 676 24
353 682 24
353 688 24
353 694 24
353 700 24
353 706 24
353 712 24
353 718 24
353 724 24
353 730 24
353 736 24
353 742 24
353 748 24
353 754 24
353 760 24
353 766 24
353 772 24
353 778 24
353 784 24
353 790 24
353 796 24
353 802 24
353 808 24
353 814 24
353 820 24
353 826 24
353 832 24
353 838 24
353 844 24
353 850 24
353 856 24
353 862 24
353 868 24
353 874 24
353 880 24
353 886 24
353 892 24
353 898 24
359 898 24
359 892 25
359 886 25
359 880 25
359 874 25
359 868 25
359 862 25
359 856 25
359 850 25
359 844 25
359 838 25
359 832 25
359 826 25
359 820 25
359 814 25
359 808 25
359 802 25
359 796 25
359 790 25
359 784 25
359 778 25
359 772 25
359 766 25
359 760 25
359 754 25
359 748 25
359 742 25
359 736 25
359 730 25
359 724 25
359 718 25
359 712 25
359 706 25
359 700 25
359 694 25
359 688 25
359 682 25
359 676 25
359 670 25
359 664 25
359 658 25
359 652 26
359 646 26
359 640 26
359 634 26
359 628 26
359 622 26
359 616 26
359 610 26
359 604 26
359 598 26
359 592 26
359 586 26
365 586 26
365 592 26
365 598 26
365 604 26
365 610 26
365 616 26
365 622 26
365 628 26
365 634 26
365 640 26
365 646 26
365 652 26
365 658 26
365 664 26
365 670 26
365 676 26
365 682 26
365 688 26
365 694 26
365 700 26
365 706 26
365 712 26
365 718 26
365 724 26
365 730 26
365 736 26
365 742 26
365 748 26
365 754 27
365 760 27
365 766 27
365 772 27
365 778 27
365 784 27
365 790 27
365 796 27
365 802 27
365 808 27
365 814 27
365 820 27
365 826 27
365 832 27
365 838 27
365 844 27
365 850 27
365 856 27
365 862 27
365 868 27
365 874 27
365 880 27
365 886 27
365 892 27
365 898 27
371 898 27
371 892 27
371 886 27
371 880 27
371 874 27
371 868 27
371 862 27
371 856 27
371 850 27
371 844 27
371 838 27
371 832 27
371 826 27
371 820 27
371 814 27
371 808 28
371 802 28
371 796 28
371 790 28
371 784 28
371 778 28
371 772 28
371 766 28
371 760 28
371 754 28
371 748 28
371 742 28
371 736 28
371 730 28
371 724 28
371 718 28
371 712 28
371 706 28
371 700 28
371 694 28
371 688 28
371 682 28
371 676 28
371 670 28
371 664 28
371 658 28
371 652 28
371 646 28
371 640 28
371 634 28
371 628 28
371 622 28
371 616 28
371 610 28
371 604 28
371 598 28
371 592 28
371 586 28
377 586 28
377 592 28
377 598 29
377 604 29
377 610 29
377 616 29
377 622 29
377 628 29
377 634 29
377 640 29
377 646 29
377 652 29
377 658 29
377 664 29
377 670 29
377 676 29
377 682 29
377 688 29
377 694 29
377 700 29
377 706 29
377 712 29
377 718 29
377 724 29
377 730 29
377 736 29
377 742 29
377 748 29
377 754 29
377 760 29
377 766 29
377 772 29
377 778 29
377 784 29
377 790 29
377 796 29
377 802 29
377 808 29
377 814 29
377 820 29
377 826 29
377 832 29
377 838 30
377 844 30
377 850 30
377 856 30
377 862 30
377 868 30
377 874 30
377 880 30
377 886 30
377 892 30
377 898 30
383 898 30
383 892 30
383 886 30
383 880 30
383 874 30
383 868 30
383 862 30
383 856 30
383 850 30
383 844 30
383 838 30
383 832 30
383 826 30
383 820 30
383 814 30
383 808 30
383 802 30
383 796 30
383 790 30
383 784 30
383 778 30
383 772 30
383 766 30
383 760 30
383 754 30
383 748 30
383 742 30
383 736 30
383 730 30
383 724 31
383 718 31
383 712 31
383 706 31
383 700 31
383 694 31
383 688 31
383 682 31
383 676 31
383 670 31
383 664 31
383 658 31
383 652 31
383 646 31
383 640 31
383 634 31
383 628 31
383 622 31
383 616 31
383 610 31
383 604 31
383 598 31
383 592 31
383 586 31
389 586 31
389 592 31
389 598 31
389 604 31
389 610 31
389 616 31
389 622 31
389 628 31
389 634 31
389 640 31
389 646 31
389 652 31
389 658 31
389 664 31
389 670 31
389 676 31
389 682 32
389 688 32
389 694 32
389 700 32
389 706 32
389 712 32
389 718 32
389 724 32
389 730 32
389 736 32
389 742 32
389 748 32
389 754 32
389 760 32
389 766 32
389 772 32
389 778 32
389 784 32
389 790 32
389 796 32
389 802 32
389 808 32
389 814 32
389 820 32
389 826 32
389 832 32
389 838 32
389 844 32
389 850 32
389 856 32
389 862 32
389 868 32
389 874 32
389 880 32
389 886 32
389 892 32
389 898 32
395 898 32
395 892 32
395 886 32
395 880 33
395 874 33
395 868 33
395 862 33
395 856 33
395 850 33
395 844 33
395 838 33
395 832 33
395 826 33
395 820 33
395 814 33
395 808 33
395 802 33
395 796 33
395 790 33
395 784 33
395 778 33
395 772 33
395 766 33
395 760 33
395 754 33
395 748 33
395 742 33
395 736 33
395 730 33
395 724 33
395 718 33
395 712 33
395 706 33
395 700 33
395 694 33
395 688 33
395 682 33
395 676 33
395 670 33
395 664 33
395 658 33
395 652 33
395 646 33
395 640 34
395 634 34
395 628 34
395 622 34
395 616 34
395 610 34
395 604 34
395 598 34
395 592 34
395 586 34
401 586 34
401 592 34
401 598 34
401 604 34
401 610 34
401 616 34
401 622 34
401 628 34
401 634 34
401 640 34
401 646 34
401 652 34
401 658 34
401 664 34
401 670 34
401 676 34
401 682 34
401 688 34
401 694 34
401 700 34
401 706 34
401 712 34
401 718 34
401 724 34
401 730 34
401 736 34
401 742 34
401 748 34
401 754 34
401 760 34
401 766 35
401 772 35
401 778 35
401 784 35
401 790 35
401 796 35
401 802 35
401 808 35
401 814 35
401 820 35
401 826 35
401 832 35
401 838 35
401 844 35
401 850 35
401 856 35
401 862 35
401 868 35
401 874 35
401 880 35
401 886 35
401 892 35
401 898 35
407 898 35
407 892 35
407 886 35
407 880 35
407 874 35
407 868 35
407 862 35
407 856 35
407 850 35
407 844 35
407 838 35
407 832 35
407 826 35
407 820 35
407 814 35
407 808 35
407 802 35
407 796 36
407 790 36
407 784 36
407 778 36
407 772 36
407 766 36
407 760 36
407 754 36
407 748 36
407 742 36
407 736 36
407 730 36
407 724 36
407 718 36
407 712 36
407 706 36
407 700 36
407 694 36
407 688 36
407 682 36
407 676 36
407 670 36
407 664 36
407 658 36
407 652 36
407 646 36
407 640 36
407 634 36
407 628 36
407 622 36
407 616 36
407 610 36
407 604 36
407 598 36
407 592 36
407 586 36
413 586 36
413 592 36
413 598 36
413 604 36
413 610 37
413 616 37
413 622 37
413 628 37
413 634 37
413 640 37
413 646 37
413 652 37
413 658 37
413 664 37
413 670 37
413 676 37
413 682 37
413 688 37
413 694 37
413 700 37
413 706 37
413 712 37
413 718 37
413 724 37
413 730 37
413 736 37
413 742 37
413 748 37
413 754 37
413 760 37
413 766 37
413 772 37
413 778 37
413 784 37
413 790 37
413 796 37
413 802 37
413 808 37
413 814 37
413 820 37
413 826 37
413 832 37
413 838 37
413 844 37
413 850 38
413 856 38
413 862 38
413 868 38
413 874 38
413 880 38
413 886 38
413 892 38
413 898 38
419 898 38
419 892 38
419 886 38
419 880 38
419 874 38
419 868 38
419 862 38
419 856 38
419 850 38
419 844 38
419 838 38
419 832 38
419 826 38
419 820 38
419 814 38
419 808 38
419 802 38
419 796 38
419 790 38
419 784 38
419 778 38
419 772 38
419 766 38
419 760 38
419 754 38
419 748 38
419 742 38
419 736 38
419 730 38
419 724 38
419 718 38
419 712 39
419 706 39
419 700 39
419 694 39
419 688 39
419 682 39
419 676 39
419 670 39
419 664 39
419 658 39
419 652 39
419 646 39
419 640 39
419 634 39
419 628 39
419 622 39
419 616 39
419 610 39
419 604 39
419 598 39
419 592 39
419 586 39
425 586 39
425 592 39
425 598 39
425 604 39
425 610 39
425 616 39
425 622 39
425 628 39
425 634 39
425 640 39
425 646 39
425 652 39
425 658 39
425 664 39
425 670 39
425 676 39
425 682 39
425 688 39
425 694 40
425 700 40
425 706 40
425 712 40
425 718 40
425 724 40
425 730 40
425 736 40
425 742 40
425 748 40
425 754 40
425 760 40
425 766 40
425 772 40
425 778 40
425 784 40
425 790 40
425 796 40
425 802 40
425 808 40
425 814 40
425 820 40
425 826 40
425 832 40
425 838 40
425 844 40
425 850 40
425 856 40
425 862 40
425 868 40
425 874 40
425 880 40
425 886 40
425 892 40
425 898 40
431 898 40
431 892 40
431 886 40
431 880 40
431 874 40
431 868 41
431 862 41
431 856 41
431 850 41
431 844 41
431 838 41
431 832 41
431 826 41
431 820 41
431 814 41
431 808 41
431 802 41
431 796 41
431 790 41
431 784 41
431 778 41
431 772 41
431 766 41
431 760 41
431 754 41
431 748 41
431 742 41
431 736 41
431 730 41
431 724 41
431 718 41
431 712 41
431 706 41
431 700 41
431 694 41
431 688 41
431 682 41
431 676 41
431 670 41
431 664 41
431 658 41
431 652 41
431 646 41
431 640 41
431 634 41
431 628 42
431 622 42
431 616 42
431 610 42
431 604 42
431 598 42
431 592 42
431 586 42
437 586 42
437 592 42
437 598 42
437 604 42
437 610 42
437 616 42
437 622 42
437 628 42
437 634 42
437 640 42
437 646 42
437 652 42
437 658 42
437 664 42
437 670 42
437 676 42
437 682 42
437 688 42
437 694 42
437 700 42
437 706 42
437 712 42
437 718 42
437 724 42
437 730 42
437 736 42
437 742 42
437 748 42
437 754 42
437 760 42
437 766 42
437 772 42
437 778 43
437 784 43
437 790 43
437 796 43
437 802 43
437 808 43
437 814 43
437 820 43
437 826 43
437 832 43
437 838 43
437 844 43
437 850 43
437 856 43
437 862 43
437 868 43
437 874 43
437 880 43
437 886 43
437 892 43
437 898 43
443 898 43
443 892 43
443 886 43
443 880 43
443 874 43
443 868 43
443 862 43
443 856 43
443 850 43
443 844 43
443 838 43
443 832 43
443 826 43
443 820 43
443 814 43
443 808 43
443 802 43
443 796 43
443 790 43
443 784 44
443 778 44
443 772 44
443 766 44
443 760 44
443 754 44
443 748 44
443 742 44
443 736 44
443 730 44
443 724 44
443 718 44
443 712 44
443 706 44
443 700 44
443 694 44
443 688 44
443 682 44
443 676 44
443 670 44
443 664 44
443 658 44
443 652 44
443 646 44
443 640 44
443 634 44
443 628 44
443 622 44
443 616 44
443 610 44
443 604 44
443 598 44
443 592 44
443 586 44
449 586 44
449 592 44
449 598 44
449 604 44
449 610 44
449 616 44
449 622 45
449 628 45
449 634 45
449 640 45
449 646 45
449 652 45
449 658 45
449 664 45
449 670 45
449 676 45
449 682 45
449 688 45
449 694 45
449 700 45
449 706 45
449 712 45
449 718 45
449 724 45
449 730 45
449 736 45
449 742 45
449 748 45
449 754 45
449 760 45
449 766 45
449 772 45
449 778 45
449 784 45
449 790 45
449 796 45
449 802 45
449 808 45
449 814 45
449 820 45
449 826 45
449 832 45
449 838 45
449 844 45
449 850 45
449 856 45
449 862 46
449 868 46
449 874 46
449 880 46
449 886 46
449 892 46
449 898 46
455 898 46
455 892 46
455 886 46
455 880 46
455 874 46
455 868 46
455 862 46
455 856 46
455 850 46
455 844 46
455 838 46
455 832 46
455 826 46
455 820 46
455 814 46
455 808 46
455 802 46
455 796 46
455 790 46
455 784 46
455 778 46
455 772 46
455 766 46
455 760 46
455 754 46
455 748 46
455 742 46
455 736 46
455 730 46
455 724 46
455 718 46
455 712 46
455 706 46
455 700 47
455 694 47
455 688 47
455 682 47
455 676 47
455 670 47
455 664 47
455 658 47
455 652 47
455 646 47
455 640 47
455 634 47
455 628 47
455 622 47
455 616 47
455 610 47
455 604 47
455 598 47
455 592 47
455 586 47
461 586 47
461 592 47
461 598 47
461 604 47
461 610 47
461 616 47
461 622 47
461 628 47
461 634 47
461 640 47
461 646 47
461 652 47
461 658 47
461 664 47
461 670 47
461 676 47
461 682 47
461 688 47
461 694 47
461 700 47
461 706 48
461 712 48
461 718 48
461 724 48
461 730 48
461 736 48
461 742 48
461 748 48
461 754 48
461 760 48
461 766 48
461 772 48
461 778 48
461 784 48
461 790 48
461 796 48
461 802 48
461 808 48
461 814 48
461 820 48
461 826 48
461 832 48
461 838 48
461 844 48
461 850 48
461 856 48
461 862 48
461 868 48
461 874 48
461 880 48
461 886 48
461 892 48
461 898 48
461 904 48
461 910 48
461 916 48
461 922 48
461 928 48
461 934 48
461 940 48
461 946 49
461 952 49
461 958 49
461 964 49
461 970 49
461 976 49
461 982 49
461 988 49
461 994 49
461 1000 49
461 1006 49
461 1012 49
461 1018 49
461 1024 49
467 1024 49
467 1018 49
467 1012 49
467 1006 49
467 1000 49
467 994 49
467 988 49
467 982 49
467 976 49
467 970 49
467 964 49
467 958 49
467 952 49
467 946 49
467 940 49
467 934 49
467 928 49
467 922 49
467 916 49
467 910 49
467 904 49
467 898 49
467 892 49
467 886 49
467 880 49
467 874 49
467 868 50
467 862 50
467 856 50
467 850 50
467 844 50
467 838 50
467 832 50
467 826 50
467 820 50
467 814 50
467 808 50
467 802 50
467 796 50
467 790 50
467 784 50
467 778 50
467 772 50
467 766 50
467 760 50
467 754 50
467 748 50
467 742 50
467 736 50
467 730 50
467 724 50
467 718 50
467 712 50
467 706 50
467 700 50
467 694 50
467 688 50
467 682 50
467 676 50
467 670 50
467 664 50
467 658 50
467 652 50
467 646 50
467 640 50
467 634 50
467 628 51
467 622 51
467 616 51
467 610 51
467 604 51
467 598 51
467 592 51
467 586 51
473 586 51
473 592 51
473 598 51
473 604 51
473 610 51
473 616 51
473 622 51
473 628 51
473 634 51
473 640 51
473 646 51
473 652 51
473 658 51
473 664 51
473 670 51
473 676 51
473 682 51
473 688 51
473 694 51
473 700 51
473 706 51
473 712 51
473 718 51
473 724 51
473 730 51
473 736 51
473 742 51
473 748 51
473 754 51
473 760 51
473 766 51
473 772 51
473 778 52
473 784 52
473 790 52
473 796 52
473 802 52
473 808 52
473 814 52
473 820 52
473 826 52
473 832 52
473 838 52
473 844 52
473 850 52
473 856 52
473 862 52
473 868 52
473 874 52
473 880 52
473 886 52
473 892 52
473 898 52
473 904 52
473 910 52
473 916 52
473 922 52
473 928 52
473 934 52
473 940 52
473 946 52
473 952 52
473 958 52
473 964 52
473 970 52
473 976 52
473 982 52
473 988 52
473 994 52
473 1000 52
473 1006 52
473 1012 52
473 1018 53
473 1024 53
479 1024 53
479 1018 53
479 1012 53
479 1006 53
479 1000 53
479 994 53
479 988 53
479 982 53
479 976 53
479 970 53
479 964 53
479 958 53
479 952 53
479 946 53
479 940 53
479 934 53
479 928 53
479 922 53
479 916 53
479 910 53
479 904 53
479 898 53
479 892 53
479 886 53
479 880 53
479 874 53
479 868 53
479 862 53
479 856 53
479 850 53
479 844 53
479 838 53
479 832 53
479 826 53
479 820 53
479 814 53
479 808 53
479 802 53
479 796 54
479 790 54
479 784 54
479 778 54
479 772 54
479 766 54
479 760 54
479 754 54
479 748 54
479 742 54
479 736 54
479 730 54
479 724 54
479 718 54
479 712 54
479 706 54
479 700 54
479 694 54
479 688 54
479 682 54
479 676 54
479 670 54
479 664 54
479 658 54
479 652 54
479 646 54
479 640 54
479 634 54
479 628 54
479 622 54
479 616 54
479 610 54
479 604 54
479 598 54
479 592 54
479 586 54
485 586 54
485 592 54
485 598 54
485 604 54
485 610 55
485 616 55
485 622 55
485 628 55
485 634 55
485 640 55
485 646 55
485 652 55
485 658 55
485 664 55
485 670 55
485 676 55
485 682 55
485 688 55
485 694 55
485 700 55
485 706 55
485 712 55
485 718 55
485 724 55
485 730 55
485 736 55
485 742 55
485 748 55
485 754 55
485 760 55
485 766 55
485 772 55
485 778 55
485 784 55
485 790 55
485 796 55
485 802 55
485 808 55
485 814 55
485 820 55
485 826 55
485 832 55
485 838 55
485 844 55
485 850 56
485 856 56
485 862 56
485 868 56
485 874 56
485 880 56
485 886 56
485 892 56
485 898 56
485 904 56
485 910 56
485 916 56
485 922 56
485 928 56
485 934 56
485 940 56
485 946 56
485 952 56
485 958 56
485 964 56
485 970 56
485 976 56
485 982 56
485 988 56
485 994 56
485 1000 56
485 1006 56
485 1012 56
485 1018 56
485 1024 56
491 1024 56
491 1018 56
491 1012 56
491 1006 56
491 1000 56
491 994 56
491 988 56
491 982 56
491 976 56
491 970 56
491 964 57
491 958 57
491 952 57
491 946 57
491 940 57
491 934 57
491 928 57
491 922 57
491 916 57
491 910 57
491 904 57
491 898 57
491 892 57
491 886 57
491 880 57
491 874 57
491 868 57
491 862 57
491 856 57
491 850 57
491 844 57
491 838 57
491 832 57
491 826 57
491 820 57
491 814 57
491 808 57
491 802 57
491 796 57
491 790 57
491 784 57
491 778 57
491 772 57
491 766 57
491 760 57
491 754 57
491 748 57
491 742 57
491 736 57
491 730 57
491 724 58
491 718 58
491 712 58
491 706 58
491 700 58
491 694 58
491 688 58
491 682 58
491 676 58
491 670 58
491 664 58
491 658 58
491 652 58
491 646 58
491 640 58
491 634 58
491 628 58
491 622 58
491 616 58
491 610 58
491 604 58
491 598 58
491 592 58
491 586 58
497 586 58
497 592 58
497 598 58
497 604 58
497 610 58
497 616 58
497 622 58
497 628 58
497 634 58
497 640 58
497 646 58
497 652 58
497 658 58
497 664 58
497 670 58
497 676 58
497 682 59
497 688 59
497 694 59
497 700 59
497 706 59
497 712 59
497 718 59
497 724 59
497 730 59
497 736 59
497 742 59
497 748 59
497 754 59
497 760 59
497 766 59
497 772 59
497 778 59
497 784 59
497 790 59
497 796 59
497 802 59
497 808 59
497 814 59
497 820 59
497 826 59
497 832 59
497 838 59
497 844 59
497 850 59
497 856 59
497 862 59
497 868 59
497 874 59
497 880 59
497 886 59
497 892 59
497 898 59
497 904 59
497 910 59
497 916 59
497 922 60
497 928 60
497 934 60
497 940 60
497 946 60
497 952 60
497 958 60
497 964 60
497 970 60
497 976 60
497 982 60
497 988 60
497 994 60
497 1000 60
497 1006 60
497 1012 60
497 1018 60
497 1024 60
503 1024 60
503 1018 60
503 1012 60
503 1006 60
503 1000 60
503 994 60
503 988 60
503 982 60
503 976 60
503 970 60
503 964 60
503 958 60
503 952 60
503 946 60
503 940 60
503 934 60
503 928 60
503 922 60
503 916 60
503 910 60
503 904 60
503 898 60
503 892 61
503 886 61
503 880 61
503 874 61
503 868 61
503 862 61
503 856 61
503 850 61
503 844 61
503 838 61
503 832 61
503 826 61
503 820 61
503 814 61
503 808 61
503 802 61
503 796 61
503 790 61
503 784 61
503 778 61
503 772 61
503 766 61
503 760 61
503 754 61
503 748 61
503 742 61
503 736 61
503 730 61
503 724 61
503 718 61
503 712 61
503 706 61
503 700 61
503 694 61
503 688 61
503 682 61
503 676 61
503 670 61
503 664 61
503 658 61
503 652 62
503 646 62
503 640 62
503 634 62
503 628 62
503 622 62
503 616 62
503 610 62
503 604 62
503 598 62
503 592 62
503 586 62
509 586 62
509 592 62
509 598 62
509 604 62
509 610 62
509 616 62
509 622 62
509 628 62
509 634 62
509 640 62
509 646 62
509 652 62
509 658 62
509 664 62
509 670 62
509 676 62
509 682 62
509 688 62
509 694 62
509 700 62
509 706 62
509 712 62
509 718 62
509 724 62
509 730 62
509 736 62
509 742 62
509 748 62
509 754 63
509 760 63
509 766 63
509 772 63
509 778 63
509 784 63
509 790 63
509 796 63
509 802 63
509 808 63
509 814 63
509 820 63
509 826 63
509 832 63
509 838 63
509 844 63
509 850 63
509 856 63
509 862 63
509 868 63
509 874 63
509 880 63
509 886 63
509 892 63
509 898 63
509 904 63
509 910 63
509 916 63
509 922 63
509 928 63
509 934 63
509 940 63
509 946 63
509 952 63
509 958 63
509 964 63
509 970 63
509 976 63
509 982 63
509 988 63
509 994 64
509 1000 64
509 1006 64
509 1012 64
509 1018 64
509 1024 64
515 1024 64
515 1018 64
515 1012 64
515 1006 64
515 1000 64
515 994 64
515 988 64
515 982 64
515 976 64
515 970 64
515 964 64
515 958 64
515 952 64
515 946 64
515 940 64
515 934 64
515 928 64
515 922 64
515 916 64
515 910 64
515 904 64
515 898 64
515 892 64
515 886 64
515 880 64
515 874 64
515 868 64
515 862 64
515 856 64
515 850 64
515 844 64
515 838 64
515 832 64
515 826 64
515 820 65
515 814 65
515 808 65
515 802 65
515 796 65
515 790 65
515 784 65
515 778 65
515 772 65
515 766 65
515 760 65
515 754 65
515 748 65
515 742 65
515 736 65
515 730 65
515 724 65
515 718 65
515 712 65
515 706 65
515 700 65
515 694 65
515 688 65
515 682 65
515 676 65
515 670 65
515 664 65
515 658 65
515 652 65
515 646 65
515 640 65
515 634 65
515 628 65
515 622 65
515 616 65
515 610 65
515 604 65
515 598 65
515 592 65
515 586 65
521 586 66
521 592 66
521 598 66
521 604 66
521 610 66
521 616 66
521 622 66
521 628 66
521 634 66
521 640 66
521 646 66
521 652 66
521 658 66
521 664 66
521 670 66
521 676 66
521 682 66
521 688 66
521 694 66
521 700 66
521 706 66
521 712 66
521 718 66
521 724 66
521 730 66
521 736 66
521 742 66
521 748 66
521 754 66
521 760 66
521 766 66
521 772 66
521 778 66
521 784 66
521 790 66
521 796 66
521 802 66
521 808 66
521 814 66
521 820 66
521 826 67
521 832 67
521 838 67
521 844 67
521 850 67
521 856 67
521 862 67
521 868 67
521 874 67
521 880 67
521 886 67
521 892 67
521 898 67
521 904 67
521 910 67
521 916 67
521 922 67
521 928 67
521 934 67
521 940 67
521 946 67
521 952 67
521 958 67
521 964 67
521 970 67
521 976 67
521 982 67
521 988 67
521 994 67
521 1000 67
521 1006 67
521 1012 67
521 1018 67
521 1024 67
527 1024 67
527 1018 67
527 1012 67
527 1006 67
527 1000 67
527 994 67
527 988 68
527 982 68
527 976 68
527 970 68
527 964 68
527 958 68
527 952 68
527 946 68
527 940 68
527 934 68
527 928 68
527 922 68
527 916 68
527 910 68
527 904 68
527 898 68
527 892 68
527 886 68
527 880 68
527 874 68
527 868 68
527 862 68
527 856 68
527 850 68
527 844 68
527 838 68
527 832 68
527 826 68
527 820 68
527 814 68
527 808 68
527 802 68
527 796 68
527 790 68
527 784 68
527 778 68
527 772 68
527 766 68
527 760 68
527 754 68
527 748 69
527 742 69
527 736 69
527 730 69
527 724 69
527 718 69
527 712 69
527 706 69
527 700 69
527 694 69
527 688 69
527 682 69
527 676 69
527 670 69
527 664 69
527 658 69
527 652 69
527 646 69
527 640 69
527 634 69
527 628 69
527 622 69
527 616 69
527 610 69
527 604 69
527 598 69
527 592 69
527 586 69
533 586 69
533 592 69
533 598 69
533 604 69
533 610 69
533 616 69
533 622 69
533 628 69
533 634 69
533 640 69
533 646 69
533 652 69
533 658 70
533 664 70
533 670 70
533 676 70
533 682 70
533 688 70
533 694 70
533 700 70
533 706 70
533 712 70
533 718 70
533 724 70
533 730 70
533 736 70
533 742 70
533 748 70
533 754 70
533 760 70
533 766 70
533 772 70
533 778 70
533 784 70
533 790 70
533 796 70
533 802 70
533 808 70
533 814 70
533 820 70
533 826 70
533 832 70
533 838 70
533 844 70
533 850 70
533 856 70
533 862 70
533 868 70
533 874 70
533 880 70
533 886 70
533 892 70
533 898 71
533 904 71
533 910 71
533 916 71
533 922 71
533 928 71
533 934 71
533 940 71
533 946 71
533 952 71
533 958 71
533 964 71
533 970 71
533 976 71
533 982 71
533 988 71
533 994 71
533 1000 71
533 1006 71
533 1012 71
533 1018 71
533 1024 71
539 1024 71
539 1018 71
539 1012 71
539 1006 71
539 1000 71
539 994 71
539 988 71
539 982 71
539 976 71
539 970 71
539 964 71
539 958 71
539 952 71
539 946 71
539 940 71
539 934 71
539 928 71
539 922 71
539 916 72
539 910 72
539 904 72
539 898 72
539 892 72
539 886 72
539 880 72
539 874 72
539 868 72
539 862 72
539 856 72
539 850 72
539 844 72
539 838 72
539 832 72
539 826 72
539 820 72
539 814 72
539 808 72
539 802 72
539 796 72
539 790 72
539 784 72
539 778 72
539 772 72
539 766 72
539 760 72
539 754 72
539 748 72
539 742 72
539 736 72
539 730 72
539 724 72
539 718 72
539 712 72
539 706 72
539 700 72
539 694 72
539 688 72
539 682 72
539 676 73
539 670 73
539 664 73
539 658 73
539 652 73
539 646 73
539 640 73
539 634 73
539 628 73
539 622 73
539 616 73
539 610 73
539 604 73
539 598 73
539 592 73
539 586 73
545 586 73
545 592 73
545 598 73
545 604 73
545 610 73
545 616 73
545 622 73
545 628 73
545 634 73
545 640 73
545 646 73
545 652 73
545 658 73
545 664 73
545 670 73
545 676 73
545 682 73
545 688 73
545 694 73
545 700 73
545 706 73
545 712 73
545 718 73
545 724 73
545 730 74
545 736 74
545 742 74
545 748 74
545 754 74
545 760 74
545 766 74
545 772 74
545 778 74
545 784 74
545 790 74
545 796 74
545 802 74
545 808 74
545 814 74
545 820 74
545 826 74
545 832 74
545 838 74
545 844 74
545 850 74
545 856 74
545 862 74
545 868 74
545 874 74
545 880 74
545 886 74
545 892 74
545 898 74
545 904 74
545 910 74
545 916 74
545 922 74
545 928 74
545 934 74
545 940 74
545 946 74
545 952 74
545 958 74
545 964 74
545 970 75
545 976 75
545 982 75
545 988 75
545 994 75
545 1000 75
545 1006 75
545 1012 75
545 1018 75
545 1024 75
551 1024 75
551 1018 75
551 1012 75
551 1006 75
551 1000 75
551 994 75
551 988 75
551 982 75
551 976 75
551 970 75
551 964 75
551 958 75
551 952 75
551 946 75
551 940 75
551 934 75
551 928 75
551 922 75
551 916 75
551 910 75
551 904 75
551 898 75
551 892 75
551 886 75
551 880 75
551 874 75
551 868 75
551 862 75
551 856 75
551 850 75
551 844 76
551 838 76
551 832 76
551 826 76
551 820 76
551 814 76
551 808 76
551 802 76
551 796 76
551 790 76
551 784 76
551 778 76
551 772 76
551 766 76
551 760 76
551 754 76
551 748 76
551 742 76
551 736 76
551 730 76
551 724 76
551 718 76
551 712 76
551 706 76
551 700 76
551 694 76
551 688 76
551 682 76
551 676 76
551 670 76
551 664 76
551 658 76
551 652 76
551 646 76
551 640 76
551 634 76
551 628 76
551 622 76
551 616 76
551 610 76
551 604 77
551 598 77
551 592 77
551 586 77
557 586 77
557 592 77
557 598 77
557 604 77
557 610 77
557 616 77
557 622 77
557 628 77
557 634 77
557 640 77
557 646 77
557 652 77
557 658 77
557 664 77
557 670 77
557 676 77
557 682 77
557 688 77
557 694 77
557 700 77
557 706 77
557 712 77
557 718 77
557 724 77
557 730 77
557 736 77
557 742 77
557 748 77
557 754 77
557 760 77
557 766 77
557 772 77
557 778 77
557 784 77
557 790 77
557 796 77
557 802 78
557 808 78
557 814 78
557 820 78
557 826 78
557 832 78
557 838 78
557 844 78
557 850 78
557 856 78
557 862 78
557 868 78
557 874 78
557 880 78
557 886 78
557 892 78
557 898 78
557 904 78
557 910 78
557 916 78
557 922 78
557 928 78
557 934 78
557 940 78
557 946 78
557 952 78
557 958 78
557 964 78
557 970 78
557 976 78
557 982 78
557 988 78
557 994 78
557 1000 78
557 1006 78
557 1012 78
557 1018 78
557 1024 78
563 1024 78
563 1018 78
563 1012 79
563 1006 79
563 1000 79
563 994 79
563 988 79
563 982 79
563 976 79
563 970 79
563 964 79
563 958 79
563 952 79
563 946 79
563 940 79
563 934 79
563 928 79
563 922 79
563 916 79
563 910 79
563 904 79
563 898 79
563 892 79
563 886 79
563 880 79
563 874 79
563 868 79
563 862 79
563 856 79
563 850 79
563 844 79
563 838 79
563 832 79
563 826 79
563 820 79
563 814 79
563 808 79
563 802 79
563 796 79
563 790 79
563 784 79
563 778 79
563 772 80
563 766 80
563 760 80
563 754 80
563 748 80
563 742 80
563 736 80
563 730 80
563 724 80
563 718 80
563 712 80
563 706 80
563 700 80
563 694 80
563 688 80
563 682 80
563 676 80
563 670 80
563 664 80
563 658 80
563 652 80
563 646 80
563 640 80
563 634 80
563 628 80
563 622 80
563 616 80
563 610 80
563 604 80
563 598 80
563 592 80
563 586 80
569 586 80
569 592 80
569 598 80
569 604 80
569 610 80
569 616 80
569 622 80
569 628 80
569 634 81
569 640 81
569 646 81
569 652 81
569 658 81
569 664 81
569 670 81
569 676 81
569 682 81
569 688 81
569 694 81
569 700 81
569 706 81
569 712 81
569 718 81
569 724 81
569 730 81
569 736 81
569 742 81
569 748 81
569 754 81
569 760 81
569 766 81
569 772 81
569 778 81
569 784 81
569 790 81
569 796 81
569 802 81
569 808 81
569 814 81
569 820 81
569 826 81
569 832 81
569 838 81
569 844 81
569 850 81
569 856 81
569 862 81
569 868 81
569 874 82
569 880 82
569 886 82
569 892 82
569 898 82
569 904 82
569 910 82
569 916 82
569 922 82
569 928 82
569 934 82
569 940 82
569 946 82
569 952 82
569 958 82
569 964 82
569 970 82
569 976 82
569 982 82
569 988 82
569 994 82
569 1000 82
569 1006 82
569 1012 82
569 1018 82
569 1024 82
575 1024 82
575 1018 82
575 1012 82
575 1006 82
575 1000 82
575 994 82
575 988 82
575 982 82
575 976 82
575 970 82
575 964 82
575 958 82
575 952 82
575 946 82
575 940 83
575 934 83
575 928 83
575 922 83
575 916 83
575 910 83
575 904 83
575 898 83
575 892 83
575 886 83
575 880 83
575 874 83
575 868 83
575 862 83
575 856 83
575 850 83
575 844 83
575 838 83
575 832 83
575 826 83
575 820 83
575 814 83
575 808 83
575 802 83
575 796 83
575 790 83
575 784 83
575 778 83
575 772 83
575 766 83
575 760 83
575 754 83
575 748 83
575 742 83
575 736 83
575 730 83
575 724 83
575 718 83
575 712 83
575 706 83
575 700 84
575 694 84
575 688 84
575 682 84
575 676 84
575 670 84
575 664 84
575 658 84
575 652 84
575 646 84
575 640 84
575 634 84
575 628 84
575 622 84
575 616 84
575 610 84
575 604 84
575 598 84
575 592 84
575 586 84
581 586 84
581 592 84
581 598 84
581 604 84
581 610 84
581 616 84
581 622 84
581 628 84
581 634 84
581 640 84
581 646 84
581 652 84
581 658 84
581 664 84
581 670 84
581 676 84
581 682 84
581 688 84
581 694 84
581 700 84
581 706 85
581 712 85
581 718 85
581 724 85
581 730 85
581 736 85
581 742 85
581 748 85
581 754 85
581 760 85
581 766 85
581 772 85
581 778 85
581 784 85
581 790 85
581 796 85
581 802 85
581 808 85
581 814 85
581 820 85
581 826 85
581 832 85
581 838 85
581 844 85
581 850 85
581 856 85
581 862 85
581 868 85
581 874 85
581 880 85
581 886 85
581 892 85
581 898 85
581 904 85
581 910 85
581 916 85
581 922 85
581 928 85
581 934 85
581 940 85
581 946 86
581 952 86
581 958 86
581 964 86
581 970 86
581 976 86
581 982 86
581 988 86
581 994 86
581 1000 86
581 1006 86
581 1012 86
581 1018 86
581 1024 86
587 1024 86
587 1018 86
587 1012 86
587 1006 86
587 1000 86
587 994 86
587 988 86
587 982 86
587 976 86
587 970 86
587 964 86
587 958 86
587 952 86
587 946 86
587 940 86
587 934 86
587 928 86
587 922 86
587 916 86
587 910 86
587 904 86
587 898 86
587 892 86
587 886 86
587 880 86
587 874 86
587 868 87
587 862 87
587 856 87
587 850 87
587 844 87
587 838 87
587 832 87
587 826 87
587 820 87
587 814 87
587 808 87
587 802 87
587 796 87
587 790 87
587 784 87
587 778 87
587 772 87
587 766 87
587 760 87
587 754 87
587 748 87
587 742 87
587 736 87
587 730 87
587 724 87
587 718 87
587 712 87
587 706 87
587 700 87
587 694 87
587 688 87
587 682 87
587 676 87
587 670 87
587 664 87
587 658 87
587 652 87
587 646 87
587 640 87
587 634 87
587 628 88
587 622 88
587 616 88
587 610 88
587 604 88
587 598 88
587 592 88
587 586 88
593 586 88
593 592 88
593 598 88
593 604 88
593 610 88
593 616 88
593 622 88
593 628 88
593 634 88
593 640 88
593 646 88
593 652 88
593 658 88
593 664 88
593 670 88
593 676 88
593 682 88
593 688 88
593 694 88
593 700 88
593 706 88
593 712 88
593 718 88
593 724 88
593 730 88
593 736 88
593 742 88
593 748 88
593 754 88
593 760 88
593 766 88
593 772 88
593 778 89
593 784 89
593 790 89
593 796 89
593 802 89
593 808 89
593 814 89
593 820 89
593 826 89
593 832 89
593 838 89
593 844 89
593 850 89
593 856 89
593 862 89
593 868 89
593 874 89
593 880 89
593 886 89
593 892 89
593 898 89
593 904 89
593 910 89
593 916 89
593 922 89
593 928 89
593 934 89
593 940 89
593 946 89
593 952 89
593 958 89
593 964 89
593 970 89
593 976 89
593 982 89
593 988 89
593 994 89
593 1000 89
593 1006 89
593 1012 89
593 1018 90
593 1024 90
599 1024 90
599 1018 90
599 1012 90
599 1006 90
599 1000 90
599 994 90
599 988 90
599 982 90
599 976 90
599 970 90
599 964 90
599 958 90
599 952 90
599 946 90
599 940 90
599 934 90
599 928 90
599 922 90
599 916 90
599 910 90
599 904 90
599 898 90
599 892 90
599 886 90
599 880 90
599 874 90
599 868 90
599 862 90
599 856 90
599 850 90
599 844 90
599 838 90
599 832 90
599 826 90
599 820 90
599 814 90
599 808 90
599 802 90
599 796 91
599 790 91
599 784 91
599 778 91
599 772 91
599 766 91
599 760 91
599 754 91
599 748 91
599 742 91
599 736 91
599 730 91
599 724 91
599 718 91
599 712 91
599 706 91
599 700 91
599 694 91
599 688 91
599 682 91
599 676 91
599 670 91
599 664 91
599 658 91
599 652 91
599 646 91
599 640 91
599 634 91
599 628 91
599 622 91
599 616 91
599 610 91
599 604 91
599 598 91
599 592 91
599 586 91
605 586 91
605 592 91
605 598 91
605 604 91
605 610 92
605 616 92
605 622 92
605 628 92
605 634 92
605 640 92
605 646 92
605 652 92
605 658 92
605 664 92
605 670 92
605 676 92
605 682 92
605 688 92
605 694 92
605 700 92
605 706 92
605 712 92
605 718 92
605 724 92
605 730 92
605 736 92
605 742 92
605 748 92
605 754 92
605 760 92
605 766 92
605 772 92
605 778 92
605 784 92
605 790 92
605 796 92
605 802 92
605 808 92
605 814 92
605 820 92
605 826 92
605 832 92
605 838 92
605 844 92
605 850 93
605 856 93
605 862 93
605 868 93
605 874 93
605 880 93
605 886 93
605 892 93
605 898 93
605 904 93
605 910 93
605 916 93
605 922 93
605 928 93
605 934 93
605 940 93
605 946 93
605 952 93
605 958 93
605 964 93
605 970 93
605 976 93
605 982 93
605 988 93
605 994 93
605 1000 93
605 1006 93
605 1012 93
605 1018 93
605 1024 93
611 1024 93
611 1018 93
611 1012 93
611 1006 93
611 1000 93
611 994 93
611 988 93
611 982 93
611 976 93
611 970 93
611 964 94
611 958 94
611 952 94
611 946 94
611 940 94
611 934 94
611 928 94
611 922 94
611 916 94
611 910 94
611 904 94
611 898 94
611 892 94
611 886 94
611 880 94
611 874 94
611 868 94
611 862 94
611 856 94
611 850 94
611 844 94
611 838 94
611 832 94
611 826 94
611 820 94
611 814 94
611 808 94
611 802 94
611 796 94
611 790 94
611 784 94
611 778 94
611 772 94
611 766 94
611 760 94
611 754 94
611 748 94
611 742 94
611 736 94
611 730 94
611 724 95
611 718 95
611 712 95
611 706 95
611 700 95
611 694 95
611 688 95
611 682 95
611 676 95
611 670 95
611 664 95
611 658 95
611 652 95
611 646 95
611 640 95
611 634 95
611 628 95
611 622 95
611 616 95
611 610 95
611 604 95
611 598 95
611 592 95
611 586 95
617 586 95
617 592 95
617 598 95
617 604 95
617 610 95
617 616 95
617 622 95
617 628 95
617 634 95
617 640 95
617 646 95
617 652 95
617 658 95
617 664 95
617 670 95
617 676 95
617 682 96
617 688 96
617 694 96
617 700 96
617 706 96
617 712 96
617 718 96
617 724 96
617 730 96
617 736 96
617 742 96
617 748 96
617 754 96
617 760 96
617 766 96
617 772 96
617 778 96
617 784 96
617 790 96
617 796 96
617 802 96
617 808 96
617 814 96
617 820 96
617 826 96
617 832 96
617 838 96
617 844 96
617 850 96
617 856 96
617 862 96
617 868 96
617 874 96
617 880 96
617 886 96
617 892 96
617 898 96
617 904 96
617 910 96
617 916 96
617 922 97
617 928 97
617 934 97
617 940 97
617 946 97
617 952 97
617 958 97
617 964 97
617 970 97
617 976 97
617 982 97
617 988 97
617 994 97
617 1000 97
617 1006 97
617 1012 97
617 1018 97
617 1024 97
623 1024 97
623 1018 97
623 1012 97
623 1006 97
623 1000 97
623 994 97
623 988 97
623 982 97
623 976 97
623 970 97
623 964 97
623 958 97
623 952 97
623 946 97
623 940 97
623 934 97
623 928 97
623 922 97
623 916 97
623 910 97
623 904 97
623 898 97
623 892 98
623 886 98
623 880 98
623 874 98
623 868 98
623 862 98
623 856 98
623 850 98
623 844 98
623 838 98
623 832 98
623 826 98
623 820 98
623 814 98
623 808 98
623 802 98
623 796 98
623 790 98
623 784 98
623 778 98
623 772 98
623 766 98
623 760 98
623 754 98
623 748 98
623 742 98
623 736 98
623 730 98
623 724 98
623 718 98
623 712 98
623 706 98
623 700 98
623 694 98
623 688 98
623 682 98
623 676 98
623 670 98
623 664 98
623 658 98
623 652 99
623 646 99
623 640 99
623 634 99
623 628 99
623 622 99
623 616 99
623 610 99
623 604 99
623 598 99
623 592 99
623 586 99
629 586 99
629 592 99
629 598 99
629 604 99
629 610 99
629 616 99
629 622 99
629 628 99
629 634 99
629 640 99
629 646 99
629 652 99
629 658 99
629 664 99
629 670 99
629 676 99
629 682 99
629 688 99
629 694 99
629 700 99
629 706 99
629 712 99
629 718 99
629 724 99
629 730 99
629 736 99
629 742 99
629 748 99
629 754 100
629 760 100
629 766 100
629 772 100
629 778 100
629 784 100
629 790 100
629 796 100
629 802 100
629 808 100
629 814 100
629 820 100
629 826 100
629 832 100
629 838 100
629 844 100
629 850 100
629 856 100
629 862 100
629 868 100
629 874 100
629 880 100
629 886 100
629 892 100
629 898 100
629 904 100
629 910 100
629 916 100
629 922 100
629 928 100
629 934 100
629 940 100
629 946 100
629 952 100
629 958 100
629 964 100
629 970 100
629 976 100
629 982 100
629 988 100
629 994 101
629 1000 101
629 1006 101
629 1012 101
629 1018 101
629 1024 101
635 1024 101
635 1018 101
635 1012 101
635 1006 101
635 1000 101
635 994 101
635 988 101
635 982 101
635 976 101
635 970 101
635 964 101
635 958 101
635 952 101
635 946 101
635 940 101
635 934 101
635 928 101
635 922 101
635 916 101
635 910 101
635 904 101
635 898 101
635 892 101
635 886 101
635 880 101
635 874 101
635 868 101
635 862 101
635 856 101
635 850 101
635 844 101
635 838 101
635 832 101
635 826 101
635 820 102
635 814 102
635 808 102
635 802 102
635 796 102
635 790 102
635 784 102
635 778 102
635 772 102
635 766 102
635 760 102
635 754 102
635 748 102
635 742 102
635 736 102
635 730 102
635 724 102
635 718 102
635 712 102
635 706 102
635 700 102
635 694 102
635 688 102
635 682 102
635 676 102
635 670 102
635 664 102
635 658 102
635 652 102
635 646 102
635 640 102
635 634 102
635 628 102
635 622 102
635 616 102
635 610 102
635 604 102
635 598 102
635 592 102
635 586 102
641 1024 103
641 1018 103
641 1012 103
641 1006 103
641 1000 103
641 994 103
641 988 103
641 982 103
641 976 103
641 970 103
641 964 103
641 958 103
641 952 103
641 946 103
641 940 103
641 934 103
641 928 103
641 922 103
641 916 103
641 910 103
641 904 103
641 898 103
641 892 103
641 886 103
641 880 103
641 874 103
641 868 103
641 862 103
641 856 103
641 850 103
641 844 103
641 838 103
641 832 103
641 826 103
641 820 103
641 814 103
641 808 103
641 802 103
641 796 103
641 790 103
641 784 104
641 778 104
641 772 104
641 766 104
641 760 104
641 754 104
641 748 104
641 742 104
641 736 104
641 730 104
641 724 104
641 718 104
641 712 104
641 706 104
641 700 104
641 694 104
641 688 104
641 682 104
641 676 104
641 670 104
641 664 104
641 658 104
641 652 104
641 646 104
641 640 104
641 634 104
641 628 104
641 622 104
641 616 104
641 610 104
641 604 104
641 598 104
641 592 104
641 586 104
