215 586 0
221 586 0
227 586 0
233 586 0
239 586 0
245 586 0
251 586 0
257 586 0
263 586 0
269 586 0
275 586 0
281 586 0
287 586 0
293 586 0
299 586 0
305 586 0
311 586 0
317 586 0
323 586 0
329 586 0
335 586 0
341 586 0
347 586 0
353 586 0
359 586 0
365 586 0
371 586 0
377 586 0
383 586 0
389 586 0
395 586 0
401 586 0
407 586 0
413 586 0
419 586 0
425 586 0
431 586 0
437 586 0
437 592 0
431 592 0
425 592 1
419 592 1
413 592 1
407 592 1
401 592 1
395 592 1
389 592 1
383 592 1
377 592 1
371 592 1
365 592 1
359 592 1
353 592 1
347 592 1
341 592 1
335 592 1
329 592 1
323 592 1
317 592 1
311 592 1
305 592 1
299 592 1
293 592 1
287 592 1
281 592 1
275 592 1
269 592 1
263 592 1
257 592 1
251 592 1
245 592 1
239 592 1
233 592 1
227 592 1
221 592 1
215 592 1
215 598 1
221 598 1
227 598 1
233 598 1
239 598 2
245 598 2
251 598 2
257 598 2
263 598 2
269 598 2
275 598 2
281 598 2
287 598 2
293 598 2
299 598 2
305 598 2
311 598 2
317 598 2
323 598 2
329 598 2
335 598 2
341 598 2
347 598 2
353 598 2
359 598 2
365 598 2
371 598 2
377 598 2
383 598 2
389 598 2
395 598 2
401 598 2
407 598 2
413 598 2
419 598 2
425 598 2
431 598 2
437 598 2
437 604 2
431 604 2
425 604 2
419 604 2
413 604 2
407 604 2
401 604 3
395 604 3
389 604 3
383 604 3
377 604 3
371 604 3
365 604 3
359 604 3
353 604 3
347 604 3
341 604 3
335 604 3
329 604 3
323 604 3
317 604 3
311 604 3
305 604 3
299 604 3
293 604 3
287 604 3
281 604 3
275 604 3
269 604 3
263 604 3
257 604 3
251 604 3
245 604 3
239 604 3
233 604 3
227 604 3
221 604 3
215 604 3
215 610 3
221 610 3
227 610 3
233 610 3
239 610 3
245 610 3
251 610 3
257 610 3
263 610 4
269 610 4
275 610 4
281 610 4
287 610 4
293 610 4
299 610 4
305 610 4
311 610 4
317 610 4
323 610 4
329 610 4
335 610 4
341 610 4
347 610 4
353 610 4
359 610 4
365 610 4
371 610 4
377 610 4
383 610 4
389 610 4
395 610 4
401 610 4
407 610 4
413 610 4
419 610 4
425 610 4
431 610 4
437 610 4
437 616 4
431 616 4
425 616 4
419 616 4
413 616 4
407 616 4
401 616 4
395 616 4
389 616 4
383 616 4
377 616 5
371 616 5
365 616 5
359 616 5
353 616 5
347 616 5
341 616 5
335 616 5
329 616 5
323 616 5
317 616 5
311 616 5
305 616 5
299 616 5
293 616 5
287 616 5
281 616 5
275 616 5
269 616 5
263 616 5
257 616 5
251 616 5
245 616 5
239 616 5
233 616 5
227 616 5
221 616 5
215 616 5
215 622 5
221 622 5
227 622 5
233 622 5
239 622 5
245 622 5
251 622 5
257 622 5
263 622 5
269 622 5
275 622 5
281 622 5
287 622 6
293 622 6
299 622 6
305 622 6
311 622 6
317 622 6
323 622 6
329 622 6
335 622 6
341 622 6
347 622 6
353 622 6
359 622 6
365 622 6
371 622 6
377 622 6
383 622 6
389 622 6
395 622 6
401 622 6
407 622 6
413 622 6
419 622 6
425 622 6
431 622 6
437 622 6
437 628 6
431 628 6
425 628 6
419 628 6
413 628 6
407 628 6
401 628 6
395 628 6
389 628 6
383 628 6
377 628 6
371 628 6
365 628 6
359 628 6
353 628 7
347 628 7
341 628 7
335 628 7
329 628 7
323 628 7
317 628 7
311 628 7
305 628 7
299 628 7
293 628 7
287 628 7
281 628 7
275 628 7
269 628 7
263 628 7
257 628 7
251 628 7
245 628 7
239 628 7
233 628 7
227 628 7
221 628 7
215 628 7
215 634 7
221 634 7
227 634 7
233 634 7
239 634 7
245 634 7
251 634 7
257 634 7
263 634 7
269 634 7
275 634 7
281 634 7
287 634 7
293 634 7
299 634 7
305 634 7
311 634 8
317 634 8
323 634 8
329 634 8
335 634 8
341 634 8
347 634 8
353 634 8
359 634 8
365 634 8
371 634 8
377 634 8
383 634 8
389 634 8
395 634 8
401 634 8
407 634 8
413 634 8
419 634 8
425 634 8
431 634 8
437 634 8
437 640 8
431 640 8
425 640 8
419 640 8
413 640 8
407 640 8
401 640 8
395 640 8
389 640 8
383 640 8
377 640 8
371 640 8
365 640 8
359 640 8
353 640 8
347 640 8
341 640 8
335 640 8
329 640 9
323 640 9
317 640 9
311 640 9
305 640 9
299 640 9
293 640 9
287 640 9
281 640 9
275 640 9
269 640 9
263 640 9
257 640 9
251 640 9
245 640 9
239 640 9
233 640 9
227 640 9
221 640 9
215 640 9
215 646 9
221 646 9
227 646 9
233 646 9
239 646 9
245 646 9
251 646 9
257 646 9
263 646 9
269 646 9
275 646 9
281 646 9
287 646 9
293 646 9
299 646 9
305 646 9
311 646 9
317 646 9
323 646 9
329 646 9
335 646 10
341 646 10
347 646 10
353 646 10
359 646 10
365 646 10
371 646 10
377 646 10
383 646 10
389 646 10
395 646 10
401 646 10
407 646 10
413 646 10
419 646 10
425 646 10
431 646 10
437 646 10
437 652 10
431 652 10
425 652 10
419 652 10
413 652 10
407 652 10
401 652 10
395 652 10
389 652 10
383 652 10
377 652 10
371 652 10
365 652 10
359 652 10
353 652 10
347 652 10
341 652 10
335 652 10
329 652 10
323 652 10
317 652 10
311 652 10
305 652 11
299 652 11
293 652 11
287 652 11
281 652 11
275 652 11
269 652 11
263 652 11
257 652 11
251 652 11
245 652 11
239 652 11
233 652 11
227 652 11
221 652 11
215 652 11
215 658 11
221 658 11
227 658 11
233 658 11
239 658 11
245 658 11
251 658 11
257 658 11
263 658 11
269 658 11
275 658 11
281 658 11
287 658 11
293 658 11
299 658 11
305 658 11
311 658 11
317 658 11
323 658 11
329 658 11
335 658 11
341 658 11
347 658 11
353 658 11
359 658 12
365 658 12
371 658 12
377 658 12
383 658 12
389 658 12
395 658 12
401 658 12
407 658 12
413 658 12
419 658 12
425 658 12
431 658 12
437 658 12
437 664 12
431 664 12
425 664 12
419 664 12
413 664 12
407 664 12
401 664 12
395 664 12
389 664 12
383 664 12
377 664 12
371 664 12
365 664 12
359 664 12
353 664 12
347 664 12
341 664 12
335 664 12
329 664 12
323 664 12
317 664 12
311 664 12
305 664 12
299 664 12
293 664 12
287 664 12
281 664 13
275 664 13
269 664 13
263 664 13
257 664 13
251 664 13
245 664 13
239 664 13
233 664 13
227 664 13
221 664 13
215 664 13
215 670 13
221 670 13
227 670 13
233 670 13
239 670 13
245 670 13
251 670 13
257 670 13
263 670 13
269 670 13
275 670 13
281 670 13
287 670 13
293 670 13
299 670 13
305 670 13
311 670 13
317 670 13
323 670 13
329 670 13
335 670 13
341 670 13
347 670 13
353 670 13
359 670 13
365 670 13
371 670 13
377 670 13
383 670 14
389 670 14
395 670 14
401 670 14
407 670 14
413 670 14
419 670 14
425 670 14
431 670 14
437 670 14
437 676 14
431 676 14
425 676 14
419 676 14
413 676 14
407 676 14
401 676 14
395 676 14
389 676 14
383 676 14
377 676 14
371 676 14
365 676 14
359 676 14
353 676 14
347 676 14
341 676 14
335 676 14
329 676 14
323 676 14
317 676 14
311 676 14
305 676 14
299 676 14
293 676 14
287 676 14
281 676 14
275 676 14
269 676 14
263 676 14
257 676 15
251 676 15
245 676 15
239 676 15
233 676 15
227 676 15
221 676 15
215 676 15
215 682 15
221 682 15
227 682 15
233 682 15
239 682 15
245 682 15
251 682 15
257 682 15
263 682 15
269 682 15
275 682 15
281 682 15
287 682 15
293 682 15
299 682 15
305 682 15
311 682 15
317 682 15
323 682 15
329 682 15
335 682 15
341 682 15
347 682 15
353 682 15
359 682 15
365 682 15
371 682 15
377 682 15
383 682 15
389 682 15
395 682 15
401 682 15
407 682 16
413 682 16
419 682 16
425 682 16
431 682 16
437 682 16
437 688 16
431 688 16
425 688 16
419 688 16
413 688 16
407 688 16
401 688 16
395 688 16
389 688 16
383 688 16
377 688 16
371 688 16
365 688 16
359 688 16
353 688 16
347 688 16
341 688 16
335 688 16
329 688 16
323 688 16
317 688 16
311 688 16
305 688 16
299 688 16
293 688 16
287 688 16
281 688 16
275 688 16
269 688 16
263 688 16
257 688 16
251 688 16
245 688 16
239 688 16
233 688 17
227 688 17
221 688 17
215 688 17
215 694 17
221 694 17
227 694 17
233 694 17
239 694 17
245 694 17
251 694 17
257 694 17
263 694 17
269 694 17
275 694 17
281 694 17
287 694 17
293 694 17
299 694 17
305 694 17
311 694 17
317 694 17
323 694 17
329 694 17
335 694 17
341 694 17
347 694 17
353 694 17
359 694 17
365 694 17
371 694 17
377 694 17
383 694 17
389 694 17
395 694 17
401 694 17
407 694 17
413 694 17
419 694 17
425 694 17
431 694 18
437 694 18
437 700 18
431 700 18
425 700 18
419 700 18
413 700 18
407 700 18
401 700 18
395 700 18
389 700 18
383 700 18
377 700 18
371 700 18
365 700 18
359 700 18
353 700 18
347 700 18
341 700 18
335 700 18
329 700 18
323 700 18
317 700 18
311 700 18
305 700 18
299 700 18
293 700 18
287 700 18
281 700 18
275 700 18
269 700 18
263 700 18
257 700 18
251 700 18
245 700 18
239 700 18
233 700 18
227 700 18
221 700 18
215 700 18
215 706 19
221 706 19
227 706 19
233 706 19
239 706 19
245 706 19
251 706 19
257 706 19
263 706 19
269 706 19
275 706 19
281 706 19
287 706 19
293 706 19
299 706 19
305 706 19
311 706 19
317 706 19
323 706 19
329 706 19
335 706 19
341 706 19
347 706 19
353 706 19
359 706 19
365 706 19
371 706 19
377 706 19
383 706 19
389 706 19
395 706 19
401 706 19
407 706 19
413 706 19
419 706 19
425 706 19
431 706 19
437 706 19
437 712 19
431 712 19
425 712 20
419 712 20
413 712 20
407 712 20
401 712 20
395 712 20
389 712 20
383 712 20
377 712 20
371 712 20
365 712 20
359 712 20
353 712 20
347 712 20
341 712 20
335 712 20
329 712 20
323 712 20
317 712 20
311 712 20
305 712 20
299 712 20
293 712 20
287 712 20
281 712 20
275 712 20
269 712 20
263 712 20
257 712 20
251 712 20
245 712 20
239 712 20
233 712 20
227 712 20
221 712 20
215 712 20
215 718 20
221 718 20
227 718 20
233 718 20
239 718 21
245 718 21
251 718 21
257 718 21
263 718 21
269 718 21
275 718 21
281 718 21
287 718 21
293 718 21
299 718 21
305 718 21
311 718 21
317 718 21
323 718 21
329 718 21
335 718 21
341 718 21
347 718 21
353 718 21
359 718 21
365 718 21
371 718 21
377 718 21
383 718 21
389 718 21
395 718 21
401 718 21
407 718 21
413 718 21
419 718 21
425 718 21
431 718 21
437 718 21
437 724 21
431 724 21
425 724 21
419 724 21
413 724 21
407 724 21
401 724 22
395 724 22
389 724 22
383 724 22
377 724 22
371 724 22
365 724 22
359 724 22
353 724 22
347 724 22
341 724 22
335 724 22
329 724 22
323 724 22
317 724 22
311 724 22
305 724 22
299 724 22
293 724 22
287 724 22
281 724 22
275 724 22
269 724 22
263 724 22
257 724 22
251 724 22
245 724 22
239 724 22
233 724 22
227 724 22
221 724 22
215 724 22
215 730 22
221 730 22
227 730 22
233 730 22
239 730 22
245 730 22
251 730 22
257 730 22
263 730 23
269 730 23
275 730 23
281 730 23
287 730 23
293 730 23
299 730 23
305 730 23
311 730 23
317 730 23
323 730 23
329 730 23
335 730 23
341 730 23
347 730 23
353 730 23
359 730 23
365 730 23
371 730 23
377 730 23
383 730 23
389 730 23
395 730 23
401 730 23
407 730 23
413 730 23
419 730 23
425 730 23
431 730 23
437 730 23
437 736 23
431 736 23
425 736 23
419 736 23
413 736 23
407 736 23
401 736 23
395 736 23
389 736 23
383 736 23
377 736 24
371 736 24
365 736 24
359 736 24
353 736 24
347 736 24
341 736 24
335 736 24
329 736 24
323 736 24
317 736 24
311 736 24
305 736 24
299 736 24
293 736 24
287 736 24
281 736 24
275 736 24
269 736 24
263 736 24
257 736 24
251 736 24
245 736 24
239 736 24
233 736 24
227 736 24
221 736 24
215 736 24
215 742 24
221 742 24
227 742 24
233 742 24
239 742 24
245 742 24
251 742 24
257 742 24
263 742 24
269 742 24
275 742 24
281 742 24
287 742 25
293 742 25
299 742 25
305 742 25
311 742 25
317 742 25
323 742 25
329 742 25
335 742 25
341 742 25
347 742 25
353 742 25
359 742 25
365 742 25
371 742 25
377 742 25
383 742 25
389 742 25
395 742 25
401 742 25
407 742 25
413 742 25
419 742 25
425 742 25
431 742 25
437 742 25
437 748 25
431 748 25
425 748 25
419 748 25
413 748 25
407 748 25
401 748 25
395 748 25
389 748 25
383 748 25
377 748 25
371 748 25
365 748 25
359 748 25
353 748 26
347 748 26
341 748 26
335 748 26
329 748 26
323 748 26
317 748 26
311 748 26
305 748 26
299 748 26
293 748 26
287 748 26
281 748 26
275 748 26
269 748 26
263 748 26
257 748 26
251 748 26
245 748 26
239 748 26
233 748 26
227 748 26
221 748 26
215 748 26
215 754 26
221 754 26
227 754 26
233 754 26
239 754 26
245 754 26
251 754 26
257 754 26
263 754 26
269 754 26
275 754 26
281 754 26
287 754 26
293 754 26
299 754 26
305 754 26
311 754 27
317 754 27
323 754 27
329 754 27
335 754 27
341 754 27
347 754 27
353 754 27
359 754 27
365 754 27
371 754 27
377 754 27
383 754 27
389 754 27
395 754 27
401 754 27
407 754 27
413 754 27
419 754 27
425 754 27
431 754 27
437 754 27
437 760 27
431 760 27
425 760 27
419 760 27
413 760 27
407 760 27
401 760 27
395 760 27
389 760 27
383 760 27
377 760 27
371 760 27
365 760 27
359 760 27
353 760 27
347 760 27
341 760 27
335 760 27
329 760 28
323 760 28
317 760 28
311 760 28
305 760 28
299 760 28
293 760 28
287 760 28
281 760 28
275 760 28
269 760 28
263 760 28
257 760 28
251 760 28
245 760 28
239 760 28
233 760 28
227 760 28
221 760 28
215 760 28
215 766 28
221 766 28
227 766 28
233 766 28
239 766 28
245 766 28
251 766 28
257 766 28
263 766 28
269 766 28
275 766 28
281 766 28
287 766 28
293 766 28
299 766 28
305 766 28
311 766 28
317 766 28
323 766 28
329 766 28
335 766 29
341 766 29
347 766 29
353 766 29
359 766 29
365 766 29
371 766 29
377 766 29
383 766 29
389 766 29
395 766 29
401 766 29
407 766 29
413 766 29
419 766 29
425 766 29
431 766 29
437 766 29
437 772 29
431 772 29
425 772 29
419 772 29
413 772 29
407 772 29
401 772 29
395 772 29
389 772 29
383 772 29
377 772 29
371 772 29
365 772 29
359 772 29
353 772 29
347 772 29
341 772 29
335 772 29
329 772 29
323 772 29
317 772 29
311 772 29
305 772 30
299 772 30
293 772 30
287 772 30
281 772 30
275 772 30
269 772 30
263 772 30
257 772 30
251 772 30
245 772 30
239 772 30
233 772 30
227 772 30
221 772 30
215 772 30
293 778 30
299 778 30
305 778 30
311 778 30
317 778 30
323 778 30
329 778 30
335 778 30
341 778 30
347 778 30
353 778 30
359 778 30
365 778 30
371 778 30
377 778 30
383 778 30
389 778 30
395 778 30
401 778 30
407 778 30
413 778 30
419 778 30
425 778 30
431 778 30
437 778 31
437 784 31
431 784 31
425 784 31
419 784 31
413 784 31
407 784 31
401 784 31
395 784 31
389 784 31
383 784 31
377 784 31
371 784 31
365 784 31
359 784 31
353 784 31
347 784 31
341 784 31
335 784 31
329 784 31
323 784 31
317 784 31
311 784 31
305 784 31
299 784 31
293 784 31
293 790 31
299 790 31
305 790 31
311 790 31
317 790 31
323 790 31
329 790 31
335 790 31
341 790 31
347 790 31
353 790 31
359 790 31
365 790 31
371 790 31
377 790 32
383 790 32
389 790 32
395 790 32
401 790 32
407 790 32
413 790 32
419 790 32
425 790 32
431 790 32
437 790 32
437 796 32
431 796 32
425 796 32
419 796 32
413 796 32
407 796 32
401 796 32
395 796 32
389 796 32
383 796 32
377 796 32
371 796 32
365 796 32
359 796 32
353 796 32
347 796 32
341 796 32
335 796 32
329 796 32
323 796 32
317 796 32
311 796 32
305 796 32
299 796 32
293 796 32
293 802 32
299 802 32
305 802 32
311 802 32
317 802 33
323 802 33
329 802 33
335 802 33
341 802 33
347 802 33
353 802 33
359 802 33
365 802 33
371 802 33
377 802 33
383 802 33
389 802 33
395 802 33
401 802 33
407 802 33
413 802 33
419 802 33
425 802 33
431 802 33
437 802 33
437 808 33
431 808 33
425 808 33
419 808 33
413 808 33
407 808 33
401 808 33
395 808 33
389 808 33
383 808 33
377 808 33
371 808 33
365 808 33
359 808 33
353 808 33
347 808 33
341 808 33
335 808 33
329 808 33
323 808 34
317 808 34
311 808 34
305 808 34
299 808 34
293 808 34
293 814 34
299 814 34
305 814 34
311 814 34
317 814 34
323 814 34
329 814 34
335 814 34
341 814 34
347 814 34
353 814 34
359 814 34
365 814 34
371 814 34
377 814 34
383 814 34
389 814 34
395 814 34
401 814 34
407 814 34
413 814 34
419 814 34
425 814 34
431 814 34
437 814 34
437 820 34
431 820 34
425 820 34
419 820 34
413 820 34
407 820 34
401 820 34
395 820 34
389 820 34
383 820 35
377 820 35
371 820 35
365 820 35
359 820 35
353 820 35
347 820 35
341 820 35
335 820 35
329 820 35
323 820 35
317 820 35
311 820 35
305 820 35
299 820 35
293 820 35
293 826 35
299 826 35
305 826 35
311 826 35
317 826 35
323 826 35
329 826 35
335 826 35
341 826 35
347 826 35
353 826 35
359 826 35
365 826 35
371 826 35
377 826 35
383 826 35
389 826 35
395 826 35
401 826 35
407 826 35
413 826 35
419 826 35
425 826 35
431 826 35
437 826 36
437 832 36
431 832 36
425 832 36
419 832 36
413 832 36
407 832 36
401 832 36
395 832 36
389 832 36
383 832 36
377 832 36
371 832 36
365 832 36
359 832 36
353 832 36
347 832 36
341 832 36
335 832 36
329 832 36
323 832 36
317 832 36
311 832 36
305 832 36
299 832 36
293 832 36
293 838 36
299 838 36
305 838 36
311 838 36
317 838 36
323 838 36
329 838 36
335 838 36
341 838 36
347 838 36
353 838 36
359 838 36
365 838 36
371 838 36
377 838 37
383 838 37
389 838 37
395 838 37
401 838 37
407 838 37
413 838 37
419 838 37
425 838 37
431 838 37
437 838 37
437 844 37
431 844 37
425 844 37
419 844 37
413 844 37
407 844 37
401 844 37
395 844 37
389 844 37
383 844 37
377 844 37
371 844 37
365 844 37
359 844 37
353 844 37
347 844 37
341 844 37
335 844 37
329 844 37
323 844 37
317 844 37
311 844 37
305 844 37
299 844 37
293 844 37
293 850 37
299 850 37
305 850 37
311 850 37
317 850 38
323 850 38
329 850 38
335 850 38
341 850 38
347 850 38
353 850 38
359 850 38
365 850 38
371 850 38
377 850 38
383 850 38
389 850 38
395 850 38
401 850 38
407 850 38
413 850 38
419 850 38
425 850 38
431 850 38
437 850 38
437 856 38
431 856 38
425 856 38
419 856 38
413 856 38
407 856 38
401 856 38
395 856 38
389 856 38
383 856 38
377 856 38
371 856 38
365 856 38
359 856 38
353 856 38
347 856 38
341 856 38
335 856 38
329 856 38
323 856 39
317 856 39
311 856 39
305 856 39
299 856 39
293 856 39
293 862 39
299 862 39
305 862 39
311 862 39
317 862 39
323 862 39
329 862 39
335 862 39
341 862 39
347 862 39
353 862 39
359 862 39
365 862 39
371 862 39
377 862 39
383 862 39
389 862 39
395 862 39
401 862 39
407 862 39
413 862 39
419 862 39
425 862 39
431 862 39
437 862 39
437 868 39
431 868 39
425 868 39
419 868 39
413 868 39
407 868 39
401 868 39
395 868 39
389 868 39
383 868 40
377 868 40
371 868 40
365 868 40
359 868 40
353 868 40
347 868 40
341 868 40
335 868 40
329 868 40
323 868 40
317 868 40
311 868 40
305 868 40
299 868 40
293 868 40
293 874 40
299 874 40
305 874 40
311 874 40
317 874 40
323 874 40
329 874 40
335 874 40
341 874 40
347 874 40
353 874 40
359 874 40
365 874 40
371 874 40
377 874 40
383 874 40
389 874 40
395 874 40
401 874 40
407 874 40
413 874 40
419 874 40
425 874 40
431 874 40
437 874 41
437 880 41
431 880 41
425 880 41
419 880 41
413 880 41
407 880 41
401 880 41
395 880 41
389 880 41
383 880 41
377 880 41
371 880 41
365 880 41
359 880 41
353 880 41
347 880 41
341 880 41
335 880 41
329 880 41
323 880 41
317 880 41
311 880 41
305 880 41
299 880 41
293 880 41
293 886 41
299 886 41
305 886 41
311 886 41
317 886 41
323 886 41
329 886 41
335 886 41
341 886 41
347 886 41
353 886 41
359 886 41
365 886 41
371 886 41
377 886 42
383 886 42
389 886 42
395 886 42
401 886 42
407 886 42
413 886 42
419 886 42
425 886 42
431 886 42
437 886 42
437 892 42
431 892 42
425 892 42
419 892 42
413 892 42
407 892 42
401 892 42
395 892 42
389 892 42
383 892 42
377 892 42
371 892 42
365 892 42
359 892 42
353 892 42
347 892 42
341 892 42
335 892 42
329 892 42
323 892 42
317 892 42
311 892 42
305 892 42
299 892 42
293 892 42
293 898 42
299 898 42
305 898 42
311 898 42
317 898 43
323 898 43
329 898 43
335 898 43
341 898 43
347 898 43
353 898 43
359 898 43
365 898 43
371 898 43
377 898 43
383 898 43
389 898 43
395 898 43
401 898 43
407 898 43
413 898 43
419 898 43
425 898 43
431 898 43
437 898 43
461 1024 43
467 1024 43
473 1024 43
479 1024 43
485 1024 43
491 1024 43
497 1024 43
503 1024 43
509 1024 43
515 1024 43
521 1024 43
527 1024 43
533 1024 43
539 1024 43
545 1024 43
551 1024 43
557 1024 43
563 1024 43
569 1024 43
575 1024 44
581 1024 44
587 1024 44
593 1024 44
599 1024 44
605 1024 44
611 1024 44
617 1024 44
623 1024 44
629 1024 44
635 1024 44
641 1024 44
641 1018 44
635 1018 44
629 1018 44
623 1018 44
617 1018 44
611 1018 44
605 1018 44
599 1018 44
593 1018 44
587 1018 44
581 1018 44
575 1018 44
569 1018 44
563 1018 44
557 1018 44
551 1018 44
545 1018 44
539 1018 44
533 1018 44
527 1018 44
521 1018 44
515 1018 44
509 1018 44
503 1018 44
497 1018 44
491 1018 44
485 1018 44
479 1018 44
473 1018 45
467 1018 45
461 1018 45
461 1012 45
467 1012 45
473 1012 45
479 1012 45
485 1012 45
491 1012 45
497 1012 45
503 1012 45
509 1012 45
515 1012 45
521 1012 45
527 1012 45
533 1012 45
539 1012 45
545 1012 45
551 1012 45
557 1012 45
563 1012 45
569 1012 45
575 1012 45
581 1012 45
587 1012 45
593 1012 45
599 1012 45
605 1012 45
611 1012 45
617 1012 45
623 1012 45
629 1012 45
635 1012 45
641 1012 45
641 1006 45
635 1006 45
629 1006 45
623 1006 45
617 1006 45
611 1006 45
605 1006 46
599 1006 46
593 1006 46
587 1006 46
581 1006 46
575 1006 46
569 1006 46
563 1006 46
557 1006 46
551 1006 46
545 1006 46
539 1006 46
533 1006 46
527 1006 46
521 1006 46
515 1006 46
509 1006 46
503 1006 46
497 1006 46
491 1006 46
485 1006 46
479 1006 46
473 1006 46
467 1006 46
461 1006 46
461 1000 46
467 1000 46
473 1000 46
479 1000 46
485 1000 46
491 1000 46
497 1000 46
503 1000 46
509 1000 46
515 1000 46
521 1000 46
527 1000 46
533 1000 46
539 1000 46
545 1000 46
551 1000 47
557 1000 47
563 1000 47
569 1000 47
575 1000 47
581 1000 47
587 1000 47
593 1000 47
599 1000 47
605 1000 47
611 1000 47
617 1000 47
623 1000 47
629 1000 47
635 1000 47
641 1000 47
641 994 47
635 994 47
629 994 47
623 994 47
617 994 47
611 994 47
605 994 47
599 994 47
593 994 47
587 994 47
581 994 47
575 994 47
569 994 47
563 994 47
557 994 47
551 994 47
545 994 47
539 994 47
533 994 47
527 994 47
521 994 47
515 994 47
509 994 47
503 994 47
497 994 48
491 994 48
485 994 48
479 994 48
473 994 48
467 994 48
461 994 48
461 988 48
467 988 48
473 988 48
479 988 48
485 988 48
491 988 48
497 988 48
503 988 48
509 988 48
515 988 48
521 988 48
527 988 48
533 988 48
539 988 48
545 988 48
551 988 48
557 988 48
563 988 48
569 988 48
575 988 48
581 988 48
587 988 48
593 988 48
599 988 48
605 988 48
611 988 48
617 988 48
623 988 48
629 988 48
635 988 48
641 988 48
641 982 48
635 982 48
629 982 49
623 982 49
617 982 49
611 982 49
605 982 49
599 982 49
593 982 49
587 982 49
581 982 49
575 982 49
569 982 49
563 982 49
557 982 49
551 982 49
545 982 49
539 982 49
533 982 49
527 982 49
521 982 49
515 982 49
509 982 49
503 982 49
497 982 49
491 982 49
485 982 49
479 982 49
473 982 49
467 982 49
461 982 49
461 976 49
467 976 49
473 976 49
479 976 49
485 976 49
491 976 49
497 976 49
503 976 49
509 976 49
515 976 49
521 976 49
527 976 50
533 976 50
539 976 50
545 976 50
551 976 50
557 976 50
563 976 50
569 976 50
575 976 50
581 976 50
587 976 50
593 976 50
599 976 50
605 976 50
611 976 50
617 976 50
623 976 50
629 976 50
635 976 50
641 976 50
641 970 50
635 970 50
629 970 50
623 970 50
617 970 50
611 970 50
605 970 50
599 970 50
593 970 50
587 970 50
581 970 50
575 970 50
569 970 50
563 970 50
557 970 50
551 970 50
545 970 50
539 970 50
533 970 50
527 970 50
521 970 51
515 970 51
509 970 51
503 970 51
497 970 51
491 970 51
485 970 51
479 970 51
473 970 51
467 970 51
461 970 51
461 964 51
467 964 51
473 964 51
479 964 51
485 964 51
491 964 51
497 964 51
503 964 51
509 964 51
515 964 51
521 964 51
527 964 51
533 964 51
539 964 51
545 964 51
551 964 51
557 964 51
563 964 51
569 964 51
575 964 51
581 964 51
587 964 51
593 964 51
599 964 51
605 964 51
611 964 51
617 964 51
623 964 51
629 964 51
635 964 52
641 964 52
641 958 52
635 958 52
629 958 52
623 958 52
617 958 52
611 958 52
605 958 52
599 958 52
593 958 52
587 958 52
581 958 52
575 958 52
569 958 52
563 958 52
557 958 52
551 958 52
545 958 52
539 958 52
533 958 52
527 958 52
521 958 52
515 958 52
509 958 52
503 958 52
497 958 52
491 958 52
485 958 52
479 958 52
473 958 52
467 958 52
461 958 52
461 952 52
467 952 52
473 952 52
479 952 52
485 952 52
491 952 52
497 952 52
503 952 53
509 952 53
515 952 53
521 952 53
527 952 53
533 952 53
539 952 53
545 952 53
551 952 53
557 952 53
563 952 53
569 952 53
575 952 53
581 952 53
587 952 53
593 952 53
599 952 53
605 952 53
611 952 53
617 952 53
623 952 53
629 952 53
635 952 53
641 952 53
641 946 53
635 946 53
629 946 53
623 946 53
617 946 53
611 946 53
605 946 53
599 946 53
593 946 53
587 946 53
581 946 53
575 946 53
569 946 53
563 946 53
557 946 53
551 946 53
545 946 54
539 946 54
533 946 54
527 946 54
521 946 54
515 946 54
509 946 54
503 946 54
497 946 54
491 946 54
485 946 54
479 946 54
473 946 54
467 946 54
461 946 54
461 940 54
467 940 54
473 940 54
479 940 54
485 940 54
491 940 54
497 940 54
503 940 54
509 940 54
515 940 54
521 940 54
527 940 54
533 940 54
539 940 54
545 940 54
551 940 54
557 940 54
563 940 54
569 940 54
575 940 54
581 940 54
587 940 54
593 940 54
599 940 54
605 940 54
611 940 55
617 940 55
623 940 55
629 940 55
635 940 55
641 940 55
641 934 55
635 934 55
629 934 55
623 934 55
617 934 55
611 934 55
605 934 55
599 934 55
593 934 55
587 934 55
581 934 55
575 934 55
569 934 55
563 934 55
557 934 55
551 934 55
545 934 55
539 934 55
533 934 55
527 934 55
521 934 55
515 934 55
509 934 55
503 934 55
497 934 55
491 934 55
485 934 55
479 934 55
473 934 55
467 934 55
461 934 55
461 928 55
467 928 55
473 928 55
479 928 56
485 928 56
491 928 56
497 928 56
503 928 56
509 928 56
515 928 56
521 928 56
527 928 56
533 928 56
539 928 56
545 928 56
551 928 56
557 928 56
563 928 56
569 928 56
575 928 56
581 928 56
587 928 56
593 928 56
599 928 56
605 928 56
611 928 56
617 928 56
623 928 56
629 928 56
635 928 56
641 928 56
641 922 56
635 922 56
629 922 56
623 922 56
617 922 56
611 922 56
605 922 56
599 922 56
593 922 56
587 922 56
581 922 56
575 922 56
569 922 57
563 922 57
557 922 57
551 922 57
545 922 57
539 922 57
533 922 57
527 922 57
521 922 57
515 922 57
509 922 57
503 922 57
497 922 57
491 922 57
485 922 57
479 922 57
473 922 57
467 922 57
461 922 57
461 916 57
467 916 57
473 916 57
479 916 57
485 916 57
491 916 57
497 916 57
503 916 57
509 916 57
515 916 57
521 916 57
527 916 57
533 916 57
539 916 57
545 916 57
551 916 57
557 916 57
563 916 57
569 916 57
575 916 57
581 916 57
587 916 58
593 916 58
599 916 58
605 916 58
611 916 58
617 916 58
623 916 58
629 916 58
635 916 58
641 916 58
641 910 58
635 910 58
629 910 58
623 910 58
617 910 58
611 910 58
605 910 58
599 910 58
593 910 58
587 910 58
581 910 58
575 910 58
569 910 58
563 910 58
557 910 58
551 910 58
545 910 58
539 910 58
533 910 58
527 910 58
521 910 58
515 910 58
509 910 58
503 910 58
497 910 58
491 910 58
485 910 58
479 910 58
473 910 58
467 910 58
461 910 59
461 904 59
467 904 59
473 904 59
479 904 59
485 904 59
491 904 59
497 904 59
503 904 59
509 904 59
515 904 59
521 904 59
527 904 59
533 904 59
539 904 59
545 904 59
551 904 59
557 904 59
563 904 59
569 904 59
575 904 59
581 904 59
587 904 59
593 904 59
599 904 59
605 904 59
611 904 59
617 904 59
623 904 59
629 904 59
635 904 59
641 904 59
641 898 59
635 898 59
629 898 59
623 898 59
617 898 59
611 898 59
605 898 59
599 898 59
593 898 60
587 898 60
581 898 60
575 898 60
569 898 60
563 898 60
557 898 60
551 898 60
545 898 60
539 898 60
533 898 60
527 898 60
521 898 60
515 898 60
509 898 60
503 898 60
497 898 60
491 898 60
485 898 60
479 898 60
473 898 60
467 898 60
461 898 60
455 898 60
449 898 60
443 898 60
443 892 60
449 892 60
455 892 60
461 892 60
467 892 60
473 892 60
479 892 60
485 892 60
491 892 60
497 892 60
503 892 60
509 892 60
515 892 60
521 892 60
527 892 61
533 892 61
539 892 61
545 892 61
551 892 61
557 892 61
563 892 61
569 892 61
575 892 61
581 892 61
587 892 61
593 892 61
599 892 61
605 892 61
611 892 61
617 892 61
623 892 61
629 892 61
635 892 61
641 892 61
641 886 61
635 886 61
629 886 61
623 886 61
617 886 61
611 886 61
605 886 61
599 886 61
593 886 61
587 886 61
581 886 61
575 886 61
569 886 61
563 886 61
557 886 61
551 886 61
545 886 61
539 886 61
533 886 61
527 886 61
521 886 62
515 886 62
509 886 62
503 886 62
497 886 62
491 886 62
485 886 62
479 886 62
473 886 62
467 886 62
461 886 62
455 886 62
449 886 62
443 886 62
443 880 62
449 880 62
455 880 62
461 880 62
467 880 62
473 880 62
479 880 62
485 880 62
491 880 62
497 880 62
503 880 62
509 880 62
515 880 62
521 880 62
527 880 62
533 880 62
539 880 62
545 880 62
551 880 62
557 880 62
563 880 62
569 880 62
575 880 62
581 880 62
587 880 62
593 880 62
599 880 63
605 880 63
611 880 63
617 880 63
623 880 63
629 880 63
635 880 63
641 880 63
641 874 63
635 874 63
629 874 63
623 874 63
617 874 63
611 874 63
605 874 63
599 874 63
593 874 63
587 874 63
581 874 63
575 874 63
569 874 63
563 874 63
557 874 63
551 874 63
545 874 63
539 874 63
533 874 63
527 874 63
521 874 63
515 874 63
509 874 63
503 874 63
497 874 63
491 874 63
485 874 63
479 874 63
473 874 63
467 874 63
461 874 63
455 874 63
449 874 64
443 874 64
443 868 64
449 868 64
455 868 64
461 868 64
467 868 64
473 868 64
479 868 64
485 868 64
491 868 64
497 868 64
503 868 64
509 868 64
515 868 64
521 868 64
527 868 64
533 868 64
539 868 64
545 868 64
551 868 64
557 868 64
563 868 64
569 868 64
575 868 64
581 868 64
587 868 64
593 868 64
599 868 64
605 868 64
611 868 64
617 868 64
623 868 64
629 868 64
635 868 64
641 868 64
641 862 64
635 862 64
629 862 64
623 862 64
617 862 65
611 862 65
605 862 65
599 862 65
593 862 65
587 862 65
581 862 65
575 862 65
569 862 65
563 862 65
557 862 65
551 862 65
545 862 65
539 862 65
533 862 65
527 862 65
521 862 65
515 862 65
509 862 65
503 862 65
497 862 65
491 862 65
485 862 65
479 862 65
473 862 65
467 862 65
461 862 65
455 862 65
449 862 65
443 862 65
443 856 65
449 856 65
455 856 65
461 856 65
467 856 65
473 856 65
479 856 65
485 856 65
491 856 65
497 856 65
503 856 66
509 856 66
515 856 66
521 856 66
527 856 66
533 856 66
539 856 66
545 856 66
551 856 66
557 856 66
563 856 66
569 856 66
575 856 66
581 856 66
587 856 66
593 856 66
599 856 66
605 856 66
611 856 66
617 856 66
623 856 66
629 856 66
635 856 66
641 856 66
641 850 66
635 850 66
629 850 66
623 850 66
617 850 66
611 850 66
605 850 66
599 850 66
593 850 66
587 850 66
581 850 66
575 850 66
569 850 66
563 850 66
557 850 66
551 850 66
545 850 67
539 850 67
533 850 67
527 850 67
521 850 67
515 850 67
509 850 67
503 850 67
497 850 67
491 850 67
485 850 67
479 850 67
473 850 67
467 850 67
461 850 67
455 850 67
449 850 67
443 850 67
443 844 67
449 844 67
455 844 67
461 844 67
467 844 67
473 844 67
479 844 67
485 844 67
491 844 67
497 844 67
503 844 67
509 844 67
515 844 67
521 844 67
527 844 67
533 844 67
539 844 67
545 844 67
551 844 67
557 844 67
563 844 67
569 844 67
575 844 68
581 844 68
587 844 68
593 844 68
599 844 68
605 844 68
611 844 68
617 844 68
623 844 68
629 844 68
635 844 68
641 844 68
641 838 68
635 838 68
629 838 68
623 838 68
617 838 68
611 838 68
605 838 68
599 838 68
593 838 68
587 838 68
581 838 68
575 838 68
569 838 68
563 838 68
557 838 68
551 838 68
545 838 68
539 838 68
533 838 68
527 838 68
521 838 68
515 838 68
509 838 68
503 838 68
497 838 68
491 838 68
485 838 68
479 838 68
473 838 69
467 838 69
461 838 69
455 838 69
449 838 69
443 838 69
443 832 69
449 832 69
455 832 69
461 832 69
467 832 69
473 832 69
479 832 69
485 832 69
491 832 69
497 832 69
503 832 69
509 832 69
515 832 69
521 832 69
527 832 69
533 832 69
539 832 69
545 832 69
551 832 69
557 832 69
563 832 69
569 832 69
575 832 69
581 832 69
587 832 69
593 832 69
599 832 69
605 832 69
611 832 69
617 832 69
623 832 69
629 832 69
635 832 69
641 832 69
641 826 70
635 826 70
629 826 70
623 826 70
617 826 70
611 826 70
605 826 70
599 826 70
593 826 70
587 826 70
581 826 70
575 826 70
569 826 70
563 826 70
557 826 70
551 826 70
545 826 70
539 826 70
533 826 70
527 826 70
521 826 70
515 826 70
509 826 70
503 826 70
497 826 70
491 826 70
485 826 70
479 826 70
473 826 70
467 826 70
461 826 70
455 826 70
449 826 70
443 826 70
443 820 70
449 820 70
455 820 70
461 820 70
467 820 70
473 820 70
479 820 71
485 820 71
491 820 71
497 820 71
503 820 71
509 820 71
515 820 71
521 820 71
527 820 71
533 820 71
539 820 71
545 820 71
551 820 71
557 820 71
563 820 71
569 820 71
575 820 71
581 820 71
587 820 71
593 820 71
599 820 71
605 820 71
611 820 71
617 820 71
623 820 71
629 820 71
635 820 71
641 820 71
641 814 71
635 814 71
629 814 71
623 814 71
617 814 71
611 814 71
605 814 71
599 814 71
593 814 71
587 814 71
581 814 71
575 814 71
569 814 72
563 814 72
557 814 72
551 814 72
545 814 72
539 814 72
533 814 72
527 814 72
521 814 72
515 814 72
509 814 72
503 814 72
497 814 72
491 814 72
485 814 72
479 814 72
473 814 72
467 814 72
461 814 72
455 814 72
449 814 72
443 814 72
443 808 72
449 808 72
455 808 72
461 808 72
467 808 72
473 808 72
479 808 72
485 808 72
491 808 72
497 808 72
503 808 72
509 808 72
515 808 72
521 808 72
527 808 72
533 808 72
539 808 72
545 808 72
551 808 73
557 808 73
563 808 73
569 808 73
575 808 73
581 808 73
587 808 73
593 808 73
599 808 73
605 808 73
611 808 73
617 808 73
623 808 73
629 808 73
635 808 73
641 808 73
641 802 73
635 802 73
629 802 73
623 802 73
617 802 73
611 802 73
605 802 73
599 802 73
593 802 73
587 802 73
581 802 73
575 802 73
569 802 73
563 802 73
557 802 73
551 802 73
545 802 73
539 802 73
533 802 73
527 802 73
521 802 73
515 802 73
509 802 73
503 802 73
497 802 74
491 802 74
485 802 74
479 802 74
473 802 74
467 802 74
461 802 74
455 802 74
449 802 74
443 802 74
443 796 74
449 796 74
455 796 74
461 796 74
467 796 74
473 796 74
479 796 74
485 796 74
491 796 74
497 796 74
503 796 74
509 796 74
515 796 74
521 796 74
527 796 74
533 796 74
539 796 74
545 796 74
551 796 74
557 796 74
563 796 74
569 796 74
575 796 74
581 796 74
587 796 74
593 796 74
599 796 74
605 796 74
611 796 74
617 796 74
623 796 75
629 796 75
635 796 75
641 796 75
641 790 75
635 790 75
629 790 75
623 790 75
617 790 75
611 790 75
605 790 75
599 790 75
593 790 75
587 790 75
581 790 75
575 790 75
569 790 75
563 790 75
557 790 75
551 790 75
545 790 75
539 790 75
533 790 75
527 790 75
521 790 75
515 790 75
509 790 75
503 790 75
497 790 75
491 790 75
485 790 75
479 790 75
473 790 75
467 790 75
461 790 75
455 790 75
449 790 75
443 790 75
443 784 75
449 784 75
455 784 76
461 784 76
467 784 76
473 784 76
479 784 76
485 784 76
491 784 76
497 784 76
503 784 76
509 784 76
515 784 76
521 784 76
527 784 76
533 784 76
539 784 76
545 784 76
551 784 76
557 784 76
563 784 76
569 784 76
575 784 76
581 784 76
587 784 76
593 784 76
599 784 76
605 784 76
611 784 76
617 784 76
623 784 76
629 784 76
635 784 76
641 784 76
641 778 76
635 778 76
629 778 76
623 778 76
617 778 76
611 778 76
605 778 76
599 778 76
593 778 77
587 778 77
581 778 77
575 778 77
569 778 77
563 778 77
557 778 77
551 778 77
545 778 77
539 778 77
533 778 77
527 778 77
521 778 77
515 778 77
509 778 77
503 778 77
497 778 77
491 778 77
485 778 77
479 778 77
473 778 77
467 778 77
461 778 77
455 778 77
449 778 77
443 778 77
443 772 77
449 772 77
455 772 77
461 772 77
467 772 77
473 772 77
479 772 77
485 772 77
491 772 77
497 772 77
503 772 77
509 772 77
515 772 77
521 772 77
527 772 78
533 772 78
539 772 78
545 772 78
551 772 78
557 772 78
563 772 78
569 772 78
575 772 78
581 772 78
587 772 78
593 772 78
599 772 78
605 772 78
611 772 78
617 772 78
623 772 78
629 772 78
635 772 78
641 772 78
641 766 78
635 766 78
629 766 78
623 766 78
617 766 78
611 766 78
605 766 78
599 766 78
593 766 78
587 766 78
581 766 78
575 766 78
569 766 78
563 766 78
557 766 78
551 766 78
545 766 78
539 766 78
533 766 78
527 766 78
521 766 79
515 766 79
509 766 79
503 766 79
497 766 79
491 766 79
485 766 79
479 766 79
473 766 79
467 766 79
461 766 79
455 766 79
449 766 79
443 766 79
443 760 79
449 760 79
455 760 79
461 760 79
467 760 79
473 760 79
479 760 79
485 760 79
491 760 79
497 760 79
503 760 79
509 760 79
515 760 79
521 760 79
527 760 79
533 760 79
539 760 79
545 760 79
551 760 79
557 760 79
563 760 79
569 760 79
575 760 79
581 760 79
587 760 79
593 760 79
599 760 80
605 760 80
611 760 80
617 760 80
623 760 80
629 760 80
635 760 80
641 760 80
641 754 80
635 754 80
629 754 80
623 754 80
617 754 80
611 754 80
605 754 80
599 754 80
593 754 80
587 754 80
581 754 80
575 754 80
569 754 80
563 754 80
557 754 80
551 754 80
545 754 80
539 754 80
533 754 80
527 754 80
521 754 80
515 754 80
509 754 80
503 754 80
497 754 80
491 754 80
485 754 80
479 754 80
473 754 80
467 754 80
461 754 80
455 754 80
449 754 81
443 754 81
443 748 81
449 748 81
455 748 81
461 748 81
467 748 81
473 748 81
479 748 81
485 748 81
491 748 81
497 748 81
503 748 81
509 748 81
515 748 81
521 748 81
527 748 81
533 748 81
539 748 81
545 748 81
551 748 81
557 748 81
563 748 81
569 748 81
575 748 81
581 748 81
587 748 81
593 748 81
599 748 81
605 748 81
611 748 81
617 748 81
623 748 81
629 748 81
635 748 81
641 748 81
641 742 81
635 742 81
629 742 81
623 742 81
617 742 82
611 742 82
605 742 82
599 742 82
593 742 82
587 742 82
581 742 82
575 742 82
569 742 82
563 742 82
557 742 82
551 742 82
545 742 82
539 742 82
533 742 82
527 742 82
521 742 82
515 742 82
509 742 82
503 742 82
497 742 82
491 742 82
485 742 82
479 742 82
473 742 82
467 742 82
461 742 82
455 742 82
449 742 82
443 742 82
443 736 82
449 736 82
455 736 82
461 736 82
467 736 82
473 736 82
479 736 82
485 736 82
491 736 82
497 736 82
503 736 83
509 736 83
515 736 83
521 736 83
527 736 83
533 736 83
539 736 83
545 736 83
551 736 83
557 736 83
563 736 83
569 736 83
575 736 83
581 736 83
587 736 83
593 736 83
599 736 83
605 736 83
611 736 83
617 736 83
623 736 83
629 736 83
635 736 83
641 736 83
641 730 83
635 730 83
629 730 83
623 730 83
617 730 83
611 730 83
605 730 83
599 730 83
593 730 83
587 730 83
581 730 83
575 730 83
569 730 83
563 730 83
557 730 83
551 730 83
545 730 84
539 730 84
533 730 84
527 730 84
521 730 84
515 730 84
509 730 84
503 730 84
497 730 84
491 730 84
485 730 84
479 730 84
473 730 84
467 730 84
461 730 84
455 730 84
449 730 84
443 730 84
443 724 84
449 724 84
455 724 84
461 724 84
467 724 84
473 724 84
479 724 84
485 724 84
491 724 84
497 724 84
503 724 84
509 724 84
515 724 84
521 724 84
527 724 84
533 724 84
539 724 84
545 724 84
551 724 84
557 724 84
563 724 84
569 724 84
575 724 85
581 724 85
587 724 85
593 724 85
599 724 85
605 724 85
611 724 85
617 724 85
623 724 85
629 724 85
635 724 85
641 724 85
641 718 85
635 718 85
629 718 85
623 718 85
617 718 85
611 718 85
605 718 85
599 718 85
593 718 85
587 718 85
581 718 85
575 718 85
569 718 85
563 718 85
557 718 85
551 718 85
545 718 85
539 718 85
533 718 85
527 718 85
521 718 85
515 718 85
509 718 85
503 718 85
497 718 85
491 718 85
485 718 85
479 718 85
473 718 86
467 718 86
461 718 86
455 718 86
449 718 86
443 718 86
443 712 86
449 712 86
455 712 86
461 712 86
467 712 86
473 712 86
479 712 86
485 712 86
491 712 86
497 712 86
503 712 86
509 712 86
515 712 86
521 712 86
527 712 86
533 712 86
539 712 86
545 712 86
551 712 86
557 712 86
563 712 86
569 712 86
575 712 86
581 712 86
587 712 86
593 712 86
599 712 86
605 712 86
611 712 86
617 712 86
623 712 86
629 712 86
635 712 86
641 712 86
641 706 87
635 706 87
629 706 87
623 706 87
617 706 87
611 706 87
605 706 87
599 706 87
593 706 87
587 706 87
581 706 87
575 706 87
569 706 87
563 706 87
557 706 87
551 706 87
545 706 87
539 706 87
533 706 87
527 706 87
521 706 87
515 706 87
509 706 87
503 706 87
497 706 87
491 706 87
485 706 87
479 706 87
473 706 87
467 706 87
461 706 87
455 706 87
449 706 87
443 706 87
443 700 87
449 700 87
455 700 87
461 700 87
467 700 87
473 700 87
479 700 88
485 700 88
491 700 88
497 700 88
503 700 88
509 700 88
515 700 88
521 700 88
527 700 88
533 700 88
539 700 88
545 700 88
551 700 88
557 700 88
563 700 88
569 700 88
575 700 88
581 700 88
587 700 88
593 700 88
599 700 88
605 700 88
611 700 88
617 700 88
623 700 88
629 700 88
635 700 88
641 700 88
641 694 88
635 694 88
629 694 88
623 694 88
617 694 88
611 694 88
605 694 88
599 694 88
593 694 88
587 694 88
581 694 88
575 694 88
569 694 89
563 694 89
557 694 89
551 694 89
545 694 89
539 694 89
533 694 89
527 694 89
521 694 89
515 694 89
509 694 89
503 694 89
497 694 89
491 694 89
485 694 89
479 694 89
473 694 89
467 694 89
461 694 89
455 694 89
449 694 89
443 694 89
443 688 89
449 688 89
455 688 89
461 688 89
467 688 89
473 688 89
479 688 89
485 688 89
491 688 89
497 688 89
503 688 89
509 688 89
515 688 89
521 688 89
527 688 89
533 688 89
539 688 89
545 688 89
551 688 90
557 688 90
563 688 90
569 688 90
575 688 90
581 688 90
587 688 90
593 688 90
599 688 90
605 688 90
611 688 90
617 688 90
623 688 90
629 688 90
635 688 90
641 688 90
641 682 90
635 682 90
629 682 90
623 682 90
617 682 90
611 682 90
605 682 90
599 682 90
593 682 90
587 682 90
581 682 90
575 682 90
569 682 90
563 682 90
557 682 90
551 682 90
545 682 90
539 682 90
533 682 90
527 682 90
521 682 90
515 682 90
509 682 90
503 682 90
497 682 91
491 682 91
485 682 91
479 682 91
473 682 91
467 682 91
461 682 91
455 682 91
449 682 91
443 682 91
443 676 91
449 676 91
455 676 91
461 676 91
467 676 91
473 676 91
479 676 91
485 676 91
491 676 91
497 676 91
503 676 91
509 676 91
515 676 91
521 676 91
527 676 91
533 676 91
539 676 91
545 676 91
551 676 91
557 676 91
563 676 91
569 676 91
575 676 91
581 676 91
587 676 91
593 676 91
599 676 91
605 676 91
611 676 91
617 676 91
623 676 92
629 676 92
635 676 92
641 676 92
641 670 92
635 670 92
629 670 92
623 670 92
617 670 92
611 670 92
605 670 92
599 670 92
593 670 92
587 670 92
581 670 92
575 670 92
569 670 92
563 670 92
557 670 92
551 670 92
545 670 92
539 670 92
533 670 92
527 670 92
521 670 92
515 670 92
509 670 92
503 670 92
497 670 92
491 670 92
485 670 92
479 670 92
473 670 92
467 670 92
461 670 92
455 670 92
449 670 92
443 670 92
443 664 92
449 664 92
455 664 93
461 664 93
467 664 93
473 664 93
479 664 93
485 664 93
491 664 93
497 664 93
503 664 93
509 664 93
515 664 93
521 664 93
527 664 93
533 664 93
539 664 93
545 664 93
551 664 93
557 664 93
563 664 93
569 664 93
575 664 93
581 664 93
587 664 93
593 664 93
599 664 93
605 664 93
611 664 93
617 664 93
623 664 93
629 664 93
635 664 93
641 664 93
641 658 93
635 658 93
629 658 93
623 658 93
617 658 93
611 658 93
605 658 93
599 658 93
593 658 94
587 658 94
581 658 94
575 658 94
569 658 94
563 658 94
557 658 94
551 658 94
545 658 94
539 658 94
533 658 94
527 658 94
521 658 94
515 658 94
509 658 94
503 658 94
497 658 94
491 658 94
485 658 94
479 658 94
473 658 94
467 658 94
461 658 94
455 658 94
449 658 94
443 658 94
443 652 94
449 652 94
455 652 94
461 652 94
467 652 94
473 652 94
479 652 94
485 652 94
491 652 94
497 652 94
503 652 94
509 652 94
515 652 94
521 652 94
527 652 95
533 652 95
539 652 95
545 652 95
551 652 95
557 652 95
563 652 95
569 652 95
575 652 95
581 652 95
587 652 95
593 652 95
599 652 95
605 652 95
611 652 95
617 652 95
623 652 95
629 652 95
635 652 95
641 652 95
641 646 95
635 646 95
629 646 95
623 646 95
617 646 95
611 646 95
605 646 95
599 646 95
593 646 95
587 646 95
581 646 95
575 646 95
569 646 95
563 646 95
557 646 95
551 646 95
545 646 95
539 646 95
533 646 95
527 646 95
521 646 96
515 646 96
509 646 96
503 646 96
497 646 96
491 646 96
485 646 96
479 646 96
473 646 96
467 646 96
461 646 96
455 646 96
449 646 96
443 646 96
443 640 96
449 640 96
455 640 96
461 640 96
467 640 96
473 640 96
479 640 96
485 640 96
491 640 96
497 640 96
503 640 96
509 640 96
515 640 96
521 640 96
527 640 96
533 640 96
539 640 96
545 640 96
551 640 96
557 640 96
563 640 96
569 640 96
575 640 96
581 640 96
587 640 96
593 640 96
599 640 97
605 640 97
611 640 97
617 640 97
623 640 97
629 640 97
635 640 97
641 640 97
641 634 97
635 634 97
629 634 97
623 634 97
617 634 97
611 634 97
605 634 97
599 634 97
593 634 97
587 634 97
581 634 97
575 634 97
569 634 97
563 634 97
557 634 97
551 634 97
545 634 97
539 634 97
533 634 97
527 634 97
521 634 97
515 634 97
509 634 97
503 634 97
497 634 97
491 634 97
485 634 97
479 634 97
473 634 97
467 634 97
461 634 97
455 634 97
449 634 98
443 634 98
443 628 98
449 628 98
455 628 98
461 628 98
467 628 98
473 628 98
479 628 98
485 628 98
491 628 98
497 628 98
503 628 98
509 628 98
515 628 98
521 628 98
527 628 98
533 628 98
539 628 98
545 628 98
551 628 98
557 628 98
563 628 98
569 628 98
575 628 98
581 628 98
587 628 98
593 628 98
599 628 98
605 628 98
611 628 98
617 628 98
623 628 98
629 628 98
635 628 98
641 628 98
641 622 98
635 622 98
629 622 98
623 622 98
617 622 99
611 622 99
605 622 99
599 622 99
593 622 99
587 622 99
581 622 99
575 622 99
569 622 99
563 622 99
557 622 99
551 622 99
545 622 99
539 622 99
533 622 99
527 622 99
521 622 99
515 622 99
509 622 99
503 622 99
497 622 99
491 622 99
485 622 99
479 622 99
473 622 99
467 622 99
461 622 99
455 622 99
449 622 99
443 622 99
443 616 99
449 616 99
455 616 99
461 616 99
467 616 99
473 616 99
479 616 99
485 616 99
491 616 99
497 616 99
503 616 100
509 616 100
515 616 100
521 616 100
527 616 100
533 616 100
539 616 100
545 616 100
551 616 100
557 616 100
563 616 100
569 616 100
575 616 100
581 616 100
587 616 100
593 616 100
599 616 100
605 616 100
611 616 100
617 616 100
623 616 100
629 616 100
635 616 100
641 616 100
641 610 100
635 610 100
629 610 100
623 610 100
617 610 100
611 610 100
605 610 100
599 610 100
593 610 100
587 610 100
581 610 100
575 610 100
569 610 100
563 610 100
557 610 100
551 610 100
545 610 101
539 610 101
533 610 101
527 610 101
521 610 101
515 610 101
509 610 101
503 610 101
497 610 101
491 610 101
485 610 101
479 610 101
473 610 101
467 610 101
461 610 101
455 610 101
449 610 101
443 610 101
443 604 101
449 604 101
455 604 101
461 604 101
467 604 101
473 604 101
479 604 101
485 604 101
491 604 101
497 604 101
503 604 101
509 604 101
515 604 101
521 604 101
527 604 101
533 604 101
539 604 101
545 604 101
551 604 101
557 604 101
563 604 101
569 604 101
575 604 102
581 604 102
587 604 102
593 604 102
599 604 102
605 604 102
611 604 102
617 604 102
623 604 102
629 604 102
635 604 102
641 604 102
641 598 102
635 598 102
629 598 102
623 598 102
617 598 102
611 598 102
605 598 102
599 598 102
593 598 102
587 598 102
581 598 102
575 598 102
569 598 102
563 598 102
557 598 102
551 598 102
545 598 102
539 598 102
533 598 102
527 598 102
521 598 102
515 598 102
509 598 102
503 598 102
497 598 102
491 598 102
485 598 102
479 598 102
473 598 103
467 598 103
461 598 103
455 598 103
449 598 103
443 598 103
443 592 103
449 592 103
455 592 103
461 592 103
467 592 103
473 592 103
479 592 103
485 592 103
491 592 103
497 592 103
503 592 103
509 592 103
515 592 103
521 592 103
527 592 103
533 592 103
539 592 103
545 592 103
551 592 103
557 592 103
563 592 103
569 592 103
575 592 103
581 592 103
587 592 103
593 592 103
599 592 103
605 592 103
611 592 103
617 592 103
623 592 103
629 592 103
635 592 103
641 592 103
443 586 104
449 586 104
455 586 104
461 586 104
467 586 104
473 586 104
479 586 104
485 586 104
491 586 104
497 586 104
503 586 104
509 586 104
515 586 104
521 586 104
527 586 104
533 586 104
539 586 104
545 586 104
551 586 104
557 586 104
563 586 104
569 586 104
575 586 104
581 586 104
587 586 104
593 586 104
599 586 104
605 586 104
611 586 104
617 586 104
623 586 104
629 586 104
635 586 104
641 586 104
