461 1024 0
467 1024 0
473 1024 0
479 1024 0
485 1024 0
491 1024 0
497 1024 0
503 1024 0
509 1024 0
515 1024 0
521 1024 0
527 1024 0
533 1024 0
539 1024 0
545 1024 0
551 1024 0
557 1024 0
563 1024 0
569 1024 0
575 1024 0
581 1024 0
587 1024 0
593 1024 0
599 1024 0
605 1024 0
611 1024 0
617 1024 0
623 1024 0
629 1024 0
635 1024 0
641 1024 0
641 1018 0
635 1018 0
629 1018 0
623 1018 0
617 1018 0
611 1018 0
605 1018 0
599 1018 0
593 1018 0
587 1018 1
581 1018 1
575 1018 1
569 1018 1
563 1018 1
557 1018 1
551 1018 1
545 1018 1
539 1018 1
533 1018 1
527 1018 1
521 1018 1
515 1018 1
509 1018 1
503 1018 1
497 1018 1
491 1018 1
485 1018 1
479 1018 1
473 1018 1
467 1018 1
461 1018 1
461 1012 1
467 1012 1
473 1012 1
479 1012 1
485 1012 1
491 1012 1
497 1012 1
503 1012 1
509 1012 1
515 1012 1
521 1012 1
527 1012 1
533 1012 1
539 1012 1
545 1012 1
551 1012 1
557 1012 1
563 1012 1
569 1012 2
575 1012 2
581 1012 2
587 1012 2
593 1012 2
599 1012 2
605 1012 2
611 1012 2
617 1012 2
623 1012 2
629 1012 2
635 1012 2
641 1012 2
641 1006 2
635 1006 2
629 1006 2
623 1006 2
617 1006 2
611 1006 2
605 1006 2
599 1006 2
593 1006 2
587 1006 2
581 1006 2
575 1006 2
569 1006 2
563 1006 2
557 1006 2
551 1006 2
545 1006 2
539 1006 2
533 1006 2
527 1006 2
521 1006 2
515 1006 2
509 1006 2
503 1006 2
497 1006 2
491 1006 2
485 1006 2
479 1006 3
473 1006 3
467 1006 3
461 1006 3
461 1000 3
467 1000 3
473 1000 3
479 1000 3
485 1000 3
491 1000 3
497 1000 3
503 1000 3
509 1000 3
515 1000 3
521 1000 3
527 1000 3
533 1000 3
539 1000 3
545 1000 3
551 1000 3
557 1000 3
563 1000 3
569 1000 3
575 1000 3
581 1000 3
587 1000 3
593 1000 3
599 1000 3
605 1000 3
611 1000 3
617 1000 3
623 1000 3
629 1000 3
635 1000 3
641 1000 3
641 994 3
635 994 3
629 994 3
623 994 3
617 994 3
611 994 4
605 994 4
599 994 4
593 994 4
587 994 4
581 994 4
575 994 4
569 994 4
563 994 4
557 994 4
551 994 4
545 994 4
539 994 4
533 994 4
527 994 4
521 994 4
515 994 4
509 994 4
503 994 4
497 994 4
491 994 4
485 994 4
479 994 4
473 994 4
467 994 4
461 994 4
461 988 4
467 988 4
473 988 4
479 988 4
485 988 4
491 988 4
497 988 4
503 988 4
509 988 4
515 988 4
521 988 4
527 988 4
533 988 4
539 988 4
545 988 5
551 988 5
557 988 5
563 988 5
569 988 5
575 988 5
581 988 5
587 988 5
593 988 5
599 988 5
605 988 5
611 988 5
617 988 5
623 988 5
629 988 5
635 988 5
641 988 5
641 982 5
635 982 5
629 982 5
623 982 5
617 982 5
611 982 5
605 982 5
599 982 5
593 982 5
587 982 5
581 982 5
575 982 5
569 982 5
563 982 5
557 982 5
551 982 5
545 982 5
539 982 5
533 982 5
527 982 5
521 982 5
515 982 5
509 982 5
503 982 6
497 982 6
491 982 6
485 982 6
479 982 6
473 982 6
467 982 6
461 982 6
461 976 6
467 976 6
473 976 6
479 976 6
485 976 6
491 976 6
497 976 6
503 976 6
509 976 6
515 976 6
521 976 6
527 976 6
533 976 6
539 976 6
545 976 6
551 976 6
557 976 6
563 976 6
569 976 6
575 976 6
581 976 6
587 976 6
593 976 6
599 976 6
605 976 6
611 976 6
617 976 6
623 976 6
629 976 6
635 976 6
641 976 6
641 970 6
635 970 7
629 970 7
623 970 7
617 970 7
611 970 7
605 970 7
599 970 7
593 970 7
587 970 7
581 970 7
575 970 7
569 970 7
563 970 7
557 970 7
551 970 7
545 970 7
539 970 7
533 970 7
527 970 7
521 970 7
515 970 7
509 970 7
503 970 7
497 970 7
491 970 7
485 970 7
479 970 7
473 970 7
467 970 7
461 970 7
461 964 7
467 964 7
473 964 7
479 964 7
485 964 7
491 964 7
497 964 7
503 964 7
509 964 7
515 964 7
521 964 8
527 964 8
533 964 8
539 964 8
545 964 8
551 964 8
557 964 8
563 964 8
569 964 8
575 964 8
581 964 8
587 964 8
593 964 8
599 964 8
605 964 8
611 964 8
617 964 8
623 964 8
629 964 8
635 964 8
641 964 8
641 958 8
635 958 8
629 958 8
623 958 8
617 958 8
611 958 8
605 958 8
599 958 8
593 958 8
587 958 8
581 958 8
575 958 8
569 958 8
563 958 8
557 958 8
551 958 8
545 958 8
539 958 8
533 958 8
527 958 9
521 958 9
515 958 9
509 958 9
503 958 9
497 958 9
491 958 9
485 958 9
479 958 9
473 958 9
467 958 9
461 958 9
461 952 9
467 952 9
473 952 9
479 952 9
485 952 9
491 952 9
497 952 9
503 952 9
509 952 9
515 952 9
521 952 9
527 952 9
533 952 9
539 952 9
545 952 9
551 952 9
557 952 9
563 952 9
569 952 9
575 952 9
581 952 9
587 952 9
593 952 9
599 952 9
605 952 9
611 952 9
617 952 9
623 952 9
629 952 10
635 952 10
641 952 10
641 946 10
635 946 10
629 946 10
623 946 10
617 946 10
611 946 10
605 946 10
599 946 10
593 946 10
587 946 10
581 946 10
575 946 10
569 946 10
563 946 10
557 946 10
551 946 10
545 946 10
539 946 10
533 946 10
527 946 10
521 946 10
515 946 10
509 946 10
503 946 10
497 946 10
491 946 10
485 946 10
479 946 10
473 946 10
467 946 10
461 946 10
461 940 10
467 940 10
473 940 10
479 940 10
485 940 10
491 940 10
497 940 11
503 940 11
509 940 11
515 940 11
521 940 11
527 940 11
533 940 11
539 940 11
545 940 11
551 940 11
557 940 11
563 940 11
569 940 11
575 940 11
581 940 11
587 940 11
593 940 11
599 940 11
605 940 11
611 940 11
617 940 11
623 940 11
629 940 11
635 940 11
641 940 11
641 934 11
635 934 11
629 934 11
623 934 11
617 934 11
611 934 11
605 934 11
599 934 11
593 934 11
587 934 11
581 934 11
575 934 11
569 934 11
563 934 11
557 934 11
551 934 12
545 934 12
539 934 12
533 934 12
527 934 12
521 934 12
515 934 12
509 934 12
503 934 12
497 934 12
491 934 12
485 934 12
479 934 12
473 934 12
467 934 12
461 934 12
461 928 12
467 928 12
473 928 12
479 928 12
485 928 12
491 928 12
497 928 12
503 928 12
509 928 12
515 928 12
521 928 12
527 928 12
533 928 12
539 928 12
545 928 12
551 928 12
557 928 12
563 928 12
569 928 12
575 928 12
581 928 12
587 928 12
593 928 12
599 928 12
605 928 13
611 928 13
617 928 13
623 928 13
629 928 13
635 928 13
641 928 13
641 922 13
635 922 13
629 922 13
623 922 13
617 922 13
611 922 13
605 922 13
599 922 13
593 922 13
587 922 13
581 922 13
575 922 13
569 922 13
563 922 13
557 922 13
551 922 13
545 922 13
539 922 13
533 922 13
527 922 13
521 922 13
515 922 13
509 922 13
503 922 13
497 922 13
491 922 13
485 922 13
479 922 13
473 922 13
467 922 13
461 922 13
461 916 13
467 916 13
473 916 14
479 916 14
485 916 14
491 916 14
497 916 14
503 916 14
509 916 14
515 916 14
521 916 14
527 916 14
533 916 14
539 916 14
545 916 14
551 916 14
557 916 14
563 916 14
569 916 14
575 916 14
581 916 14
587 916 14
593 916 14
599 916 14
605 916 14
611 916 14
617 916 14
623 916 14
629 916 14
635 916 14
641 916 14
641 910 14
635 910 14
629 910 14
623 910 14
617 910 14
611 910 14
605 910 14
599 910 14
593 910 14
587 910 14
581 910 14
575 910 15
569 910 15
563 910 15
557 910 15
551 910 15
545 910 15
539 910 15
533 910 15
527 910 15
521 910 15
515 910 15
509 910 15
503 910 15
497 910 15
491 910 15
485 910 15
479 910 15
473 910 15
467 910 15
461 910 15
461 904 15
467 904 15
473 904 15
479 904 15
485 904 15
491 904 15
497 904 15
503 904 15
509 904 15
515 904 15
521 904 15
527 904 15
533 904 15
539 904 15
545 904 15
551 904 15
557 904 15
563 904 15
569 904 15
575 904 15
581 904 16
587 904 16
593 904 16
599 904 16
605 904 16
611 904 16
617 904 16
623 904 16
629 904 16
635 904 16
641 904 16
641 898 16
635 898 16
629 898 16
623 898 16
617 898 16
611 898 16
605 898 16
599 898 16
593 898 16
587 898 16
581 898 16
575 898 16
569 898 16
563 898 16
557 898 16
551 898 16
545 898 16
539 898 16
533 898 16
527 898 16
521 898 16
515 898 16
509 898 16
503 898 16
497 898 16
491 898 16
485 898 16
479 898 16
473 898 16
467 898 17
461 898 17
455 898 17
449 898 17
443 898 17
437 898 17
431 898 17
425 898 17
419 898 17
413 898 17
407 898 17
401 898 17
395 898 17
389 898 17
383 898 17
377 898 17
371 898 17
365 898 17
359 898 17
353 898 17
347 898 17
341 898 17
335 898 17
329 898 17
323 898 17
317 898 17
311 898 17
305 898 17
299 898 17
293 898 17
293 892 17
299 892 17
305 892 17
311 892 17
317 892 17
323 892 17
329 892 17
335 892 17
341 892 17
347 892 17
353 892 18
359 892 18
365 892 18
371 892 18
377 892 18
383 892 18
389 892 18
395 892 18
401 892 18
407 892 18
413 892 18
419 892 18
425 892 18
431 892 18
437 892 18
443 892 18
449 892 18
455 892 18
461 892 18
467 892 18
473 892 18
479 892 18
485 892 18
491 892 18
497 892 18
503 892 18
509 892 18
515 892 18
521 892 18
527 892 18
533 892 18
539 892 18
545 892 18
551 892 18
557 892 18
563 892 18
569 892 18
575 892 18
581 892 18
587 892 18
593 892 19
599 892 19
605 892 19
611 892 19
617 892 19
623 892 19
629 892 19
635 892 19
641 892 19
641 886 19
635 886 19
629 886 19
623 886 19
617 886 19
611 886 19
605 886 19
599 886 19
593 886 19
587 886 19
581 886 19
575 886 19
569 886 19
563 886 19
557 886 19
551 886 19
545 886 19
539 886 19
533 886 19
527 886 19
521 886 19
515 886 19
509 886 19
503 886 19
497 886 19
491 886 19
485 886 19
479 886 19
473 886 19
467 886 19
461 886 19
455 886 20
449 886 20
443 886 20
437 886 20
431 886 20
425 886 20
419 886 20
413 886 20
407 886 20
401 886 20
395 886 20
389 886 20
383 886 20
377 886 20
371 886 20
365 886 20
359 886 20
353 886 20
347 886 20
341 886 20
335 886 20
329 886 20
323 886 20
317 886 20
311 886 20
305 886 20
299 886 20
293 886 20
293 880 20
299 880 20
305 880 20
311 880 20
317 880 20
323 880 20
329 880 20
335 880 20
341 880 20
347 880 20
353 880 20
359 880 20
365 880 21
371 880 21
377 880 21
383 880 21
389 880 21
395 880 21
401 880 21
407 880 21
413 880 21
419 880 21
425 880 21
431 880 21
437 880 21
443 880 21
449 880 21
455 880 21
461 880 21
467 880 21
473 880 21
479 880 21
485 880 21
491 880 21
497 880 21
503 880 21
509 880 21
515 880 21
521 880 21
527 880 21
533 880 21
539 880 21
545 880 21
551 880 21
557 880 21
563 880 21
569 880 21
575 880 21
581 880 21
587 880 21
593 880 21
599 880 21
605 880 22
611 880 22
617 880 22
623 880 22
629 880 22
635 880 22
641 880 22
641 874 22
635 874 22
629 874 22
623 874 22
617 874 22
611 874 22
605 874 22
599 874 22
593 874 22
587 874 22
581 874 22
575 874 22
569 874 22
563 874 22
557 874 22
551 874 22
545 874 22
539 874 22
533 874 22
527 874 22
521 874 22
515 874 22
509 874 22
503 874 22
497 874 22
491 874 22
485 874 22
479 874 22
473 874 22
467 874 22
461 874 22
455 874 22
449 874 22
443 874 23
437 874 23
431 874 23
425 874 23
419 874 23
413 874 23
407 874 23
401 874 23
395 874 23
389 874 23
383 874 23
377 874 23
371 874 23
365 874 23
359 874 23
353 874 23
347 874 23
341 874 23
335 874 23
329 874 23
323 874 23
317 874 23
311 874 23
305 874 23
299 874 23
293 874 23
293 868 23
299 868 23
305 868 23
311 868 23
317 868 23
323 868 23
329 868 23
335 868 23
341 868 23
347 868 23
353 868 23
359 868 23
365 868 23
371 868 23
377 868 24
383 868 24
389 868 24
395 868 24
401 868 24
407 868 24
413 868 24
419 868 24
425 868 24
431 868 24
437 868 24
443 868 24
449 868 24
455 868 24
461 868 24
467 868 24
473 868 24
479 868 24
485 868 24
491 868 24
497 868 24
503 868 24
509 868 24
515 868 24
521 868 24
527 868 24
533 868 24
539 868 24
545 868 24
551 868 24
557 868 24
563 868 24
569 868 24
575 868 24
581 868 24
587 868 24
593 868 24
599 868 24
605 868 24
611 868 24
617 868 25
623 868 25
629 868 25
635 868 25
641 868 25
641 862 25
635 862 25
629 862 25
623 862 25
617 862 25
611 862 25
605 862 25
599 862 25
593 862 25
587 862 25
581 862 25
575 862 25
569 862 25
563 862 25
557 862 25
551 862 25
545 862 25
539 862 25
533 862 25
527 862 25
521 862 25
515 862 25
509 862 25
503 862 25
497 862 25
491 862 25
485 862 25
479 862 25
473 862 25
467 862 25
461 862 25
455 862 25
449 862 25
443 862 25
437 862 25
431 862 26
425 862 26
419 862 26
413 862 26
407 862 26
401 862 26
395 862 26
389 862 26
383 862 26
377 862 26
371 862 26
365 862 26
359 862 26
353 862 26
347 862 26
341 862 26
335 862 26
329 862 26
323 862 26
317 862 26
311 862 26
305 862 26
299 862 26
293 862 26
293 856 26
299 856 26
305 856 26
311 856 26
317 856 26
323 856 26
329 856 26
335 856 26
341 856 26
347 856 26
353 856 26
359 856 26
365 856 26
371 856 26
377 856 26
383 856 26
389 856 27
395 856 27
401 856 27
407 856 27
413 856 27
419 856 27
425 856 27
431 856 27
437 856 27
443 856 27
449 856 27
455 856 27
461 856 27
467 856 27
473 856 27
479 856 27
485 856 27
491 856 27
497 856 27
503 856 27
509 856 27
515 856 27
521 856 27
527 856 27
533 856 27
539 856 27
545 856 27
551 856 27
557 856 27
563 856 27
569 856 27
575 856 27
581 856 27
587 856 27
593 856 27
599 856 27
605 856 27
611 856 27
617 856 27
623 856 27
629 856 28
635 856 28
641 856 28
641 850 28
635 850 28
629 850 28
623 850 28
617 850 28
611 850 28
605 850 28
599 850 28
593 850 28
587 850 28
581 850 28
575 850 28
569 850 28
563 850 28
557 850 28
551 850 28
545 850 28
539 850 28
533 850 28
527 850 28
521 850 28
515 850 28
509 850 28
503 850 28
497 850 28
491 850 28
485 850 28
479 850 28
473 850 28
467 850 28
461 850 28
455 850 28
449 850 28
443 850 28
437 850 28
431 850 28
425 850 28
419 850 29
413 850 29
407 850 29
401 850 29
395 850 29
389 850 29
383 850 29
377 850 29
371 850 29
365 850 29
359 850 29
353 850 29
347 850 29
341 850 29
335 850 29
329 850 29
323 850 29
317 850 29
311 850 29
305 850 29
299 850 29
293 850 29
293 844 29
299 844 29
305 844 29
311 844 29
317 844 29
323 844 29
329 844 29
335 844 29
341 844 29
347 844 29
353 844 29
359 844 29
365 844 29
371 844 29
377 844 29
383 844 29
389 844 29
395 844 29
401 844 30
407 844 30
413 844 30
419 844 30
425 844 30
431 844 30
437 844 30
443 844 30
449 844 30
455 844 30
461 844 30
467 844 30
473 844 30
479 844 30
485 844 30
491 844 30
497 844 30
503 844 30
509 844 30
515 844 30
521 844 30
527 844 30
533 844 30
539 844 30
545 844 30
551 844 30
557 844 30
563 844 30
569 844 30
575 844 30
581 844 30
587 844 30
593 844 30
599 844 30
605 844 30
611 844 30
617 844 30
623 844 30
629 844 30
635 844 30
641 844 31
641 838 31
635 838 31
629 838 31
623 838 31
617 838 31
611 838 31
605 838 31
599 838 31
593 838 31
587 838 31
581 838 31
575 838 31
569 838 31
563 838 31
557 838 31
551 838 31
545 838 31
539 838 31
533 838 31
527 838 31
521 838 31
515 838 31
509 838 31
503 838 31
497 838 31
491 838 31
485 838 31
479 838 31
473 838 31
467 838 31
461 838 31
455 838 31
449 838 31
443 838 31
437 838 31
431 838 31
425 838 31
419 838 31
413 838 31
407 838 32
401 838 32
395 838 32
389 838 32
383 838 32
377 838 32
371 838 32
365 838 32
359 838 32
353 838 32
347 838 32
341 838 32
335 838 32
329 838 32
323 838 32
317 838 32
311 838 32
305 838 32
299 838 32
293 838 32
293 832 32
299 832 32
305 832 32
311 832 32
317 832 32
323 832 32
329 832 32
335 832 32
341 832 32
347 832 32
353 832 32
359 832 32
365 832 32
371 832 32
377 832 32
383 832 32
389 832 32
395 832 32
401 832 32
407 832 32
413 832 33
419 832 33
425 832 33
431 832 33
437 832 33
443 832 33
449 832 33
455 832 33
461 832 33
467 832 33
473 832 33
479 832 33
485 832 33
491 832 33
497 832 33
503 832 33
509 832 33
515 832 33
521 832 33
527 832 33
533 832 33
539 832 33
545 832 33
551 832 33
557 832 33
563 832 33
569 832 33
575 832 33
581 832 33
587 832 33
593 832 33
599 832 33
605 832 33
611 832 33
617 832 33
623 832 33
629 832 33
635 832 33
641 832 33
641 826 33
635 826 34
629 826 34
623 826 34
617 826 34
611 826 34
605 826 34
599 826 34
593 826 34
587 826 34
581 826 34
575 826 34
569 826 34
563 826 34
557 826 34
551 826 34
545 826 34
539 826 34
533 826 34
527 826 34
521 826 34
515 826 34
509 826 34
503 826 34
497 826 34
491 826 34
485 826 34
479 826 34
473 826 34
467 826 34
461 826 34
455 826 34
449 826 34
443 826 34
437 826 34
431 826 34
425 826 34
419 826 34
413 826 34
407 826 34
401 826 34
395 826 35
389 826 35
383 826 35
377 826 35
371 826 35
365 826 35
359 826 35
353 826 35
347 826 35
341 826 35
335 826 35
329 826 35
323 826 35
317 826 35
311 826 35
305 826 35
299 826 35
293 826 35
293 820 35
299 820 35
305 820 35
311 820 35
317 820 35
323 820 35
329 820 35
335 820 35
341 820 35
347 820 35
353 820 35
359 820 35
365 820 35
371 820 35
377 820 35
383 820 35
389 820 35
395 820 35
401 820 35
407 820 35
413 820 35
419 820 35
425 820 36
431 820 36
437 820 36
443 820 36
449 820 36
455 820 36
461 820 36
467 820 36
473 820 36
479 820 36
485 820 36
491 820 36
497 820 36
503 820 36
509 820 36
515 820 36
521 820 36
527 820 36
533 820 36
539 820 36
545 820 36
551 820 36
557 820 36
563 820 36
569 820 36
575 820 36
581 820 36
587 820 36
593 820 36
599 820 36
605 820 36
611 820 36
617 820 36
623 820 36
629 820 36
635 820 36
641 820 36
641 814 36
635 814 36
629 814 36
623 814 37
617 814 37
611 814 37
605 814 37
599 814 37
593 814 37
587 814 37
581 814 37
575 814 37
569 814 37
563 814 37
557 814 37
551 814 37
545 814 37
539 814 37
533 814 37
527 814 37
521 814 37
515 814 37
509 814 37
503 814 37
497 814 37
491 814 37
485 814 37
479 814 37
473 814 37
467 814 37
461 814 37
455 814 37
449 814 37
443 814 37
437 814 37
431 814 37
425 814 37
419 814 37
413 814 37
407 814 37
401 814 37
395 814 37
389 814 37
383 814 38
377 814 38
371 814 38
365 814 38
359 814 38
353 814 38
347 814 38
341 814 38
335 814 38
329 814 38
323 814 38
317 814 38
311 814 38
305 814 38
299 814 38
293 814 38
293 808 38
299 808 38
305 808 38
311 808 38
317 808 38
323 808 38
329 808 38
335 808 38
341 808 38
347 808 38
353 808 38
359 808 38
365 808 38
371 808 38
377 808 38
383 808 38
389 808 38
395 808 38
401 808 38
407 808 38
413 808 38
419 808 38
425 808 38
431 808 38
437 808 39
443 808 39
449 808 39
455 808 39
461 808 39
467 808 39
473 808 39
479 808 39
485 808 39
491 808 39
497 808 39
503 808 39
509 808 39
515 808 39
521 808 39
527 808 39
533 808 39
539 808 39
545 808 39
551 808 39
557 808 39
563 808 39
569 808 39
575 808 39
581 808 39
587 808 39
593 808 39
599 808 39
605 808 39
611 808 39
617 808 39
623 808 39
629 808 39
635 808 39
641 808 39
641 802 39
635 802 39
629 802 39
623 802 39
617 802 39
611 802 40
605 802 40
599 802 40
593 802 40
587 802 40
581 802 40
575 802 40
569 802 40
563 802 40
557 802 40
551 802 40
545 802 40
539 802 40
533 802 40
527 802 40
521 802 40
515 802 40
509 802 40
503 802 40
497 802 40
491 802 40
485 802 40
479 802 40
473 802 40
467 802 40
461 802 40
455 802 40
449 802 40
443 802 40
437 802 40
431 802 40
425 802 40
419 802 40
413 802 40
407 802 40
401 802 40
395 802 40
389 802 40
383 802 40
377 802 40
371 802 41
365 802 41
359 802 41
353 802 41
347 802 41
341 802 41
335 802 41
329 802 41
323 802 41
317 802 41
311 802 41
305 802 41
299 802 41
293 802 41
293 796 41
299 796 41
305 796 41
311 796 41
317 796 41
323 796 41
329 796 41
335 796 41
341 796 41
347 796 41
353 796 41
359 796 41
365 796 41
371 796 41
377 796 41
383 796 41
389 796 41
395 796 41
401 796 41
407 796 41
413 796 41
419 796 41
425 796 41
431 796 41
437 796 41
443 796 41
449 796 42
455 796 42
461 796 42
467 796 42
473 796 42
479 796 42
485 796 42
491 796 42
497 796 42
503 796 42
509 796 42
515 796 42
521 796 42
527 796 42
533 796 42
539 796 42
545 796 42
551 796 42
557 796 42
563 796 42
569 796 42
575 796 42
581 796 42
587 796 42
593 796 42
599 796 42
605 796 42
611 796 42
617 796 42
623 796 42
629 796 42
635 796 42
641 796 42
641 790 42
635 790 42
629 790 42
623 790 42
617 790 42
611 790 42
605 790 42
599 790 43
593 790 43
587 790 43
581 790 43
575 790 43
569 790 43
563 790 43
557 790 43
551 790 43
545 790 43
539 790 43
533 790 43
527 790 43
521 790 43
515 790 43
509 790 43
503 790 43
497 790 43
491 790 43
485 790 43
479 790 43
473 790 43
467 790 43
461 790 43
455 790 43
449 790 43
443 790 43
437 790 43
431 790 43
425 790 43
419 790 43
413 790 43
407 790 43
401 790 43
395 790 43
389 790 43
383 790 43
377 790 43
371 790 43
365 790 43
359 790 44
353 790 44
347 790 44
341 790 44
335 790 44
329 790 44
323 790 44
317 790 44
311 790 44
305 790 44
299 790 44
293 790 44
293 784 44
299 784 44
305 784 44
311 784 44
317 784 44
323 784 44
329 784 44
335 784 44
341 784 44
347 784 44
353 784 44
359 784 44
365 784 44
371 784 44
377 784 44
383 784 44
389 784 44
395 784 44
401 784 44
407 784 44
413 784 44
419 784 44
425 784 44
431 784 44
437 784 44
443 784 44
449 784 44
455 784 44
461 784 45
467 784 45
473 784 45
479 784 45
485 784 45
491 784 45
497 784 45
503 784 45
509 784 45
515 784 45
521 784 45
527 784 45
533 784 45
539 784 45
545 784 45
551 784 45
557 784 45
563 784 45
569 784 45
575 784 45
581 784 45
587 784 45
593 784 45
599 784 45
605 784 45
611 784 45
617 784 45
623 784 45
629 784 45
635 784 45
641 784 45
641 778 45
635 778 45
629 778 45
623 778 45
617 778 45
611 778 45
605 778 45
599 778 45
593 778 45
587 778 46
581 778 46
575 778 46
569 778 46
563 778 46
557 778 46
551 778 46
545 778 46
539 778 46
533 778 46
527 778 46
521 778 46
515 778 46
509 778 46
503 778 46
497 778 46
491 778 46
485 778 46
479 778 46
473 778 46
467 778 46
461 778 46
455 778 46
449 778 46
443 778 46
437 778 46
431 778 46
425 778 46
419 778 46
413 778 46
407 778 46
401 778 46
395 778 46
389 778 46
383 778 46
377 778 46
371 778 46
365 778 46
359 778 46
353 778 46
347 778 47
341 778 47
335 778 47
329 778 47
323 778 47
317 778 47
311 778 47
305 778 47
299 778 47
293 778 47
215 772 47
221 772 47
227 772 47
233 772 47
239 772 47
245 772 47
251 772 47
257 772 47
263 772 47
269 772 47
275 772 47
281 772 47
287 772 47
293 772 47
299 772 47
305 772 47
311 772 47
317 772 47
323 772 47
329 772 47
335 772 47
341 772 47
347 772 47
353 772 47
359 772 47
365 772 47
371 772 47
377 772 47
383 772 47
389 772 47
395 772 48
401 772 48
407 772 48
413 772 48
419 772 48
425 772 48
431 772 48
437 772 48
443 772 48
449 772 48
455 772 48
461 772 48
467 772 48
473 772 48
479 772 48
485 772 48
491 772 48
497 772 48
503 772 48
509 772 48
515 772 48
521 772 48
527 772 48
533 772 48
539 772 48
545 772 48
551 772 48
557 772 48
563 772 48
569 772 48
575 772 48
581 772 48
587 772 48
593 772 48
599 772 48
605 772 48
611 772 48
617 772 48
623 772 48
629 772 48
635 772 49
641 772 49
641 766 49
635 766 49
629 766 49
623 766 49
617 766 49
611 766 49
605 766 49
599 766 49
593 766 49
587 766 49
581 766 49
575 766 49
569 766 49
563 766 49
557 766 49
551 766 49
545 766 49
539 766 49
533 766 49
527 766 49
521 766 49
515 766 49
509 766 49
503 766 49
497 766 49
491 766 49
485 766 49
479 766 49
473 766 49
467 766 49
461 766 49
455 766 49
449 766 49
443 766 49
437 766 49
431 766 49
425 766 49
419 766 49
413 766 50
407 766 50
401 766 50
395 766 50
389 766 50
383 766 50
377 766 50
371 766 50
365 766 50
359 766 50
353 766 50
347 766 50
341 766 50
335 766 50
329 766 50
323 766 50
317 766 50
311 766 50
305 766 50
299 766 50
293 766 50
287 766 50
281 766 50
275 766 50
269 766 50
263 766 50
257 766 50
251 766 50
245 766 50
239 766 50
233 766 50
227 766 50
221 766 50
215 766 50
215 760 50
221 760 50
227 760 50
233 760 50
239 760 50
245 760 50
251 760 51
257 760 51
263 760 51
269 760 51
275 760 51
281 760 51
287 760 51
293 760 51
299 760 51
305 760 51
311 760 51
317 760 51
323 760 51
329 760 51
335 760 51
341 760 51
347 760 51
353 760 51
359 760 51
365 760 51
371 760 51
377 760 51
383 760 51
389 760 51
395 760 51
401 760 51
407 760 51
413 760 51
419 760 51
425 760 51
431 760 51
437 760 51
443 760 51
449 760 51
455 760 51
461 760 51
467 760 51
473 760 51
479 760 51
485 760 51
491 760 52
497 760 52
503 760 52
509 760 52
515 760 52
521 760 52
527 760 52
533 760 52
539 760 52
545 760 52
551 760 52
557 760 52
563 760 52
569 760 52
575 760 52
581 760 52
587 760 52
593 760 52
599 760 52
605 760 52
611 760 52
617 760 52
623 760 52
629 760 52
635 760 52
641 760 52
641 754 52
635 754 52
629 754 52
623 754 52
617 754 52
611 754 52
605 754 52
599 754 52
593 754 52
587 754 52
581 754 52
575 754 52
569 754 52
563 754 52
557 754 53
551 754 53
545 754 53
539 754 53
533 754 53
527 754 53
521 754 53
515 754 53
509 754 53
503 754 53
497 754 53
491 754 53
485 754 53
479 754 53
473 754 53
467 754 53
461 754 53
455 754 53
449 754 53
443 754 53
437 754 53
431 754 53
425 754 53
419 754 53
413 754 53
407 754 53
401 754 53
395 754 53
389 754 53
383 754 53
377 754 53
371 754 53
365 754 53
359 754 53
353 754 53
347 754 53
341 754 53
335 754 53
329 754 53
323 754 53
317 754 54
311 754 54
305 754 54
299 754 54
293 754 54
287 754 54
281 754 54
275 754 54
269 754 54
263 754 54
257 754 54
251 754 54
245 754 54
239 754 54
233 754 54
227 754 54
221 754 54
215 754 54
215 748 54
221 748 54
227 748 54
233 748 54
239 748 54
245 748 54
251 748 54
257 748 54
263 748 54
269 748 54
275 748 54
281 748 54
287 748 54
293 748 54
299 748 54
305 748 54
311 748 54
317 748 54
323 748 54
329 748 54
335 748 54
341 748 54
347 748 55
353 748 55
359 748 55
365 748 55
371 748 55
377 748 55
383 748 55
389 748 55
395 748 55
401 748 55
407 748 55
413 748 55
419 748 55
425 748 55
431 748 55
437 748 55
443 748 55
449 748 55
455 748 55
461 748 55
467 748 55
473 748 55
479 748 55
485 748 55
491 748 55
497 748 55
503 748 55
509 748 55
515 748 55
521 748 55
527 748 55
533 748 55
539 748 55
545 748 55
551 748 55
557 748 55
563 748 55
569 748 55
575 748 55
581 748 55
587 748 56
593 748 56
599 748 56
605 748 56
611 748 56
617 748 56
623 748 56
629 748 56
635 748 56
641 748 56
641 742 56
635 742 56
629 742 56
623 742 56
617 742 56
611 742 56
605 742 56
599 742 56
593 742 56
587 742 56
581 742 56
575 742 56
569 742 56
563 742 56
557 742 56
551 742 56
545 742 56
539 742 56
533 742 56
527 742 56
521 742 56
515 742 56
509 742 56
503 742 56
497 742 56
491 742 56
485 742 56
479 742 56
473 742 56
467 742 56
461 742 57
455 742 57
449 742 57
443 742 57
437 742 57
431 742 57
425 742 57
419 742 57
413 742 57
407 742 57
401 742 57
395 742 57
389 742 57
383 742 57
377 742 57
371 742 57
365 742 57
359 742 57
353 742 57
347 742 57
341 742 57
335 742 57
329 742 57
323 742 57
317 742 57
311 742 57
305 742 57
299 742 57
293 742 57
287 742 57
281 742 57
275 742 57
269 742 57
263 742 57
257 742 57
251 742 57
245 742 57
239 742 57
233 742 57
227 742 57
221 742 58
215 742 58
215 736 58
221 736 58
227 736 58
233 736 58
239 736 58
245 736 58
251 736 58
257 736 58
263 736 58
269 736 58
275 736 58
281 736 58
287 736 58
293 736 58
299 736 58
305 736 58
311 736 58
317 736 58
323 736 58
329 736 58
335 736 58
341 736 58
347 736 58
353 736 58
359 736 58
365 736 58
371 736 58
377 736 58
383 736 58
389 736 58
395 736 58
401 736 58
407 736 58
413 736 58
419 736 58
425 736 58
431 736 58
437 736 58
443 736 59
449 736 59
455 736 59
461 736 59
467 736 59
473 736 59
479 736 59
485 736 59
491 736 59
497 736 59
503 736 59
509 736 59
515 736 59
521 736 59
527 736 59
533 736 59
539 736 59
545 736 59
551 736 59
557 736 59
563 736 59
569 736 59
575 736 59
581 736 59
587 736 59
593 736 59
599 736 59
605 736 59
611 736 59
617 736 59
623 736 59
629 736 59
635 736 59
641 736 59
641 730 59
635 730 59
629 730 59
623 730 59
617 730 59
611 730 59
605 730 60
599 730 60
593 730 60
587 730 60
581 730 60
575 730 60
569 730 60
563 730 60
557 730 60
551 730 60
545 730 60
539 730 60
533 730 60
527 730 60
521 730 60
515 730 60
509 730 60
503 730 60
497 730 60
491 730 60
485 730 60
479 730 60
473 730 60
467 730 60
461 730 60
455 730 60
449 730 60
443 730 60
437 730 60
431 730 60
425 730 60
419 730 60
413 730 60
407 730 60
401 730 60
395 730 60
389 730 60
383 730 60
377 730 60
371 730 60
365 730 61
359 730 61
353 730 61
347 730 61
341 730 61
335 730 61
329 730 61
323 730 61
317 730 61
311 730 61
305 730 61
299 730 61
293 730 61
287 730 61
281 730 61
275 730 61
269 730 61
263 730 61
257 730 61
251 730 61
245 730 61
239 730 61
233 730 61
227 730 61
221 730 61
215 730 61
215 724 61
221 724 61
227 724 61
233 724 61
239 724 61
245 724 61
251 724 61
257 724 61
263 724 61
269 724 61
275 724 61
281 724 61
287 724 61
293 724 61
299 724 62
305 724 62
311 724 62
317 724 62
323 724 62
329 724 62
335 724 62
341 724 62
347 724 62
353 724 62
359 724 62
365 724 62
371 724 62
377 724 62
383 724 62
389 724 62
395 724 62
401 724 62
407 724 62
413 724 62
419 724 62
425 724 62
431 724 62
437 724 62
443 724 62
449 724 62
455 724 62
461 724 62
467 724 62
473 724 62
479 724 62
485 724 62
491 724 62
497 724 62
503 724 62
509 724 62
515 724 62
521 724 62
527 724 62
533 724 62
539 724 63
545 724 63
551 724 63
557 724 63
563 724 63
569 724 63
575 724 63
581 724 63
587 724 63
593 724 63
599 724 63
605 724 63
611 724 63
617 724 63
623 724 63
629 724 63
635 724 63
641 724 63
641 718 63
635 718 63
629 718 63
623 718 63
617 718 63
611 718 63
605 718 63
599 718 63
593 718 63
587 718 63
581 718 63
575 718 63
569 718 63
563 718 63
557 718 63
551 718 63
545 718 63
539 718 63
533 718 63
527 718 63
521 718 63
515 718 63
509 718 64
503 718 64
497 718 64
491 718 64
485 718 64
479 718 64
473 718 64
467 718 64
461 718 64
455 718 64
449 718 64
443 718 64
437 718 64
431 718 64
425 718 64
419 718 64
413 718 64
407 718 64
401 718 64
395 718 64
389 718 64
383 718 64
377 718 64
371 718 64
365 718 64
359 718 64
353 718 64
347 718 64
341 718 64
335 718 64
329 718 64
323 718 64
317 718 64
311 718 64
305 718 64
299 718 64
293 718 64
287 718 64
281 718 64
275 718 64
269 718 65
263 718 65
257 718 65
251 718 65
245 718 65
239 718 65
233 718 65
227 718 65
221 718 65
215 718 65
215 712 65
221 712 65
227 712 65
233 712 65
239 712 65
245 712 65
251 712 65
257 712 65
263 712 65
269 712 65
275 712 65
281 712 65
287 712 65
293 712 65
299 712 65
305 712 65
311 712 65
317 712 65
323 712 65
329 712 65
335 712 65
341 712 65
347 712 65
353 712 65
359 712 65
365 712 65
371 712 65
377 712 65
383 712 65
389 712 65
395 712 66
401 712 66
407 712 66
413 712 66
419 712 66
425 712 66
431 712 66
437 712 66
443 712 66
449 712 66
455 712 66
461 712 66
467 712 66
473 712 66
479 712 66
485 712 66
491 712 66
497 712 66
503 712 66
509 712 66
515 712 66
521 712 66
527 712 66
533 712 66
539 712 66
545 712 66
551 712 66
557 712 66
563 712 66
569 712 66
575 712 66
581 712 66
587 712 66
593 712 66
599 712 66
605 712 66
611 712 66
617 712 66
623 712 66
629 712 66
635 712 67
641 712 67
641 706 67
635 706 67
629 706 67
623 706 67
617 706 67
611 706 67
605 706 67
599 706 67
593 706 67
587 706 67
581 706 67
575 706 67
569 706 67
563 706 67
557 706 67
551 706 67
545 706 67
539 706 67
533 706 67
527 706 67
521 706 67
515 706 67
509 706 67
503 706 67
497 706 67
491 706 67
485 706 67
479 706 67
473 706 67
467 706 67
461 706 67
455 706 67
449 706 67
443 706 67
437 706 67
431 706 67
425 706 67
419 706 67
413 706 68
407 706 68
401 706 68
395 706 68
389 706 68
383 706 68
377 706 68
371 706 68
365 706 68
359 706 68
353 706 68
347 706 68
341 706 68
335 706 68
329 706 68
323 706 68
317 706 68
311 706 68
305 706 68
299 706 68
293 706 68
287 706 68
281 706 68
275 706 68
269 706 68
263 706 68
257 706 68
251 706 68
245 706 68
239 706 68
233 706 68
227 706 68
221 706 68
215 706 68
215 700 68
221 700 68
227 700 68
233 700 68
239 700 68
245 700 68
251 700 69
257 700 69
263 700 69
269 700 69
275 700 69
281 700 69
287 700 69
293 700 69
299 700 69
305 700 69
311 700 69
317 700 69
323 700 69
329 700 69
335 700 69
341 700 69
347 700 69
353 700 69
359 700 69
365 700 69
371 700 69
377 700 69
383 700 69
389 700 69
395 700 69
401 700 69
407 700 69
413 700 69
419 700 69
425 700 69
431 700 69
437 700 69
443 700 69
449 700 69
455 700 69
461 700 69
467 700 69
473 700 69
479 700 69
485 700 69
491 700 70
497 700 70
503 700 70
509 700 70
515 700 70
521 700 70
527 700 70
533 700 70
539 700 70
545 700 70
551 700 70
557 700 70
563 700 70
569 700 70
575 700 70
581 700 70
587 700 70
593 700 70
599 700 70
605 700 70
611 700 70
617 700 70
623 700 70
629 700 70
635 700 70
641 700 70
641 694 70
635 694 70
629 694 70
623 694 70
617 694 70
611 694 70
605 694 70
599 694 70
593 694 70
587 694 70
581 694 70
575 694 70
569 694 70
563 694 70
557 694 71
551 694 71
545 694 71
539 694 71
533 694 71
527 694 71
521 694 71
515 694 71
509 694 71
503 694 71
497 694 71
491 694 71
485 694 71
479 694 71
473 694 71
467 694 71
461 694 71
455 694 71
449 694 71
443 694 71
437 694 71
431 694 71
425 694 71
419 694 71
413 694 71
407 694 71
401 694 71
395 694 71
389 694 71
383 694 71
377 694 71
371 694 71
365 694 71
359 694 71
353 694 71
347 694 71
341 694 71
335 694 71
329 694 71
323 694 71
317 694 72
311 694 72
305 694 72
299 694 72
293 694 72
287 694 72
281 694 72
275 694 72
269 694 72
263 694 72
257 694 72
251 694 72
245 694 72
239 694 72
233 694 72
227 694 72
221 694 72
215 694 72
215 688 72
221 688 72
227 688 72
233 688 72
239 688 72
245 688 72
251 688 72
257 688 72
263 688 72
269 688 72
275 688 72
281 688 72
287 688 72
293 688 72
299 688 72
305 688 72
311 688 72
317 688 72
323 688 72
329 688 72
335 688 72
341 688 72
347 688 73
353 688 73
359 688 73
365 688 73
371 688 73
377 688 73
383 688 73
389 688 73
395 688 73
401 688 73
407 688 73
413 688 73
419 688 73
425 688 73
431 688 73
437 688 73
443 688 73
449 688 73
455 688 73
461 688 73
467 688 73
473 688 73
479 688 73
485 688 73
491 688 73
497 688 73
503 688 73
509 688 73
515 688 73
521 688 73
527 688 73
533 688 73
539 688 73
545 688 73
551 688 73
557 688 73
563 688 73
569 688 73
575 688 73
581 688 73
587 688 74
593 688 74
599 688 74
605 688 74
611 688 74
617 688 74
623 688 74
629 688 74
635 688 74
641 688 74
641 682 74
635 682 74
629 682 74
623 682 74
617 682 74
611 682 74
605 682 74
599 682 74
593 682 74
587 682 74
581 682 74
575 682 74
569 682 74
563 682 74
557 682 74
551 682 74
545 682 74
539 682 74
533 682 74
527 682 74
521 682 74
515 682 74
509 682 74
503 682 74
497 682 74
491 682 74
485 682 74
479 682 74
473 682 74
467 682 74
461 682 75
455 682 75
449 682 75
443 682 75
437 682 75
431 682 75
425 682 75
419 682 75
413 682 75
407 682 75
401 682 75
395 682 75
389 682 75
383 682 75
377 682 75
371 682 75
365 682 75
359 682 75
353 682 75
347 682 75
341 682 75
335 682 75
329 682 75
323 682 75
317 682 75
311 682 75
305 682 75
299 682 75
293 682 75
287 682 75
281 682 75
275 682 75
269 682 75
263 682 75
257 682 75
251 682 75
245 682 75
239 682 75
233 682 75
227 682 75
221 682 76
215 682 76
215 676 76
221 676 76
227 676 76
233 676 76
239 676 76
245 676 76
251 676 76
257 676 76
263 676 76
269 676 76
275 676 76
281 676 76
287 676 76
293 676 76
299 676 76
305 676 76
311 676 76
317 676 76
323 676 76
329 676 76
335 676 76
341 676 76
347 676 76
353 676 76
359 676 76
365 676 76
371 676 76
377 676 76
383 676 76
389 676 76
395 676 76
401 676 76
407 676 76
413 676 76
419 676 76
425 676 76
431 676 76
437 676 76
443 676 77
449 676 77
455 676 77
461 676 77
467 676 77
473 676 77
479 676 77
485 676 77
491 676 77
497 676 77
503 676 77
509 676 77
515 676 77
521 676 77
527 676 77
533 676 77
539 676 77
545 676 77
551 676 77
557 676 77
563 676 77
569 676 77
575 676 77
581 676 77
587 676 77
593 676 77
599 676 77
605 676 77
611 676 77
617 676 77
623 676 77
629 676 77
635 676 77
641 676 77
641 670 77
635 670 77
629 670 77
623 670 77
617 670 77
611 670 77
605 670 78
599 670 78
593 670 78
587 670 78
581 670 78
575 670 78
569 670 78
563 670 78
557 670 78
551 670 78
545 670 78
539 670 78
533 670 78
527 670 78
521 670 78
515 670 78
509 670 78
503 670 78
497 670 78
491 670 78
485 670 78
479 670 78
473 670 78
467 670 78
461 670 78
455 670 78
449 670 78
443 670 78
437 670 78
431 670 78
425 670 78
419 670 78
413 670 78
407 670 78
401 670 78
395 670 78
389 670 78
383 670 78
377 670 78
371 670 78
365 670 79
359 670 79
353 670 79
347 670 79
341 670 79
335 670 79
329 670 79
323 670 79
317 670 79
311 670 79
305 670 79
299 670 79
293 670 79
287 670 79
281 670 79
275 670 79
269 670 79
263 670 79
257 670 79
251 670 79
245 670 79
239 670 79
233 670 79
227 670 79
221 670 79
215 670 79
215 664 79
221 664 79
227 664 79
233 664 79
239 664 79
245 664 79
251 664 79
257 664 79
263 664 79
269 664 79
275 664 79
281 664 79
287 664 79
293 664 79
299 664 80
305 664 80
311 664 80
317 664 80
323 664 80
329 664 80
335 664 80
341 664 80
347 664 80
353 664 80
359 664 80
365 664 80
371 664 80
377 664 80
383 664 80
389 664 80
395 664 80
401 664 80
407 664 80
413 664 80
419 664 80
425 664 80
431 664 80
437 664 80
443 664 80
449 664 80
455 664 80
461 664 80
467 664 80
473 664 80
479 664 80
485 664 80
491 664 80
497 664 80
503 664 80
509 664 80
515 664 80
521 664 80
527 664 80
533 664 80
539 664 81
545 664 81
551 664 81
557 664 81
563 664 81
569 664 81
575 664 81
581 664 81
587 664 81
593 664 81
599 664 81
605 664 81
611 664 81
617 664 81
623 664 81
629 664 81
635 664 81
641 664 81
641 658 81
635 658 81
629 658 81
623 658 81
617 658 81
611 658 81
605 658 81
599 658 81
593 658 81
587 658 81
581 658 81
575 658 81
569 658 81
563 658 81
557 658 81
551 658 81
545 658 81
539 658 81
533 658 81
527 658 81
521 658 81
515 658 81
509 658 82
503 658 82
497 658 82
491 658 82
485 658 82
479 658 82
473 658 82
467 658 82
461 658 82
455 658 82
449 658 82
443 658 82
437 658 82
431 658 82
425 658 82
419 658 82
413 658 82
407 658 82
401 658 82
395 658 82
389 658 82
383 658 82
377 658 82
371 658 82
365 658 82
359 658 82
353 658 82
347 658 82
341 658 82
335 658 82
329 658 82
323 658 82
317 658 82
311 658 82
305 658 82
299 658 82
293 658 82
287 658 82
281 658 82
275 658 82
269 658 83
263 658 83
257 658 83
251 658 83
245 658 83
239 658 83
233 658 83
227 658 83
221 658 83
215 658 83
215 652 83
221 652 83
227 652 83
233 652 83
239 652 83
245 652 83
251 652 83
257 652 83
263 652 83
269 652 83
275 652 83
281 652 83
287 652 83
293 652 83
299 652 83
305 652 83
311 652 83
317 652 83
323 652 83
329 652 83
335 652 83
341 652 83
347 652 83
353 652 83
359 652 83
365 652 83
371 652 83
377 652 83
383 652 83
389 652 83
395 652 84
401 652 84
407 652 84
413 652 84
419 652 84
425 652 84
431 652 84
437 652 84
443 652 84
449 652 84
455 652 84
461 652 84
467 652 84
473 652 84
479 652 84
485 652 84
491 652 84
497 652 84
503 652 84
509 652 84
515 652 84
521 652 84
527 652 84
533 652 84
539 652 84
545 652 84
551 652 84
557 652 84
563 652 84
569 652 84
575 652 84
581 652 84
587 652 84
593 652 84
599 652 84
605 652 84
611 652 84
617 652 84
623 652 84
629 652 84
635 652 85
641 652 85
641 646 85
635 646 85
629 646 85
623 646 85
617 646 85
611 646 85
605 646 85
599 646 85
593 646 85
587 646 85
581 646 85
575 646 85
569 646 85
563 646 85
557 646 85
551 646 85
545 646 85
539 646 85
533 646 85
527 646 85
521 646 85
515 646 85
509 646 85
503 646 85
497 646 85
491 646 85
485 646 85
479 646 85
473 646 85
467 646 85
461 646 85
455 646 85
449 646 85
443 646 85
437 646 85
431 646 85
425 646 85
419 646 85
413 646 86
407 646 86
401 646 86
395 646 86
389 646 86
383 646 86
377 646 86
371 646 86
365 646 86
359 646 86
353 646 86
347 646 86
341 646 86
335 646 86
329 646 86
323 646 86
317 646 86
311 646 86
305 646 86
299 646 86
293 646 86
287 646 86
281 646 86
275 646 86
269 646 86
263 646 86
257 646 86
251 646 86
245 646 86
239 646 86
233 646 86
227 646 86
221 646 86
215 646 86
215 640 86
221 640 86
227 640 86
233 640 86
239 640 86
245 640 86
251 640 87
257 640 87
263 640 87
269 640 87
275 640 87
281 640 87
287 640 87
293 640 87
299 640 87
305 640 87
311 640 87
317 640 87
323 640 87
329 640 87
335 640 87
341 640 87
347 640 87
353 640 87
359 640 87
365 640 87
371 640 87
377 640 87
383 640 87
389 640 87
395 640 87
401 640 87
407 640 87
413 640 87
419 640 87
425 640 87
431 640 87
437 640 87
443 640 87
449 640 87
455 640 87
461 640 87
467 640 87
473 640 87
479 640 87
485 640 87
491 640 88
497 640 88
503 640 88
509 640 88
515 640 88
521 640 88
527 640 88
533 640 88
539 640 88
545 640 88
551 640 88
557 640 88
563 640 88
569 640 88
575 640 88
581 640 88
587 640 88
593 640 88
599 640 88
605 640 88
611 640 88
617 640 88
623 640 88
629 640 88
635 640 88
641 640 88
641 634 88
635 634 88
629 634 88
623 634 88
617 634 88
611 634 88
605 634 88
599 634 88
593 634 88
587 634 88
581 634 88
575 634 88
569 634 88
563 634 88
557 634 89
551 634 89
545 634 89
539 634 89
533 634 89
527 634 89
521 634 89
515 634 89
509 634 89
503 634 89
497 634 89
491 634 89
485 634 89
479 634 89
473 634 89
467 634 89
461 634 89
455 634 89
449 634 89
443 634 89
437 634 89
431 634 89
425 634 89
419 634 89
413 634 89
407 634 89
401 634 89
395 634 89
389 634 89
383 634 89
377 634 89
371 634 89
365 634 89
359 634 89
353 634 89
347 634 89
341 634 89
335 634 89
329 634 89
323 634 89
317 634 90
311 634 90
305 634 90
299 634 90
293 634 90
287 634 90
281 634 90
275 634 90
269 634 90
263 634 90
257 634 90
251 634 90
245 634 90
239 634 90
233 634 90
227 634 90
221 634 90
215 634 90
215 628 90
221 628 90
227 628 90
233 628 90
239 628 90
245 628 90
251 628 90
257 628 90
263 628 90
269 628 90
275 628 90
281 628 90
287 628 90
293 628 90
299 628 90
305 628 90
311 628 90
317 628 90
323 628 90
329 628 90
335 628 90
341 628 90
347 628 91
353 628 91
359 628 91
365 628 91
371 628 91
377 628 91
383 628 91
389 628 91
395 628 91
401 628 91
407 628 91
413 628 91
419 628 91
425 628 91
431 628 91
437 628 91
443 628 91
449 628 91
455 628 91
461 628 91
467 628 91
473 628 91
479 628 91
485 628 91
491 628 91
497 628 91
503 628 91
509 628 91
515 628 91
521 628 91
527 628 91
533 628 91
539 628 91
545 628 91
551 628 91
557 628 91
563 628 91
569 628 91
575 628 91
581 628 91
587 628 92
593 628 92
599 628 92
605 628 92
611 628 92
617 628 92
623 628 92
629 628 92
635 628 92
641 628 92
641 622 92
635 622 92
629 622 92
623 622 92
617 622 92
611 622 92
605 622 92
599 622 92
593 622 92
587 622 92
581 622 92
575 622 92
569 622 92
563 622 92
557 622 92
551 622 92
545 622 92
539 622 92
533 622 92
527 622 92
521 622 92
515 622 92
509 622 92
503 622 92
497 622 92
491 622 92
485 622 92
479 622 92
473 622 92
467 622 92
461 622 93
455 622 93
449 622 93
443 622 93
437 622 93
431 622 93
425 622 93
419 622 93
413 622 93
407 622 93
401 622 93
395 622 93
389 622 93
383 622 93
377 622 93
371 622 93
365 622 93
359 622 93
353 622 93
347 622 93
341 622 93
335 622 93
329 622 93
323 622 93
317 622 93
311 622 93
305 622 93
299 622 93
293 622 93
287 622 93
281 622 93
275 622 93
269 622 93
263 622 93
257 622 93
251 622 93
245 622 93
239 622 93
233 622 93
227 622 93
221 622 94
215 622 94
215 616 94
221 616 94
227 616 94
233 616 94
239 616 94
245 616 94
251 616 94
257 616 94
263 616 94
269 616 94
275 616 94
281 616 94
287 616 94
293 616 94
299 616 94
305 616 94
311 616 94
317 616 94
323 616 94
329 616 94
335 616 94
341 616 94
347 616 94
353 616 94
359 616 94
365 616 94
371 616 94
377 616 94
383 616 94
389 616 94
395 616 94
401 616 94
407 616 94
413 616 94
419 616 94
425 616 94
431 616 94
437 616 94
443 616 95
449 616 95
455 616 95
461 616 95
467 616 95
473 616 95
479 616 95
485 616 95
491 616 95
497 616 95
503 616 95
509 616 95
515 616 95
521 616 95
527 616 95
533 616 95
539 616 95
545 616 95
551 616 95
557 616 95
563 616 95
569 616 95
575 616 95
581 616 95
587 616 95
593 616 95
599 616 95
605 616 95
611 616 95
617 616 95
623 616 95
629 616 95
635 616 95
641 616 95
641 610 95
635 610 95
629 610 95
623 610 95
617 610 95
611 610 95
605 610 96
599 610 96
593 610 96
587 610 96
581 610 96
575 610 96
569 610 96
563 610 96
557 610 96
551 610 96
545 610 96
539 610 96
533 610 96
527 610 96
521 610 96
515 610 96
509 610 96
503 610 96
497 610 96
491 610 96
485 610 96
479 610 96
473 610 96
467 610 96
461 610 96
455 610 96
449 610 96
443 610 96
437 610 96
431 610 96
425 610 96
419 610 96
413 610 96
407 610 96
401 610 96
395 610 96
389 610 96
383 610 96
377 610 96
371 610 96
365 610 97
359 610 97
353 610 97
347 610 97
341 610 97
335 610 97
329 610 97
323 610 97
317 610 97
311 610 97
305 610 97
299 610 97
293 610 97
287 610 97
281 610 97
275 610 97
269 610 97
263 610 97
257 610 97
251 610 97
245 610 97
239 610 97
233 610 97
227 610 97
221 610 97
215 610 97
215 604 97
221 604 97
227 604 97
233 604 97
239 604 97
245 604 97
251 604 97
257 604 97
263 604 97
269 604 97
275 604 97
281 604 97
287 604 97
293 604 97
299 604 98
305 604 98
311 604 98
317 604 98
323 604 98
329 604 98
335 604 98
341 604 98
347 604 98
353 604 98
359 604 98
365 604 98
371 604 98
377 604 98
383 604 98
389 604 98
395 604 98
401 604 98
407 604 98
413 604 98
419 604 98
425 604 98
431 604 98
437 604 98
443 604 98
449 604 98
455 604 98
461 604 98
467 604 98
473 604 98
479 604 98
485 604 98
491 604 98
497 604 98
503 604 98
509 604 98
515 604 98
521 604 98
527 604 98
533 604 98
539 604 99
545 604 99
551 604 99
557 604 99
563 604 99
569 604 99
575 604 99
581 604 99
587 604 99
593 604 99
599 604 99
605 604 99
611 604 99
617 604 99
623 604 99
629 604 99
635 604 99
641 604 99
641 598 99
635 598 99
629 598 99
623 598 99
617 598 99
611 598 99
605 598 99
599 598 99
593 598 99
587 598 99
581 598 99
575 598 99
569 598 99
563 598 99
557 598 99
551 598 99
545 598 99
539 598 99
533 598 99
527 598 99
521 598 99
515 598 99
509 598 100
503 598 100
497 598 100
491 598 100
485 598 100
479 598 100
473 598 100
467 598 100
461 598 100
455 598 100
449 598 100
443 598 100
437 598 100
431 598 100
425 598 100
419 598 100
413 598 100
407 598 100
401 598 100
395 598 100
389 598 100
383 598 100
377 598 100
371 598 100
365 598 100
359 598 100
353 598 100
347 598 100
341 598 100
335 598 100
329 598 100
323 598 100
317 598 100
311 598 100
305 598 100
299 598 100
293 598 100
287 598 100
281 598 100
275 598 100
269 598 101
263 598 101
257 598 101
251 598 101
245 598 101
239 598 101
233 598 101
227 598 101
221 598 101
215 598 101
215 592 101
221 592 101
227 592 101
233 592 101
239 592 101
245 592 101
251 592 101
257 592 101
263 592 101
269 592 101
275 592 101
281 592 101
287 592 101
293 592 101
299 592 101
305 592 101
311 592 101
317 592 101
323 592 101
329 592 101
335 592 101
341 592 101
347 592 101
353 592 101
359 592 101
365 592 101
371 592 101
377 592 101
383 592 101
389 592 101
395 592 102
401 592 102
407 592 102
413 592 102
419 592 102
425 592 102
431 592 102
437 592 102
443 592 102
449 592 102
455 592 102
461 592 102
467 592 102
473 592 102
479 592 102
485 592 102
491 592 102
497 592 102
503 592 102
509 592 102
515 592 102
521 592 102
527 592 102
533 592 102
539 592 102
545 592 102
551 592 102
557 592 102
563 592 102
569 592 102
575 592 102
581 592 102
587 592 102
593 592 102
599 592 102
605 592 102
611 592 102
617 592 102
623 592 102
629 592 102
635 592 103
641 592 103
215 586 103
221 586 103
227 586 103
233 586 103
239 586 103
245 586 103
251 586 103
257 586 103
263 586 103
269 586 103
275 586 103
281 586 103
287 586 103
293 586 103
299 586 103
305 586 103
311 586 103
317 586 103
323 586 103
329 586 103
335 586 103
341 586 103
347 586 103
353 586 103
359 586 103
365 586 103
371 586 103
377 586 103
383 586 103
389 586 103
395 586 103
401 586 103
407 586 103
413 586 103
419 586 103
425 586 103
431 586 103
437 586 103
443 586 104
449 586 104
455 586 104
461 586 104
467 586 104
473 586 104
479 586 104
485 586 104
491 586 104
497 586 104
503 586 104
509 586 104
515 586 104
521 586 104
527 586 104
533 586 104
539 586 104
545 586 104
551 586 104
557 586 104
563 586 104
569 586 104
575 586 104
581 586 104
587 586 104
593 586 104
599 586 104
605 586 104
611 586 104
617 586 104
623 586 104
629 586 104
635 586 104
641 586 104
