641 1024 0
635 1024 0
629 1024 0
623 1024 0
617 1024 0
611 1024 0
605 1024 0
599 1024 0
593 1024 0
587 1024 0
581 1024 0
575 1024 0
569 1024 0
563 1024 0
557 1024 0
551 1024 0
545 1024 0
539 1024 0
533 1024 0
527 1024 0
521 1024 0
515 1024 0
515 1018 0
521 1018 0
527 1018 0
533 1018 0
539 1018 0
545 1018 0
551 1018 0
557 1018 0
563 1018 0
569 1018 0
575 1018 0
581 1018 0
587 1018 0
593 1018 0
599 1018 0
605 1018 0
611 1018 0
617 1018 0
623 1018 1
629 1018 1
635 1018 1
641 1018 1
641 1012 1
635 1012 1
629 1012 1
623 1012 1
617 1012 1
611 1012 1
605 1012 1
599 1012 1
593 1012 1
587 1012 1
581 1012 1
575 1012 1
569 1012 1
563 1012 1
557 1012 1
551 1012 1
545 1012 1
539 1012 1
533 1012 1
527 1012 1
521 1012 1
515 1012 1
515 1006 1
521 1006 1
527 1006 1
533 1006 1
539 1006 1
545 1006 1
551 1006 1
557 1006 1
563 1006 1
569 1006 1
575 1006 1
581 1006 1
587 1006 1
593 1006 1
599 1006 2
605 1006 2
611 1006 2
617 1006 2
623 1006 2
629 1006 2
635 1006 2
641 1006 2
641 1000 2
635 1000 2
629 1000 2
623 1000 2
617 1000 2
611 1000 2
605 1000 2
599 1000 2
593 1000 2
587 1000 2
581 1000 2
575 1000 2
569 1000 2
563 1000 2
557 1000 2
551 1000 2
545 1000 2
539 1000 2
533 1000 2
527 1000 2
521 1000 2
515 1000 2
515 994 2
521 994 2
527 994 2
533 994 2
539 994 2
545 994 2
551 994 2
557 994 2
563 994 2
569 994 2
575 994 3
581 994 3
587 994 3
593 994 3
599 994 3
605 994 3
611 994 3
617 994 3
623 994 3
629 994 3
635 994 3
641 994 3
641 988 3
635 988 3
629 988 3
623 988 3
617 988 3
611 988 3
605 988 3
599 988 3
593 988 3
587 988 3
581 988 3
575 988 3
569 988 3
563 988 3
557 988 3
551 988 3
545 988 3
539 988 3
533 988 3
527 988 3
521 988 3
515 988 3
515 982 3
521 982 3
527 982 3
533 982 3
539 982 3
545 982 3
551 982 4
557 982 4
563 982 4
569 982 4
575 982 4
581 982 4
587 982 4
593 982 4
599 982 4
605 982 4
611 982 4
617 982 4
623 982 4
629 982 4
635 982 4
641 982 4
641 976 4
635 976 4
629 976 4
623 976 4
617 976 4
611 976 4
605 976 4
599 976 4
593 976 4
587 976 4
581 976 4
575 976 4
569 976 4
563 976 4
557 976 4
551 976 4
545 976 4
539 976 4
533 976 4
527 976 4
521 976 4
515 976 4
515 970 4
521 970 4
527 970 5
533 970 5
539 970 5
545 970 5
551 970 5
557 970 5
563 970 5
569 970 5
575 970 5
581 970 5
587 970 5
593 970 5
599 970 5
605 970 5
611 970 5
617 970 5
623 970 5
629 970 5
635 970 5
641 970 5
641 964 5
635 964 5
629 964 5
623 964 5
617 964 5
611 964 5
605 964 5
599 964 5
593 964 5
587 964 5
581 964 5
575 964 5
569 964 5
563 964 5
557 964 5
551 964 5
545 964 5
539 964 5
533 964 5
527 964 5
521 964 6
515 964 6
515 958 6
521 958 6
527 958 6
533 958 6
539 958 6
545 958 6
551 958 6
557 958 6
563 958 6
569 958 6
575 958 6
581 958 6
587 958 6
593 958 6
599 958 6
605 958 6
611 958 6
617 958 6
623 958 6
629 958 6
635 958 6
641 958 6
641 952 6
635 952 6
629 952 6
623 952 6
617 952 6
611 952 6
605 952 6
599 952 6
593 952 6
587 952 6
581 952 6
575 952 6
569 952 6
563 952 6
557 952 6
551 952 6
545 952 7
539 952 7
533 952 7
527 952 7
521 952 7
515 952 7
515 946 7
521 946 7
527 946 7
533 946 7
539 946 7
545 946 7
551 946 7
557 946 7
563 946 7
569 946 7
575 946 7
581 946 7
587 946 7
593 946 7
599 946 7
605 946 7
611 946 7
617 946 7
623 946 7
629 946 7
635 946 7
641 946 7
641 940 7
635 940 7
629 940 7
623 940 7
617 940 7
611 940 7
605 940 7
599 940 7
593 940 7
587 940 7
581 940 7
575 940 7
569 940 8
563 940 8
557 940 8
551 940 8
545 940 8
539 940 8
533 940 8
527 940 8
521 940 8
515 940 8
515 934 8
521 934 8
527 934 8
533 934 8
539 934 8
545 934 8
551 934 8
557 934 8
563 934 8
569 934 8
575 934 8
581 934 8
587 934 8
593 934 8
599 934 8
605 934 8
611 934 8
617 934 8
623 934 8
629 934 8
635 934 8
641 934 8
641 928 8
635 928 8
629 928 8
623 928 8
617 928 8
611 928 8
605 928 8
599 928 8
593 928 9
587 928 9
581 928 9
575 928 9
569 928 9
563 928 9
557 928 9
551 928 9
545 928 9
539 928 9
533 928 9
527 928 9
521 928 9
515 928 9
515 922 9
521 922 9
527 922 9
533 922 9
539 922 9
545 922 9
551 922 9
557 922 9
563 922 9
569 922 9
575 922 9
581 922 9
587 922 9
593 922 9
599 922 9
605 922 9
611 922 9
617 922 9
623 922 9
629 922 9
635 922 9
641 922 9
641 916 9
635 916 9
629 916 9
623 916 9
617 916 10
611 916 10
605 916 10
599 916 10
593 916 10
587 916 10
581 916 10
575 916 10
569 916 10
563 916 10
557 916 10
551 916 10
545 916 10
539 916 10
533 916 10
527 916 10
521 916 10
515 916 10
515 910 10
521 910 10
527 910 10
533 910 10
539 910 10
545 910 10
551 910 10
557 910 10
563 910 10
569 910 10
575 910 10
581 910 10
587 910 10
593 910 10
599 910 10
605 910 10
611 910 10
617 910 10
623 910 10
629 910 10
635 910 10
641 910 10
641 904 11
635 904 11
629 904 11
623 904 11
617 904 11
611 904 11
605 904 11
599 904 11
593 904 11
587 904 11
581 904 11
575 904 11
569 904 11
563 904 11
557 904 11
551 904 11
545 904 11
539 904 11
533 904 11
527 904 11
521 904 11
515 904 11
515 898 11
521 898 11
527 898 11
533 898 11
539 898 11
545 898 11
551 898 11
557 898 11
563 898 11
569 898 11
575 898 11
581 898 11
587 898 11
593 898 11
599 898 11
605 898 11
611 898 11
617 898 11
623 898 12
629 898 12
635 898 12
641 898 12
641 892 12
635 892 12
629 892 12
623 892 12
617 892 12
611 892 12
605 892 12
599 892 12
593 892 12
587 892 12
581 892 12
575 892 12
569 892 12
563 892 12
557 892 12
551 892 12
545 892 12
539 892 12
533 892 12
527 892 12
521 892 12
515 892 12
515 886 12
521 886 12
527 886 12
533 886 12
539 886 12
545 886 12
551 886 12
557 886 12
563 886 12
569 886 12
575 886 12
581 886 12
587 886 12
593 886 12
599 886 13
605 886 13
611 886 13
617 886 13
623 886 13
629 886 13
635 886 13
641 886 13
641 880 13
635 880 13
629 880 13
623 880 13
617 880 13
611 880 13
605 880 13
599 880 13
593 880 13
587 880 13
581 880 13
575 880 13
569 880 13
563 880 13
557 880 13
551 880 13
545 880 13
539 880 13
533 880 13
527 880 13
521 880 13
515 880 13
515 874 13
521 874 13
527 874 13
533 874 13
539 874 13
545 874 13
551 874 13
557 874 13
563 874 13
569 874 13
575 874 14
581 874 14
587 874 14
593 874 14
599 874 14
605 874 14
611 874 14
617 874 14
623 874 14
629 874 14
635 874 14
641 874 14
641 868 14
635 868 14
629 868 14
623 868 14
617 868 14
611 868 14
605 868 14
599 868 14
593 868 14
587 868 14
581 868 14
575 868 14
569 868 14
563 868 14
557 868 14
551 868 14
545 868 14
539 868 14
533 868 14
527 868 14
521 868 14
515 868 14
515 862 14
521 862 14
527 862 14
533 862 14
539 862 14
545 862 14
551 862 15
557 862 15
563 862 15
569 862 15
575 862 15
581 862 15
587 862 15
593 862 15
599 862 15
605 862 15
611 862 15
617 862 15
623 862 15
629 862 15
635 862 15
641 862 15
641 856 15
635 856 15
629 856 15
623 856 15
617 856 15
611 856 15
605 856 15
599 856 15
593 856 15
587 856 15
581 856 15
575 856 15
569 856 15
563 856 15
557 856 15
551 856 15
545 856 15
539 856 15
533 856 15
527 856 15
521 856 15
515 856 15
515 850 15
521 850 15
527 850 16
533 850 16
539 850 16
545 850 16
551 850 16
557 850 16
563 850 16
569 850 16
575 850 16
581 850 16
587 850 16
593 850 16
599 850 16
605 850 16
611 850 16
617 850 16
623 850 16
629 850 16
635 850 16
641 850 16
641 844 16
635 844 16
629 844 16
623 844 16
617 844 16
611 844 16
605 844 16
599 844 16
593 844 16
587 844 16
581 844 16
575 844 16
569 844 16
563 844 16
557 844 16
551 844 16
545 844 16
539 844 16
533 844 16
527 844 16
521 844 17
515 844 17
515 838 17
521 838 17
527 838 17
533 838 17
539 838 17
545 838 17
551 838 17
557 838 17
563 838 17
569 838 17
575 838 17
581 838 17
587 838 17
593 838 17
599 838 17
605 838 17
611 838 17
617 838 17
623 838 17
629 838 17
635 838 17
641 838 17
641 832 17
635 832 17
629 832 17
623 832 17
617 832 17
611 832 17
605 832 17
599 832 17
593 832 17
587 832 17
581 832 17
575 832 17
569 832 17
563 832 17
557 832 17
551 832 17
545 832 18
539 832 18
533 832 18
527 832 18
521 832 18
515 832 18
515 826 18
521 826 18
527 826 18
533 826 18
539 826 18
545 826 18
551 826 18
557 826 18
563 826 18
569 826 18
575 826 18
581 826 18
587 826 18
593 826 18
599 826 18
605 826 18
611 826 18
617 826 18
623 826 18
629 826 18
635 826 18
641 826 18
641 820 18
635 820 18
629 820 18
623 820 18
617 820 18
611 820 18
605 820 18
599 820 18
593 820 18
587 820 18
581 820 18
575 820 18
569 820 19
563 820 19
557 820 19
551 820 19
545 820 19
539 820 19
533 820 19
527 820 19
521 820 19
515 820 19
515 814 19
521 814 19
527 814 19
533 814 19
539 814 19
545 814 19
551 814 19
557 814 19
563 814 19
569 814 19
575 814 19
581 814 19
587 814 19
593 814 19
599 814 19
605 814 19
611 814 19
617 814 19
623 814 19
629 814 19
635 814 19
641 814 19
641 808 19
635 808 19
629 808 19
623 808 19
617 808 19
611 808 19
605 808 19
599 808 19
593 808 20
587 808 20
581 808 20
575 808 20
569 808 20
563 808 20
557 808 20
551 808 20
545 808 20
539 808 20
533 808 20
527 808 20
521 808 20
515 808 20
515 802 20
521 802 20
527 802 20
533 802 20
539 802 20
545 802 20
551 802 20
557 802 20
563 802 20
569 802 20
575 802 20
581 802 20
587 802 20
593 802 20
599 802 20
605 802 20
611 802 20
617 802 20
623 802 20
629 802 20
635 802 20
641 802 20
641 796 20
635 796 20
629 796 20
623 796 20
617 796 21
611 796 21
605 796 21
599 796 21
593 796 21
587 796 21
581 796 21
575 796 21
569 796 21
563 796 21
557 796 21
551 796 21
545 796 21
539 796 21
533 796 21
527 796 21
521 796 21
515 796 21
515 790 21
521 790 21
527 790 21
533 790 21
539 790 21
545 790 21
551 790 21
557 790 21
563 790 21
569 790 21
575 790 21
581 790 21
587 790 21
593 790 21
599 790 21
605 790 21
611 790 21
617 790 21
623 790 21
629 790 21
635 790 21
641 790 21
641 784 22
635 784 22
629 784 22
623 784 22
617 784 22
611 784 22
605 784 22
599 784 22
593 784 22
587 784 22
581 784 22
575 784 22
569 784 22
563 784 22
557 784 22
551 784 22
545 784 22
539 784 22
533 784 22
527 784 22
521 784 22
515 784 22
515 778 22
521 778 22
527 778 22
533 778 22
539 778 22
545 778 22
551 778 22
557 778 22
563 778 22
569 778 22
575 778 22
581 778 22
587 778 22
593 778 22
599 778 22
605 778 22
611 778 22
617 778 22
623 778 23
629 778 23
635 778 23
641 778 23
641 772 23
635 772 23
629 772 23
623 772 23
617 772 23
611 772 23
605 772 23
599 772 23
593 772 23
587 772 23
581 772 23
575 772 23
569 772 23
563 772 23
557 772 23
551 772 23
545 772 23
539 772 23
533 772 23
527 772 23
521 772 23
515 772 23
515 766 23
521 766 23
527 766 23
533 766 23
539 766 23
545 766 23
551 766 23
557 766 23
563 766 23
569 766 23
575 766 23
581 766 23
587 766 23
593 766 23
599 766 24
605 766 24
611 766 24
617 766 24
623 766 24
629 766 24
635 766 24
641 766 24
641 760 24
635 760 24
629 760 24
623 760 24
617 760 24
611 760 24
605 760 24
599 760 24
593 760 24
587 760 24
581 760 24
575 760 24
569 760 24
563 760 24
557 760 24
551 760 24
545 760 24
539 760 24
533 760 24
527 760 24
521 760 24
515 760 24
515 754 24
521 754 24
527 754 24
533 754 24
539 754 24
545 754 24
551 754 24
557 754 24
563 754 24
569 754 24
575 754 25
581 754 25
587 754 25
593 754 25
599 754 25
605 754 25
611 754 25
617 754 25
623 754 25
629 754 25
635 754 25
641 754 25
641 748 25
635 748 25
629 748 25
623 748 25
617 748 25
611 748 25
605 748 25
599 748 25
593 748 25
587 748 25
581 748 25
575 748 25
569 748 25
563 748 25
557 748 25
551 748 25
545 748 25
539 748 25
533 748 25
527 748 25
521 748 25
515 748 25
515 742 25
521 742 25
527 742 25
533 742 25
539 742 25
545 742 25
551 742 26
557 742 26
563 742 26
569 742 26
575 742 26
581 742 26
587 742 26
593 742 26
599 742 26
605 742 26
611 742 26
617 742 26
623 742 26
629 742 26
635 742 26
641 742 26
641 736 26
635 736 26
629 736 26
623 736 26
617 736 26
611 736 26
605 736 26
599 736 26
593 736 26
587 736 26
581 736 26
575 736 26
569 736 26
563 736 26
557 736 26
551 736 26
545 736 26
539 736 26
533 736 26
527 736 26
521 736 26
515 736 26
515 730 26
521 730 26
527 730 27
533 730 27
539 730 27
545 730 27
551 730 27
557 730 27
563 730 27
569 730 27
575 730 27
581 730 27
587 730 27
593 730 27
599 730 27
605 730 27
611 730 27
617 730 27
623 730 27
629 730 27
635 730 27
641 730 27
641 724 27
635 724 27
629 724 27
623 724 27
617 724 27
611 724 27
605 724 27
599 724 27
593 724 27
587 724 27
581 724 27
575 724 27
569 724 27
563 724 27
557 724 27
551 724 27
545 724 27
539 724 27
533 724 27
527 724 27
521 724 28
515 724 28
515 718 28
521 718 28
527 718 28
533 718 28
539 718 28
545 718 28
551 718 28
557 718 28
563 718 28
569 718 28
575 718 28
581 718 28
587 718 28
593 718 28
599 718 28
605 718 28
611 718 28
617 718 28
623 718 28
629 718 28
635 718 28
641 718 28
641 712 28
635 712 28
629 712 28
623 712 28
617 712 28
611 712 28
605 712 28
599 712 28
593 712 28
587 712 28
581 712 28
575 712 28
569 712 28
563 712 28
557 712 28
551 712 28
545 712 29
539 712 29
533 712 29
527 712 29
521 712 29
515 712 29
515 706 29
521 706 29
527 706 29
533 706 29
539 706 29
545 706 29
551 706 29
557 706 29
563 706 29
569 706 29
575 706 29
581 706 29
587 706 29
593 706 29
599 706 29
605 706 29
611 706 29
617 706 29
623 706 29
629 706 29
635 706 29
641 706 29
641 700 29
635 700 29
629 700 29
623 700 29
617 700 29
611 700 29
605 700 29
599 700 29
593 700 29
587 700 29
581 700 29
575 700 29
569 700 30
563 700 30
557 700 30
551 700 30
545 700 30
539 700 30
533 700 30
527 700 30
521 700 30
515 700 30
515 694 30
521 694 30
527 694 30
533 694 30
539 694 30
545 694 30
551 694 30
557 694 30
563 694 30
569 694 30
575 694 30
581 694 30
587 694 30
593 694 30
599 694 30
605 694 30
611 694 30
617 694 30
623 694 30
629 694 30
635 694 30
641 694 30
641 688 30
635 688 30
629 688 30
623 688 30
617 688 30
611 688 30
605 688 30
599 688 30
593 688 31
587 688 31
581 688 31
575 688 31
569 688 31
563 688 31
557 688 31
551 688 31
545 688 31
539 688 31
533 688 31
527 688 31
521 688 31
515 688 31
515 682 31
521 682 31
527 682 31
533 682 31
539 682 31
545 682 31
551 682 31
557 682 31
563 682 31
569 682 31
575 682 31
581 682 31
587 682 31
593 682 31
599 682 31
605 682 31
611 682 31
617 682 31
623 682 31
629 682 31
635 682 31
641 682 31
641 676 31
635 676 31
629 676 31
623 676 31
617 676 32
611 676 32
605 676 32
599 676 32
593 676 32
587 676 32
581 676 32
575 676 32
569 676 32
563 676 32
557 676 32
551 676 32
545 676 32
539 676 32
533 676 32
527 676 32
521 676 32
515 676 32
515 670 32
521 670 32
527 670 32
533 670 32
539 670 32
545 670 32
551 670 32
557 670 32
563 670 32
569 670 32
575 670 32
581 670 32
587 670 32
593 670 32
599 670 32
605 670 32
611 670 32
617 670 32
623 670 32
629 670 32
635 670 32
641 670 32
641 664 33
635 664 33
629 664 33
623 664 33
617 664 33
611 664 33
605 664 33
599 664 33
593 664 33
587 664 33
581 664 33
575 664 33
569 664 33
563 664 33
557 664 33
551 664 33
545 664 33
539 664 33
533 664 33
527 664 33
521 664 33
515 664 33
515 658 33
521 658 33
527 658 33
533 658 33
539 658 33
545 658 33
551 658 33
557 658 33
563 658 33
569 658 33
575 658 33
581 658 33
587 658 33
593 658 33
599 658 33
605 658 33
611 658 33
617 658 33
623 658 34
629 658 34
635 658 34
641 658 34
641 652 34
635 652 34
629 652 34
623 652 34
617 652 34
611 652 34
605 652 34
599 652 34
593 652 34
587 652 34
581 652 34
575 652 34
569 652 34
563 652 34
557 652 34
551 652 34
545 652 34
539 652 34
533 652 34
527 652 34
521 652 34
515 652 34
515 646 34
521 646 34
527 646 34
533 646 34
539 646 34
545 646 34
551 646 34
557 646 34
563 646 34
569 646 34
575 646 34
581 646 34
587 646 34
593 646 34
599 646 35
605 646 35
611 646 35
617 646 35
623 646 35
629 646 35
635 646 35
641 646 35
641 640 35
635 640 35
629 640 35
623 640 35
617 640 35
611 640 35
605 640 35
599 640 35
593 640 35
587 640 35
581 640 35
575 640 35
569 640 35
563 640 35
557 640 35
551 640 35
545 640 35
539 640 35
533 640 35
527 640 35
521 640 35
515 640 35
515 634 35
521 634 35
527 634 35
533 634 35
539 634 35
545 634 35
551 634 35
557 634 35
563 634 35
569 634 35
575 634 36
581 634 36
587 634 36
593 634 36
599 634 36
605 634 36
611 634 36
617 634 36
623 634 36
629 634 36
635 634 36
641 634 36
641 628 36
635 628 36
629 628 36
623 628 36
617 628 36
611 628 36
605 628 36
599 628 36
593 628 36
587 628 36
581 628 36
575 628 36
569 628 36
563 628 36
557 628 36
551 628 36
545 628 36
539 628 36
533 628 36
527 628 36
521 628 36
515 628 36
515 622 36
521 622 36
527 622 36
533 622 36
539 622 36
545 622 36
551 622 37
557 622 37
563 622 37
569 622 37
575 622 37
581 622 37
587 622 37
593 622 37
599 622 37
605 622 37
611 622 37
617 622 37
623 622 37
629 622 37
635 622 37
641 622 37
641 616 37
635 616 37
629 616 37
623 616 37
617 616 37
611 616 37
605 616 37
599 616 37
593 616 37
587 616 37
581 616 37
575 616 37
569 616 37
563 616 37
557 616 37
551 616 37
545 616 37
539 616 37
533 616 37
527 616 37
521 616 37
515 616 37
515 610 37
521 610 37
527 610 38
533 610 38
539 610 38
545 610 38
551 610 38
557 610 38
563 610 38
569 610 38
575 610 38
581 610 38
587 610 38
593 610 38
599 610 38
605 610 38
611 610 38
617 610 38
623 610 38
629 610 38
635 610 38
641 610 38
641 604 38
635 604 38
629 604 38
623 604 38
617 604 38
611 604 38
605 604 38
599 604 38
593 604 38
587 604 38
581 604 38
575 604 38
569 604 38
563 604 38
557 604 38
551 604 38
545 604 38
539 604 38
533 604 38
527 604 38
521 604 39
515 604 39
515 598 39
521 598 39
527 598 39
533 598 39
539 598 39
545 598 39
551 598 39
557 598 39
563 598 39
569 598 39
575 598 39
581 598 39
587 598 39
593 598 39
599 598 39
605 598 39
611 598 39
617 598 39
623 598 39
629 598 39
635 598 39
641 598 39
641 592 39
635 592 39
629 592 39
623 592 39
617 592 39
611 592 39
605 592 39
599 592 39
593 592 39
587 592 39
581 592 39
575 592 39
569 592 39
563 592 39
557 592 39
551 592 39
545 592 40
539 592 40
533 592 40
527 592 40
521 592 40
515 592 40
641 586 40
635 586 40
629 586 40
623 586 40
617 586 40
611 586 40
605 586 40
599 586 40
593 586 40
587 586 40
581 586 40
575 586 40
569 586 40
563 586 40
557 586 40
551 586 40
545 586 40
539 586 40
533 586 40
527 586 40
521 586 40
515 586 40
509 586 40
503 586 40
497 586 40
491 586 40
485 586 40
479 586 40
473 586 40
467 586 40
461 586 40
455 586 40
449 586 40
443 586 40
437 586 41
431 586 41
425 586 41
419 586 41
413 586 41
407 586 41
401 586 41
395 586 41
389 586 41
383 586 41
377 586 41
371 586 41
365 586 41
365 592 41
371 592 41
377 592 41
383 592 41
389 592 41
395 592 41
401 592 41
407 592 41
413 592 41
419 592 41
425 592 41
431 592 41
437 592 41
443 592 41
449 592 41
455 592 41
461 592 41
467 592 41
473 592 41
479 592 41
485 592 41
491 592 41
497 592 41
503 592 41
509 592 41
509 598 41
503 598 41
497 598 42
491 598 42
485 598 42
479 598 42
473 598 42
467 598 42
461 598 42
455 598 42
449 598 42
443 598 42
437 598 42
431 598 42
425 598 42
419 598 42
413 598 42
407 598 42
401 598 42
395 598 42
389 598 42
383 598 42
377 598 42
371 598 42
365 598 42
365 604 42
371 604 42
377 604 42
383 604 42
389 604 42
395 604 42
401 604 42
407 604 42
413 604 42
419 604 42
425 604 42
431 604 42
437 604 42
443 604 42
449 604 42
455 604 42
461 604 42
467 604 43
473 604 43
479 604 43
485 604 43
491 604 43
497 604 43
503 604 43
509 604 43
509 610 43
503 610 43
497 610 43
491 610 43
485 610 43
479 610 43
473 610 43
467 610 43
461 610 43
455 610 43
449 610 43
443 610 43
437 610 43
431 610 43
425 610 43
419 610 43
413 610 43
407 610 43
401 610 43
395 610 43
389 610 43
383 610 43
377 610 43
371 610 43
365 610 43
365 616 43
371 616 43
377 616 43
383 616 43
389 616 43
395 616 43
401 616 43
407 616 44
413 616 44
419 616 44
425 616 44
431 616 44
437 616 44
443 616 44
449 616 44
455 616 44
461 616 44
467 616 44
473 616 44
479 616 44
485 616 44
491 616 44
497 616 44
503 616 44
509 616 44
509 622 44
503 622 44
497 622 44
491 622 44
485 622 44
479 622 44
473 622 44
467 622 44
461 622 44
455 622 44
449 622 44
443 622 44
437 622 44
431 622 44
425 622 44
419 622 44
413 622 44
407 622 44
401 622 44
395 622 44
389 622 44
383 622 44
377 622 45
371 622 45
365 622 45
365 628 45
371 628 45
377 628 45
383 628 45
389 628 45
395 628 45
401 628 45
407 628 45
413 628 45
419 628 45
425 628 45
431 628 45
437 628 45
443 628 45
449 628 45
455 628 45
461 628 45
467 628 45
473 628 45
479 628 45
485 628 45
491 628 45
497 628 45
503 628 45
509 628 45
509 634 45
503 634 45
497 634 45
491 634 45
485 634 45
479 634 45
473 634 45
467 634 45
461 634 45
455 634 45
449 634 45
443 634 45
437 634 46
431 634 46
425 634 46
419 634 46
413 634 46
407 634 46
401 634 46
395 634 46
389 634 46
383 634 46
377 634 46
371 634 46
365 634 46
365 640 46
371 640 46
377 640 46
383 640 46
389 640 46
395 640 46
401 640 46
407 640 46
413 640 46
419 640 46
425 640 46
431 640 46
437 640 46
443 640 46
449 640 46
455 640 46
461 640 46
467 640 46
473 640 46
479 640 46
485 640 46
491 640 46
497 640 46
503 640 46
509 640 46
509 646 46
503 646 46
497 646 47
491 646 47
485 646 47
479 646 47
473 646 47
467 646 47
461 646 47
455 646 47
449 646 47
443 646 47
437 646 47
431 646 47
425 646 47
419 646 47
413 646 47
407 646 47
401 646 47
395 646 47
389 646 47
383 646 47
377 646 47
371 646 47
365 646 47
365 652 47
371 652 47
377 652 47
383 652 47
389 652 47
395 652 47
401 652 47
407 652 47
413 652 47
419 652 47
425 652 47
431 652 47
437 652 47
443 652 47
449 652 47
455 652 47
461 652 47
467 652 48
473 652 48
479 652 48
485 652 48
491 652 48
497 652 48
503 652 48
509 652 48
509 658 48
503 658 48
497 658 48
491 658 48
485 658 48
479 658 48
473 658 48
467 658 48
461 658 48
455 658 48
449 658 48
443 658 48
437 658 48
431 658 48
425 658 48
419 658 48
413 658 48
407 658 48
401 658 48
395 658 48
389 658 48
383 658 48
377 658 48
371 658 48
365 658 48
365 664 48
371 664 48
377 664 48
383 664 48
389 664 48
395 664 48
401 664 48
407 664 49
413 664 49
419 664 49
425 664 49
431 664 49
437 664 49
443 664 49
449 664 49
455 664 49
461 664 49
467 664 49
473 664 49
479 664 49
485 664 49
491 664 49
497 664 49
503 664 49
509 664 49
509 670 49
503 670 49
497 670 49
491 670 49
485 670 49
479 670 49
473 670 49
467 670 49
461 670 49
455 670 49
449 670 49
443 670 49
437 670 49
431 670 49
425 670 49
419 670 49
413 670 49
407 670 49
401 670 49
395 670 49
389 670 49
383 670 49
377 670 50
371 670 50
365 670 50
365 676 50
371 676 50
377 676 50
383 676 50
389 676 50
395 676 50
401 676 50
407 676 50
413 676 50
419 676 50
425 676 50
431 676 50
437 676 50
443 676 50
449 676 50
455 676 50
461 676 50
467 676 50
473 676 50
479 676 50
485 676 50
491 676 50
497 676 50
503 676 50
509 676 50
509 682 50
503 682 50
497 682 50
491 682 50
485 682 50
479 682 50
473 682 50
467 682 50
461 682 50
455 682 50
449 682 50
443 682 50
437 682 51
431 682 51
425 682 51
419 682 51
413 682 51
407 682 51
401 682 51
395 682 51
389 682 51
383 682 51
377 682 51
371 682 51
365 682 51
365 688 51
371 688 51
377 688 51
383 688 51
389 688 51
395 688 51
401 688 51
407 688 51
413 688 51
419 688 51
425 688 51
431 688 51
437 688 51
443 688 51
449 688 51
455 688 51
461 688 51
467 688 51
473 688 51
479 688 51
485 688 51
491 688 51
497 688 51
503 688 51
509 688 51
509 694 51
503 694 51
497 694 52
491 694 52
485 694 52
479 694 52
473 694 52
467 694 52
461 694 52
455 694 52
449 694 52
443 694 52
437 694 52
431 694 52
425 694 52
419 694 52
413 694 52
407 694 52
401 694 52
395 694 52
389 694 52
383 694 52
377 694 52
371 694 52
365 694 52
365 700 52
371 700 52
377 700 52
383 700 52
389 700 52
395 700 52
401 700 52
407 700 52
413 700 52
419 700 52
425 700 52
431 700 52
437 700 52
443 700 52
449 700 52
455 700 52
461 700 52
467 700 53
473 700 53
479 700 53
485 700 53
491 700 53
497 700 53
503 700 53
509 700 53
509 706 53
503 706 53
497 706 53
491 706 53
485 706 53
479 706 53
473 706 53
467 706 53
461 706 53
455 706 53
449 706 53
443 706 53
437 706 53
431 706 53
425 706 53
419 706 53
413 706 53
407 706 53
401 706 53
395 706 53
389 706 53
383 706 53
377 706 53
371 706 53
365 706 53
365 712 53
371 712 53
377 712 53
383 712 53
389 712 53
395 712 53
401 712 53
407 712 54
413 712 54
419 712 54
425 712 54
431 712 54
437 712 54
443 712 54
449 712 54
455 712 54
461 712 54
467 712 54
473 712 54
479 712 54
485 712 54
491 712 54
497 712 54
503 712 54
509 712 54
509 718 54
503 718 54
497 718 54
491 718 54
485 718 54
479 718 54
473 718 54
467 718 54
461 718 54
455 718 54
449 718 54
443 718 54
437 718 54
431 718 54
425 718 54
419 718 54
413 718 54
407 718 54
401 718 54
395 718 54
389 718 54
383 718 54
377 718 55
371 718 55
365 718 55
365 724 55
371 724 55
377 724 55
383 724 55
389 724 55
395 724 55
401 724 55
407 724 55
413 724 55
419 724 55
425 724 55
431 724 55
437 724 55
443 724 55
449 724 55
455 724 55
461 724 55
467 724 55
473 724 55
479 724 55
485 724 55
491 724 55
497 724 55
503 724 55
509 724 55
509 730 55
503 730 55
497 730 55
491 730 55
485 730 55
479 730 55
473 730 55
467 730 55
461 730 55
455 730 55
449 730 55
443 730 55
437 730 56
431 730 56
425 730 56
419 730 56
413 730 56
407 730 56
401 730 56
395 730 56
389 730 56
383 730 56
377 730 56
371 730 56
365 730 56
365 736 56
371 736 56
377 736 56
383 736 56
389 736 56
395 736 56
401 736 56
407 736 56
413 736 56
419 736 56
425 736 56
431 736 56
437 736 56
443 736 56
449 736 56
455 736 56
461 736 56
467 736 56
473 736 56
479 736 56
485 736 56
491 736 56
497 736 56
503 736 56
509 736 56
509 742 56
503 742 56
497 742 57
491 742 57
485 742 57
479 742 57
473 742 57
467 742 57
461 742 57
455 742 57
449 742 57
443 742 57
437 742 57
431 742 57
425 742 57
419 742 57
413 742 57
407 742 57
401 742 57
395 742 57
389 742 57
383 742 57
377 742 57
371 742 57
365 742 57
365 748 57
371 748 57
377 748 57
383 748 57
389 748 57
395 748 57
401 748 57
407 748 57
413 748 57
419 748 57
425 748 57
431 748 57
437 748 57
443 748 57
449 748 57
455 748 57
461 748 57
467 748 58
473 748 58
479 748 58
485 748 58
491 748 58
497 748 58
503 748 58
509 748 58
509 754 58
503 754 58
497 754 58
491 754 58
485 754 58
479 754 58
473 754 58
467 754 58
461 754 58
455 754 58
449 754 58
443 754 58
437 754 58
431 754 58
425 754 58
419 754 58
413 754 58
407 754 58
401 754 58
395 754 58
389 754 58
383 754 58
377 754 58
371 754 58
365 754 58
365 760 58
371 760 58
377 760 58
383 760 58
389 760 58
395 760 58
401 760 58
407 760 59
413 760 59
419 760 59
425 760 59
431 760 59
437 760 59
443 760 59
449 760 59
455 760 59
461 760 59
467 760 59
473 760 59
479 760 59
485 760 59
491 760 59
497 760 59
503 760 59
509 760 59
509 766 59
503 766 59
497 766 59
491 766 59
485 766 59
479 766 59
473 766 59
467 766 59
461 766 59
455 766 59
449 766 59
443 766 59
437 766 59
431 766 59
425 766 59
419 766 59
413 766 59
407 766 59
401 766 59
395 766 59
389 766 59
383 766 59
377 766 60
371 766 60
365 766 60
365 772 60
371 772 60
377 772 60
383 772 60
389 772 60
395 772 60
401 772 60
407 772 60
413 772 60
419 772 60
425 772 60
431 772 60
437 772 60
443 772 60
449 772 60
455 772 60
461 772 60
467 772 60
473 772 60
479 772 60
485 772 60
491 772 60
497 772 60
503 772 60
509 772 60
509 778 60
503 778 60
497 778 60
491 778 60
485 778 60
479 778 60
473 778 60
467 778 60
461 778 60
455 778 60
449 778 60
443 778 60
437 778 61
431 778 61
425 778 61
419 778 61
413 778 61
407 778 61
401 778 61
395 778 61
389 778 61
383 778 61
377 778 61
371 778 61
365 778 61
365 784 61
371 784 61
377 784 61
383 784 61
389 784 61
395 784 61
401 784 61
407 784 61
413 784 61
419 784 61
425 784 61
431 784 61
437 784 61
443 784 61
449 784 61
455 784 61
461 784 61
467 784 61
473 784 61
479 784 61
485 784 61
491 784 61
497 784 61
503 784 61
509 784 61
509 790 61
503 790 61
497 790 62
491 790 62
485 790 62
479 790 62
473 790 62
467 790 62
461 790 62
455 790 62
449 790 62
443 790 62
437 790 62
431 790 62
425 790 62
419 790 62
413 790 62
407 790 62
401 790 62
395 790 62
389 790 62
383 790 62
377 790 62
371 790 62
365 790 62
365 796 62
371 796 62
377 796 62
383 796 62
389 796 62
395 796 62
401 796 62
407 796 62
413 796 62
419 796 62
425 796 62
431 796 62
437 796 62
443 796 62
449 796 62
455 796 62
461 796 62
467 796 63
473 796 63
479 796 63
485 796 63
491 796 63
497 796 63
503 796 63
509 796 63
509 802 63
503 802 63
497 802 63
491 802 63
485 802 63
479 802 63
473 802 63
467 802 63
461 802 63
455 802 63
449 802 63
443 802 63
437 802 63
431 802 63
425 802 63
419 802 63
413 802 63
407 802 63
401 802 63
395 802 63
389 802 63
383 802 63
377 802 63
371 802 63
365 802 63
365 808 63
371 808 63
377 808 63
383 808 63
389 808 63
395 808 63
401 808 63
407 808 64
413 808 64
419 808 64
425 808 64
431 808 64
437 808 64
443 808 64
449 808 64
455 808 64
461 808 64
467 808 64
473 808 64
479 808 64
485 808 64
491 808 64
497 808 64
503 808 64
509 808 64
509 814 64
503 814 64
497 814 64
491 814 64
485 814 64
479 814 64
473 814 64
467 814 64
461 814 64
455 814 64
449 814 64
443 814 64
437 814 64
431 814 64
425 814 64
419 814 64
413 814 64
407 814 64
401 814 64
395 814 64
389 814 64
383 814 64
377 814 65
371 814 65
365 814 65
365 820 65
371 820 65
377 820 65
383 820 65
389 820 65
395 820 65
401 820 65
407 820 65
413 820 65
419 820 65
425 820 65
431 820 65
437 820 65
443 820 65
449 820 65
455 820 65
461 820 65
467 820 65
473 820 65
479 820 65
485 820 65
491 820 65
497 820 65
503 820 65
509 820 65
509 826 65
503 826 65
497 826 65
491 826 65
485 826 65
479 826 65
473 826 65
467 826 65
461 826 65
455 826 65
449 826 65
443 826 65
437 826 66
431 826 66
425 826 66
419 826 66
413 826 66
407 826 66
401 826 66
395 826 66
389 826 66
383 826 66
377 826 66
371 826 66
365 826 66
365 832 66
371 832 66
377 832 66
383 832 66
389 832 66
395 832 66
401 832 66
407 832 66
413 832 66
419 832 66
425 832 66
431 832 66
437 832 66
443 832 66
449 832 66
455 832 66
461 832 66
467 832 66
473 832 66
479 832 66
485 832 66
491 832 66
497 832 66
503 832 66
509 832 66
509 838 66
503 838 66
497 838 67
491 838 67
485 838 67
479 838 67
473 838 67
467 838 67
461 838 67
455 838 67
449 838 67
443 838 67
437 838 67
431 838 67
425 838 67
419 838 67
413 838 67
407 838 67
401 838 67
395 838 67
389 838 67
383 838 67
377 838 67
371 838 67
365 838 67
365 844 67
371 844 67
377 844 67
383 844 67
389 844 67
395 844 67
401 844 67
407 844 67
413 844 67
419 844 67
425 844 67
431 844 67
437 844 67
443 844 67
449 844 67
455 844 67
461 844 67
467 844 68
473 844 68
479 844 68
485 844 68
491 844 68
497 844 68
503 844 68
509 844 68
509 850 68
503 850 68
497 850 68
491 850 68
485 850 68
479 850 68
473 850 68
467 850 68
461 850 68
455 850 68
449 850 68
443 850 68
437 850 68
431 850 68
425 850 68
419 850 68
413 850 68
407 850 68
401 850 68
395 850 68
389 850 68
383 850 68
377 850 68
371 850 68
365 850 68
365 856 68
371 856 68
377 856 68
383 856 68
389 856 68
395 856 68
401 856 68
407 856 69
413 856 69
419 856 69
425 856 69
431 856 69
437 856 69
443 856 69
449 856 69
455 856 69
461 856 69
467 856 69
473 856 69
479 856 69
485 856 69
491 856 69
497 856 69
503 856 69
509 856 69
509 862 69
503 862 69
497 862 69
491 862 69
485 862 69
479 862 69
473 862 69
467 862 69
461 862 69
455 862 69
449 862 69
443 862 69
437 862 69
431 862 69
425 862 69
419 862 69
413 862 69
407 862 69
401 862 69
395 862 69
389 862 69
383 862 69
377 862 70
371 862 70
365 862 70
365 868 70
371 868 70
377 868 70
383 868 70
389 868 70
395 868 70
401 868 70
407 868 70
413 868 70
419 868 70
425 868 70
431 868 70
437 868 70
443 868 70
449 868 70
455 868 70
461 868 70
467 868 70
473 868 70
479 868 70
485 868 70
491 868 70
497 868 70
503 868 70
509 868 70
509 874 70
503 874 70
497 874 70
491 874 70
485 874 70
479 874 70
473 874 70
467 874 70
461 874 70
455 874 70
449 874 70
443 874 70
437 874 71
431 874 71
425 874 71
419 874 71
413 874 71
407 874 71
401 874 71
395 874 71
389 874 71
383 874 71
377 874 71
371 874 71
365 874 71
365 880 71
371 880 71
377 880 71
383 880 71
389 880 71
395 880 71
401 880 71
407 880 71
413 880 71
419 880 71
425 880 71
431 880 71
437 880 71
443 880 71
449 880 71
455 880 71
461 880 71
467 880 71
473 880 71
479 880 71
485 880 71
491 880 71
497 880 71
503 880 71
509 880 71
509 886 71
503 886 71
497 886 72
491 886 72
485 886 72
479 886 72
473 886 72
467 886 72
461 886 72
455 886 72
449 886 72
443 886 72
437 886 72
431 886 72
425 886 72
419 886 72
413 886 72
407 886 72
401 886 72
395 886 72
389 886 72
383 886 72
377 886 72
371 886 72
365 886 72
365 892 72
371 892 72
377 892 72
383 892 72
389 892 72
395 892 72
401 892 72
407 892 72
413 892 72
419 892 72
425 892 72
431 892 72
437 892 72
443 892 72
449 892 72
455 892 72
461 892 72
467 892 73
473 892 73
479 892 73
485 892 73
491 892 73
497 892 73
503 892 73
509 892 73
509 898 73
503 898 73
497 898 73
491 898 73
485 898 73
479 898 73
473 898 73
467 898 73
461 898 73
455 898 73
449 898 73
443 898 73
437 898 73
431 898 73
425 898 73
419 898 73
413 898 73
407 898 73
401 898 73
395 898 73
389 898 73
383 898 73
377 898 73
371 898 73
365 898 73
461 904 73
467 904 73
473 904 73
479 904 73
485 904 73
491 904 73
497 904 73
503 904 74
509 904 74
509 910 74
503 910 74
497 910 74
491 910 74
485 910 74
479 910 74
473 910 74
467 910 74
461 910 74
461 916 74
467 916 74
473 916 74
479 916 74
485 916 74
491 916 74
497 916 74
503 916 74
509 916 74
509 922 74
503 922 74
497 922 74
491 922 74
485 922 74
479 922 74
473 922 74
467 922 74
461 922 74
461 928 74
467 928 74
473 928 74
479 928 74
485 928 74
491 928 74
497 928 74
503 928 74
509 928 74
509 934 74
503 934 74
497 934 75
491 934 75
485 934 75
479 934 75
473 934 75
467 934 75
461 934 75
461 940 75
467 940 75
473 940 75
479 940 75
485 940 75
491 940 75
497 940 75
503 940 75
509 940 75
509 946 75
503 946 75
497 946 75
491 946 75
485 946 75
479 946 75
473 946 75
467 946 75
461 946 75
461 952 75
467 952 75
473 952 75
479 952 75
485 952 75
491 952 75
497 952 75
503 952 75
509 952 75
509 958 75
503 958 75
497 958 75
491 958 75
485 958 75
479 958 75
473 958 76
467 958 76
461 958 76
461 964 76
467 964 76
473 964 76
479 964 76
485 964 76
491 964 76
497 964 76
503 964 76
509 964 76
509 970 76
503 970 76
497 970 76
491 970 76
485 970 76
479 970 76
473 970 76
467 970 76
461 970 76
461 976 76
467 976 76
473 976 76
479 976 76
485 976 76
491 976 76
497 976 76
503 976 76
509 976 76
509 982 76
503 982 76
497 982 76
491 982 76
485 982 76
479 982 76
473 982 76
467 982 76
461 982 76
461 988 76
467 988 77
473 988 77
479 988 77
485 988 77
491 988 77
497 988 77
503 988 77
509 988 77
509 994 77
503 994 77
497 994 77
491 994 77
485 994 77
479 994 77
473 994 77
467 994 77
461 994 77
461 1000 77
467 1000 77
473 1000 77
479 1000 77
485 1000 77
491 1000 77
497 1000 77
503 1000 77
509 1000 77
509 1006 77
503 1006 77
497 1006 77
491 1006 77
485 1006 77
479 1006 77
473 1006 77
467 1006 77
461 1006 77
461 1012 77
467 1012 77
473 1012 77
479 1012 77
485 1012 77
491 1012 78
497 1012 78
503 1012 78
509 1012 78
509 1018 78
503 1018 78
497 1018 78
491 1018 78
485 1018 78
479 1018 78
473 1018 78
467 1018 78
461 1018 78
509 1024 78
503 1024 78
497 1024 78
491 1024 78
485 1024 78
479 1024 78
473 1024 78
467 1024 78
461 1024 78
293 898 78
299 898 78
305 898 78
311 898 78
317 898 78
323 898 78
329 898 78
335 898 78
341 898 78
347 898 78
353 898 78
359 898 78
359 892 78
353 892 78
347 892 78
341 892 78
335 892 78
329 892 78
323 892 79
317 892 79
311 892 79
305 892 79
299 892 79
293 892 79
293 886 79
299 886 79
305 886 79
311 886 79
317 886 79
323 886 79
329 886 79
335 886 79
341 886 79
347 886 79
353 886 79
359 886 79
359 880 79
353 880 79
347 880 79
341 880 79
335 880 79
329 880 79
323 880 79
317 880 79
311 880 79
305 880 79
299 880 79
293 880 79
293 874 79
299 874 79
305 874 79
311 874 79
317 874 79
323 874 79
329 874 79
335 874 79
341 874 79
347 874 79
353 874 80
359 874 80
359 868 80
353 868 80
347 868 80
341 868 80
335 868 80
329 868 80
323 868 80
317 868 80
311 868 80
305 868 80
299 868 80
293 868 80
293 862 80
299 862 80
305 862 80
311 862 80
317 862 80
323 862 80
329 862 80
335 862 80
341 862 80
347 862 80
353 862 80
359 862 80
359 856 80
353 856 80
347 856 80
341 856 80
335 856 80
329 856 80
323 856 80
317 856 80
311 856 80
305 856 80
299 856 80
293 856 80
293 850 80
299 850 80
305 850 81
311 850 81
317 850 81
323 850 81
329 850 81
335 850 81
341 850 81
347 850 81
353 850 81
359 850 81
359 844 81
353 844 81
347 844 81
341 844 81
335 844 81
329 844 81
323 844 81
317 844 81
311 844 81
305 844 81
299 844 81
293 844 81
293 838 81
299 838 81
305 838 81
311 838 81
317 838 81
323 838 81
329 838 81
335 838 81
341 838 81
347 838 81
353 838 81
359 838 81
359 832 81
353 832 81
347 832 81
341 832 81
335 832 81
329 832 81
323 832 82
317 832 82
311 832 82
305 832 82
299 832 82
293 832 82
293 826 82
299 826 82
305 826 82
311 826 82
317 826 82
323 826 82
329 826 82
335 826 82
341 826 82
347 826 82
353 826 82
359 826 82
359 820 82
353 820 82
347 820 82
341 820 82
335 820 82
329 820 82
323 820 82
317 820 82
311 820 82
305 820 82
299 820 82
293 820 82
293 814 82
299 814 82
305 814 82
311 814 82
317 814 82
323 814 82
329 814 82
335 814 82
341 814 82
347 814 82
353 814 83
359 814 83
359 808 83
353 808 83
347 808 83
341 808 83
335 808 83
329 808 83
323 808 83
317 808 83
311 808 83
305 808 83
299 808 83
293 808 83
293 802 83
299 802 83
305 802 83
311 802 83
317 802 83
323 802 83
329 802 83
335 802 83
341 802 83
347 802 83
353 802 83
359 802 83
359 796 83
353 796 83
347 796 83
341 796 83
335 796 83
329 796 83
323 796 83
317 796 83
311 796 83
305 796 83
299 796 83
293 796 83
293 790 83
299 790 83
305 790 84
311 790 84
317 790 84
323 790 84
329 790 84
335 790 84
341 790 84
347 790 84
353 790 84
359 790 84
359 784 84
353 784 84
347 784 84
341 784 84
335 784 84
329 784 84
323 784 84
317 784 84
311 784 84
305 784 84
299 784 84
293 784 84
293 778 84
299 778 84
305 778 84
311 778 84
317 778 84
323 778 84
329 778 84
335 778 84
341 778 84
347 778 84
353 778 84
359 778 84
359 772 84
353 772 84
347 772 84
341 772 84
335 772 84
329 772 84
323 772 85
317 772 85
311 772 85
305 772 85
299 772 85
293 772 85
287 772 85
281 772 85
275 772 85
269 772 85
263 772 85
257 772 85
251 772 85
245 772 85
239 772 85
233 772 85
227 772 85
221 772 85
215 772 85
215 766 85
221 766 85
227 766 85
233 766 85
239 766 85
245 766 85
251 766 85
257 766 85
263 766 85
269 766 85
275 766 85
281 766 85
287 766 85
293 766 85
299 766 85
305 766 85
311 766 85
317 766 85
323 766 85
329 766 85
335 766 85
341 766 86
347 766 86
353 766 86
359 766 86
359 760 86
353 760 86
347 760 86
341 760 86
335 760 86
329 760 86
323 760 86
317 760 86
311 760 86
305 760 86
299 760 86
293 760 86
287 760 86
281 760 86
275 760 86
269 760 86
263 760 86
257 760 86
251 760 86
245 760 86
239 760 86
233 760 86
227 760 86
221 760 86
215 760 86
215 754 86
221 754 86
227 754 86
233 754 86
239 754 86
245 754 86
251 754 86
257 754 86
263 754 86
269 754 86
275 754 86
281 754 87
287 754 87
293 754 87
299 754 87
305 754 87
311 754 87
317 754 87
323 754 87
329 754 87
335 754 87
341 754 87
347 754 87
353 754 87
359 754 87
359 748 87
353 748 87
347 748 87
341 748 87
335 748 87
329 748 87
323 748 87
317 748 87
311 748 87
305 748 87
299 748 87
293 748 87
287 748 87
281 748 87
275 748 87
269 748 87
263 748 87
257 748 87
251 748 87
245 748 87
239 748 87
233 748 87
227 748 87
221 748 87
215 748 87
215 742 87
221 742 88
227 742 88
233 742 88
239 742 88
245 742 88
251 742 88
257 742 88
263 742 88
269 742 88
275 742 88
281 742 88
287 742 88
293 742 88
299 742 88
305 742 88
311 742 88
317 742 88
323 742 88
329 742 88
335 742 88
341 742 88
347 742 88
353 742 88
359 742 88
359 736 88
353 736 88
347 736 88
341 736 88
335 736 88
329 736 88
323 736 88
317 736 88
311 736 88
305 736 88
299 736 88
293 736 88
287 736 88
281 736 88
275 736 88
269 736 88
263 736 89
257 736 89
251 736 89
245 736 89
239 736 89
233 736 89
227 736 89
221 736 89
215 736 89
215 730 89
221 730 89
227 730 89
233 730 89
239 730 89
245 730 89
251 730 89
257 730 89
263 730 89
269 730 89
275 730 89
281 730 89
287 730 89
293 730 89
299 730 89
305 730 89
311 730 89
317 730 89
323 730 89
329 730 89
335 730 89
341 730 89
347 730 89
353 730 89
359 730 89
359 724 89
353 724 89
347 724 89
341 724 89
335 724 89
329 724 89
323 724 90
317 724 90
311 724 90
305 724 90
299 724 90
293 724 90
287 724 90
281 724 90
275 724 90
269 724 90
263 724 90
257 724 90
251 724 90
245 724 90
239 724 90
233 724 90
227 724 90
221 724 90
215 724 90
215 718 90
221 718 90
227 718 90
233 718 90
239 718 90
245 718 90
251 718 90
257 718 90
263 718 90
269 718 90
275 718 90
281 718 90
287 718 90
293 718 90
299 718 90
305 718 90
311 718 90
317 718 90
323 718 90
329 718 90
335 718 90
341 718 91
347 718 91
353 718 91
359 718 91
359 712 91
353 712 91
347 712 91
341 712 91
335 712 91
329 712 91
323 712 91
317 712 91
311 712 91
305 712 91
299 712 91
293 712 91
287 712 91
281 712 91
275 712 91
269 712 91
263 712 91
257 712 91
251 712 91
245 712 91
239 712 91
233 712 91
227 712 91
221 712 91
215 712 91
215 706 91
221 706 91
227 706 91
233 706 91
239 706 91
245 706 91
251 706 91
257 706 91
263 706 91
269 706 91
275 706 91
281 706 92
287 706 92
293 706 92
299 706 92
305 706 92
311 706 92
317 706 92
323 706 92
329 706 92
335 706 92
341 706 92
347 706 92
353 706 92
359 706 92
359 700 92
353 700 92
347 700 92
341 700 92
335 700 92
329 700 92
323 700 92
317 700 92
311 700 92
305 700 92
299 700 92
293 700 92
287 700 92
281 700 92
275 700 92
269 700 92
263 700 92
257 700 92
251 700 92
245 700 92
239 700 92
233 700 92
227 700 92
221 700 92
215 700 92
215 694 92
221 694 93
227 694 93
233 694 93
239 694 93
245 694 93
251 694 93
257 694 93
263 694 93
269 694 93
275 694 93
281 694 93
287 694 93
293 694 93
299 694 93
305 694 93
311 694 93
317 694 93
323 694 93
329 694 93
335 694 93
341 694 93
347 694 93
353 694 93
359 694 93
359 688 93
353 688 93
347 688 93
341 688 93
335 688 93
329 688 93
323 688 93
317 688 93
311 688 93
305 688 93
299 688 93
293 688 93
287 688 93
281 688 93
275 688 93
269 688 93
263 688 94
257 688 94
251 688 94
245 688 94
239 688 94
233 688 94
227 688 94
221 688 94
215 688 94
215 682 94
221 682 94
227 682 94
233 682 94
239 682 94
245 682 94
251 682 94
257 682 94
263 682 94
269 682 94
275 682 94
281 682 94
287 682 94
293 682 94
299 682 94
305 682 94
311 682 94
317 682 94
323 682 94
329 682 94
335 682 94
341 682 94
347 682 94
353 682 94
359 682 94
359 676 94
353 676 94
347 676 94
341 676 94
335 676 94
329 676 94
323 676 95
317 676 95
311 676 95
305 676 95
299 676 95
293 676 95
287 676 95
281 676 95
275 676 95
269 676 95
263 676 95
257 676 95
251 676 95
245 676 95
239 676 95
233 676 95
227 676 95
221 676 95
215 676 95
215 670 95
221 670 95
227 670 95
233 670 95
239 670 95
245 670 95
251 670 95
257 670 95
263 670 95
269 670 95
275 670 95
281 670 95
287 670 95
293 670 95
299 670 95
305 670 95
311 670 95
317 670 95
323 670 95
329 670 95
335 670 95
341 670 96
347 670 96
353 670 96
359 670 96
359 664 96
353 664 96
347 664 96
341 664 96
335 664 96
329 664 96
323 664 96
317 664 96
311 664 96
305 664 96
299 664 96
293 664 96
287 664 96
281 664 96
275 664 96
269 664 96
263 664 96
257 664 96
251 664 96
245 664 96
239 664 96
233 664 96
227 664 96
221 664 96
215 664 96
215 658 96
221 658 96
227 658 96
233 658 96
239 658 96
245 658 96
251 658 96
257 658 96
263 658 96
269 658 96
275 658 96
281 658 97
287 658 97
293 658 97
299 658 97
305 658 97
311 658 97
317 658 97
323 658 97
329 658 97
335 658 97
341 658 97
347 658 97
353 658 97
359 658 97
359 652 97
353 652 97
347 652 97
341 652 97
335 652 97
329 652 97
323 652 97
317 652 97
311 652 97
305 652 97
299 652 97
293 652 97
287 652 97
281 652 97
275 652 97
269 652 97
263 652 97
257 652 97
251 652 97
245 652 97
239 652 97
233 652 97
227 652 97
221 652 97
215 652 97
215 646 97
221 646 98
227 646 98
233 646 98
239 646 98
245 646 98
251 646 98
257 646 98
263 646 98
269 646 98
275 646 98
281 646 98
287 646 98
293 646 98
299 646 98
305 646 98
311 646 98
317 646 98
323 646 98
329 646 98
335 646 98
341 646 98
347 646 98
353 646 98
359 646 98
359 640 98
353 640 98
347 640 98
341 640 98
335 640 98
329 640 98
323 640 98
317 640 98
311 640 98
305 640 98
299 640 98
293 640 98
287 640 98
281 640 98
275 640 98
269 640 98
263 640 99
257 640 99
251 640 99
245 640 99
239 640 99
233 640 99
227 640 99
221 640 99
215 640 99
215 634 99
221 634 99
227 634 99
233 634 99
239 634 99
245 634 99
251 634 99
257 634 99
263 634 99
269 634 99
275 634 99
281 634 99
287 634 99
293 634 99
299 634 99
305 634 99
311 634 99
317 634 99
323 634 99
329 634 99
335 634 99
341 634 99
347 634 99
353 634 99
359 634 99
359 628 99
353 628 99
347 628 99
341 628 99
335 628 99
329 628 99
323 628 100
317 628 100
311 628 100
305 628 100
299 628 100
293 628 100
287 628 100
281 628 100
275 628 100
269 628 100
263 628 100
257 628 100
251 628 100
245 628 100
239 628 100
233 628 100
227 628 100
221 628 100
215 628 100
215 622 100
221 622 100
227 622 100
233 622 100
239 622 100
245 622 100
251 622 100
257 622 100
263 622 100
269 622 100
275 622 100
281 622 100
287 622 100
293 622 100
299 622 100
305 622 100
311 622 100
317 622 100
323 622 100
329 622 100
335 622 100
341 622 101
347 622 101
353 622 101
359 622 101
359 616 101
353 616 101
347 616 101
341 616 101
335 616 101
329 616 101
323 616 101
317 616 101
311 616 101
305 616 101
299 616 101
293 616 101
287 616 101
281 616 101
275 616 101
269 616 101
263 616 101
257 616 101
251 616 101
245 616 101
239 616 101
233 616 101
227 616 101
221 616 101
215 616 101
215 610 101
221 610 101
227 610 101
233 610 101
239 610 101
245 610 101
251 610 101
257 610 101
263 610 101
269 610 101
275 610 101
281 610 102
287 610 102
293 610 102
299 610 102
305 610 102
311 610 102
317 610 102
323 610 102
329 610 102
335 610 102
341 610 102
347 610 102
353 610 102
359 610 102
359 604 102
353 604 102
347 604 102
341 604 102
335 604 102
329 604 102
323 604 102
317 604 102
311 604 102
305 604 102
299 604 102
293 604 102
287 604 102
281 604 102
275 604 102
269 604 102
263 604 102
257 604 102
251 604 102
245 604 102
239 604 102
233 604 102
227 604 102
221 604 102
215 604 102
215 598 102
221 598 103
227 598 103
233 598 103
239 598 103
245 598 103
251 598 103
257 598 103
263 598 103
269 598 103
275 598 103
281 598 103
287 598 103
293 598 103
299 598 103
305 598 103
311 598 103
317 598 103
323 598 103
329 598 103
335 598 103
341 598 103
347 598 103
353 598 103
359 598 103
359 592 103
353 592 103
347 592 103
341 592 103
335 592 103
329 592 103
323 592 103
317 592 103
311 592 103
305 592 103
299 592 103
293 592 103
287 592 103
281 592 103
275 592 103
269 592 103
263 592 104
257 592 104
251 592 104
245 592 104
239 592 104
233 592 104
227 592 104
221 592 104
215 592 104
359 586 104
353 586 104
347 586 104
341 586 104
335 586 104
329 586 104
323 586 104
317 586 104
311 586 104
305 586 104
299 586 104
293 586 104
287 586 104
281 586 104
275 586 104
269 586 104
263 586 104
257 586 104
251 586 104
245 586 104
239 586 104
233 586 104
227 586 104
221 586 104
215 586 104
