293 814 0
293 820 0
293 826 0
293 832 0
293 838 0
293 844 0
293 850 0
293 856 0
293 862 0
293 868 0
293 874 0
293 880 0
293 886 0
293 892 0
293 898 0
299 898 0
299 892 0
299 886 0
299 880 0
299 874 0
299 868 0
299 862 0
299 856 0
299 850 0
299 844 0
299 838 0
299 832 0
299 826 0
299 820 0
299 814 0
305 814 0
305 820 0
305 826 0
305 832 0
305 838 0
305 844 0
305 850 0
305 856 0
305 862 0
305 868 0
305 874 1
305 880 1
305 886 1
305 892 1
305 898 1
311 898 1
311 892 1
311 886 1
311 880 1
311 874 1
311 868 1
311 862 1
311 856 1
311 850 1
311 844 1
311 838 1
311 832 1
311 826 1
311 820 1
311 814 1
317 814 1
317 820 1
317 826 1
317 832 1
317 838 1
317 844 1
317 850 1
317 856 1
317 862 1
317 868 1
317 874 1
317 880 1
317 886 1
317 892 1
317 898 1
323 898 1
323 892 1
323 886 1
323 880 1
323 874 1
323 868 2
323 862 2
323 856 2
323 850 2
323 844 2
323 838 2
323 832 2
323 826 2
323 820 2
323 814 2
329 814 2
329 820 2
329 826 2
329 832 2
329 838 2
329 844 2
329 850 2
329 856 2
329 862 2
329 868 2
329 874 2
329 880 2
329 886 2
329 892 2
329 898 2
335 898 2
335 892 2
335 886 2
335 880 2
335 874 2
335 868 2
335 862 2
335 856 2
335 850 2
335 844 2
335 838 2
335 832 2
335 826 2
335 820 2
335 814 2
341 814 3
341 820 3
341 826 3
341 832 3
341 838 3
341 844 3
341 850 3
341 856 3
341 862 3
341 868 3
341 874 3
341 880 3
341 886 3
341 892 3
341 898 3
347 898 3
347 892 3
347 886 3
347 880 3
347 874 3
347 868 3
347 862 3
347 856 3
347 850 3
347 844 3
347 838 3
347 832 3
347 826 3
347 820 3
347 814 3
353 814 3
353 820 3
353 826 3
353 832 3
353 838 3
353 844 3
353 850 3
353 856 3
353 862 3
353 868 3
353 874 4
353 880 4
353 886 4
353 892 4
353 898 4
359 898 4
359 892 4
359 886 4
359 880 4
359 874 4
359 868 4
359 862 4
359 856 4
359 850 4
359 844 4
359 838 4
359 832 4
359 826 4
359 820 4
359 814 4
365 814 4
365 820 4
365 826 4
365 832 4
365 838 4
365 844 4
365 850 4
365 856 4
365 862 4
365 868 4
365 874 4
365 880 4
365 886 4
365 892 4
365 898 4
371 898 4
371 892 4
371 886 4
371 880 4
371 874 4
371 868 5
371 862 5
371 856 5
371 850 5
371 844 5
371 838 5
371 832 5
371 826 5
371 820 5
371 814 5
377 814 5
377 820 5
377 826 5
377 832 5
377 838 5
377 844 5
377 850 5
377 856 5
377 862 5
377 868 5
377 874 5
377 880 5
377 886 5
377 892 5
377 898 5
383 898 5
383 892 5
383 886 5
383 880 5
383 874 5
383 868 5
383 862 5
383 856 5
383 850 5
383 844 5
383 838 5
383 832 5
383 826 5
383 820 5
383 814 5
389 814 6
389 820 6
389 826 6
389 832 6
389 838 6
389 844 6
389 850 6
389 856 6
389 862 6
389 868 6
389 874 6
389 880 6
389 886 6
389 892 6
389 898 6
395 898 6
395 892 6
395 886 6
395 880 6
395 874 6
395 868 6
395 862 6
395 856 6
395 850 6
395 844 6
395 838 6
395 832 6
395 826 6
395 820 6
395 814 6
401 814 6
401 820 6
401 826 6
401 832 6
401 838 6
401 844 6
401 850 6
401 856 6
401 862 6
401 868 6
401 874 7
401 880 7
401 886 7
401 892 7
401 898 7
407 898 7
407 892 7
407 886 7
407 880 7
407 874 7
407 868 7
407 862 7
407 856 7
407 850 7
407 844 7
407 838 7
407 832 7
407 826 7
407 820 7
407 814 7
413 814 7
413 820 7
413 826 7
413 832 7
413 838 7
413 844 7
413 850 7
413 856 7
413 862 7
413 868 7
413 874 7
413 880 7
413 886 7
413 892 7
413 898 7
419 898 7
419 892 7
419 886 7
419 880 7
419 874 7
419 868 8
419 862 8
419 856 8
419 850 8
419 844 8
419 838 8
419 832 8
419 826 8
419 820 8
419 814 8
425 814 8
425 820 8
425 826 8
425 832 8
425 838 8
425 844 8
425 850 8
425 856 8
425 862 8
425 868 8
425 874 8
425 880 8
425 886 8
425 892 8
425 898 8
431 898 8
431 892 8
431 886 8
431 880 8
431 874 8
431 868 8
431 862 8
431 856 8
431 850 8
431 844 8
431 838 8
431 832 8
431 826 8
431 820 8
431 814 8
437 814 9
437 820 9
437 826 9
437 832 9
437 838 9
437 844 9
437 850 9
437 856 9
437 862 9
437 868 9
437 874 9
437 880 9
437 886 9
437 892 9
437 898 9
443 898 9
443 892 9
443 886 9
443 880 9
443 874 9
443 868 9
443 862 9
443 856 9
443 850 9
443 844 9
443 838 9
443 832 9
443 826 9
443 820 9
443 814 9
449 814 9
449 820 9
449 826 9
449 832 9
449 838 9
449 844 9
449 850 9
449 856 9
449 862 9
449 868 9
449 874 10
449 880 10
449 886 10
449 892 10
449 898 10
455 898 10
455 892 10
455 886 10
455 880 10
455 874 10
455 868 10
455 862 10
455 856 10
455 850 10
455 844 10
455 838 10
455 832 10
455 826 10
455 820 10
455 814 10
461 814 10
461 820 10
461 826 10
461 832 10
461 838 10
461 844 10
461 850 10
461 856 10
461 862 10
461 868 10
461 874 10
461 880 10
461 886 10
461 892 10
461 898 10
461 904 10
461 910 10
461 916 10
461 922 10
461 928 10
461 934 11
461 940 11
461 946 11
461 952 11
461 958 11
461 964 11
461 970 11
461 976 11
461 982 11
461 988 11
461 994 11
461 1000 11
461 1006 11
461 1012 11
461 1018 11
461 1024 11
467 1024 11
467 1018 11
467 1012 11
467 1006 11
467 1000 11
467 994 11
467 988 11
467 982 11
467 976 11
467 970 11
467 964 11
467 958 11
467 952 11
467 946 11
467 940 11
467 934 11
467 928 11
467 922 11
467 916 11
467 910 11
467 904 11
467 898 11
467 892 11
467 886 11
467 880 12
467 874 12
467 868 12
467 862 12
467 856 12
467 850 12
467 844 12
467 838 12
467 832 12
467 826 12
467 820 12
467 814 12
473 814 12
473 820 12
473 826 12
473 832 12
473 838 12
473 844 12
473 850 12
473 856 12
473 862 12
473 868 12
473 874 12
473 880 12
473 886 12
473 892 12
473 898 12
473 904 12
473 910 12
473 916 12
473 922 12
473 928 12
473 934 12
473 940 12
473 946 12
473 952 12
473 958 12
473 964 12
473 970 12
473 976 12
473 982 13
473 988 13
473 994 13
473 1000 13
473 1006 13
473 1012 13
473 1018 13
473 1024 13
479 1024 13
479 1018 13
479 1012 13
479 1006 13
479 1000 13
479 994 13
479 988 13
479 982 13
479 976 13
479 970 13
479 964 13
479 958 13
479 952 13
479 946 13
479 940 13
479 934 13
479 928 13
479 922 13
479 916 13
479 910 13
479 904 13
479 898 13
479 892 13
479 886 13
479 880 13
479 874 13
479 868 13
479 862 13
479 856 13
479 850 13
479 844 13
479 838 13
479 832 14
479 826 14
479 820 14
479 814 14
485 814 14
485 820 14
485 826 14
485 832 14
485 838 14
485 844 14
485 850 14
485 856 14
485 862 14
485 868 14
485 874 14
485 880 14
485 886 14
485 892 14
485 898 14
485 904 14
485 910 14
485 916 14
485 922 14
485 928 14
485 934 14
485 940 14
485 946 14
485 952 14
485 958 14
485 964 14
485 970 14
485 976 14
485 982 14
485 988 14
485 994 14
485 1000 14
485 1006 14
485 1012 14
485 1018 14
485 1024 14
491 1024 15
491 1018 15
491 1012 15
491 1006 15
491 1000 15
491 994 15
491 988 15
491 982 15
491 976 15
491 970 15
491 964 15
491 958 15
491 952 15
491 946 15
491 940 15
491 934 15
491 928 15
491 922 15
491 916 15
491 910 15
491 904 15
491 898 15
491 892 15
491 886 15
491 880 15
491 874 15
491 868 15
491 862 15
491 856 15
491 850 15
491 844 15
491 838 15
491 832 15
491 826 15
491 820 15
491 814 15
497 814 15
497 820 15
497 826 15
497 832 15
497 838 16
497 844 16
497 850 16
497 856 16
497 862 16
497 868 16
497 874 16
497 880 16
497 886 16
497 892 16
497 898 16
497 904 16
497 910 16
497 916 16
497 922 16
497 928 16
497 934 16
497 940 16
497 946 16
497 952 16
497 958 16
497 964 16
497 970 16
497 976 16
497 982 16
497 988 16
497 994 16
497 1000 16
497 1006 16
497 1012 16
497 1018 16
497 1024 16
503 1024 16
503 1018 16
503 1012 16
503 1006 16
503 1000 16
503 994 16
503 988 16
503 982 16
503 976 17
503 970 17
503 964 17
503 958 17
503 952 17
503 946 17
503 940 17
503 934 17
503 928 17
503 922 17
503 916 17
503 910 17
503 904 17
503 898 17
503 892 17
503 886 17
503 880 17
503 874 17
503 868 17
503 862 17
503 856 17
503 850 17
503 844 17
503 838 17
503 832 17
503 826 17
503 820 17
503 814 17
509 814 17
509 820 17
509 826 17
509 832 17
509 838 17
509 844 17
509 850 17
509 856 17
509 862 17
509 868 17
509 874 17
509 880 17
509 886 18
509 892 18
509 898 18
509 904 18
509 910 18
509 916 18
509 922 18
509 928 18
509 934 18
509 940 18
509 946 18
509 952 18
509 958 18
509 964 18
509 970 18
509 976 18
509 982 18
509 988 18
509 994 18
509 1000 18
509 1006 18
509 1012 18
509 1018 18
509 1024 18
515 1024 18
515 1018 18
515 1012 18
515 1006 18
515 1000 18
515 994 18
515 988 18
515 982 18
515 976 18
515 970 18
515 964 18
515 958 18
515 952 18
515 946 18
515 940 18
515 934 18
515 928 19
515 922 19
515 916 19
515 910 19
515 904 19
515 898 19
515 892 19
515 886 19
515 880 19
515 874 19
515 868 19
515 862 19
515 856 19
515 850 19
515 844 19
515 838 19
515 832 19
515 826 19
515 820 19
515 814 19
521 814 19
521 820 19
521 826 19
521 832 19
521 838 19
521 844 19
521 850 19
521 856 19
521 862 19
521 868 19
521 874 19
521 880 19
521 886 19
521 892 19
521 898 19
521 904 19
521 910 19
521 916 19
521 922 19
521 928 19
521 934 20
521 940 20
521 946 20
521 952 20
521 958 20
521 964 20
521 970 20
521 976 20
521 982 20
521 988 20
521 994 20
521 1000 20
521 1006 20
521 1012 20
521 1018 20
521 1024 20
527 1024 20
527 1018 20
527 1012 20
527 1006 20
527 1000 20
527 994 20
527 988 20
527 982 20
527 976 20
527 970 20
527 964 20
527 958 20
527 952 20
527 946 20
527 940 20
527 934 20
527 928 20
527 922 20
527 916 20
527 910 20
527 904 20
527 898 20
527 892 20
527 886 20
527 880 21
527 874 21
527 868 21
527 862 21
527 856 21
527 850 21
527 844 21
527 838 21
527 832 21
527 826 21
527 820 21
527 814 21
533 814 21
533 820 21
533 826 21
533 832 21
533 838 21
533 844 21
533 850 21
533 856 21
533 862 21
533 868 21
533 874 21
533 880 21
533 886 21
533 892 21
533 898 21
533 904 21
533 910 21
533 916 21
533 922 21
533 928 21
533 934 21
533 940 21
533 946 21
533 952 21
533 958 21
533 964 21
533 970 21
533 976 21
533 982 22
533 988 22
533 994 22
533 1000 22
533 1006 22
533 1012 22
533 1018 22
533 1024 22
539 1024 22
539 1018 22
539 1012 22
539 1006 22
539 1000 22
539 994 22
539 988 22
539 982 22
539 976 22
539 970 22
539 964 22
539 958 22
539 952 22
539 946 22
539 940 22
539 934 22
539 928 22
539 922 22
539 916 22
539 910 22
539 904 22
539 898 22
539 892 22
539 886 22
539 880 22
539 874 22
539 868 22
539 862 22
539 856 22
539 850 22
539 844 22
539 838 22
539 832 23
539 826 23
539 820 23
539 814 23
545 814 23
545 820 23
545 826 23
545 832 23
545 838 23
545 844 23
545 850 23
545 856 23
545 862 23
545 868 23
545 874 23
545 880 23
545 886 23
545 892 23
545 898 23
545 904 23
545 910 23
545 916 23
545 922 23
545 928 23
545 934 23
545 940 23
545 946 23
545 952 23
545 958 23
545 964 23
545 970 23
545 976 23
545 982 23
545 988 23
545 994 23
545 1000 23
545 1006 23
545 1012 23
545 1018 23
545 1024 23
551 1024 24
551 1018 24
551 1012 24
551 1006 24
551 1000 24
551 994 24
551 988 24
551 982 24
551 976 24
551 970 24
551 964 24
551 958 24
551 952 24
551 946 24
551 940 24
551 934 24
551 928 24
551 922 24
551 916 24
551 910 24
551 904 24
551 898 24
551 892 24
551 886 24
551 880 24
551 874 24
551 868 24
551 862 24
551 856 24
551 850 24
551 844 24
551 838 24
551 832 24
551 826 24
551 820 24
551 814 24
557 814 24
557 820 24
557 826 24
557 832 24
557 838 25
557 844 25
557 850 25
557 856 25
557 862 25
557 868 25
557 874 25
557 880 25
557 886 25
557 892 25
557 898 25
557 904 25
557 910 25
557 916 25
557 922 25
557 928 25
557 934 25
557 940 25
557 946 25
557 952 25
557 958 25
557 964 25
557 970 25
557 976 25
557 982 25
557 988 25
557 994 25
557 1000 25
557 1006 25
557 1012 25
557 1018 25
557 1024 25
563 1024 25
563 1018 25
563 1012 25
563 1006 25
563 1000 25
563 994 25
563 988 25
563 982 25
563 976 26
563 970 26
563 964 26
563 958 26
563 952 26
563 946 26
563 940 26
563 934 26
563 928 26
563 922 26
563 916 26
563 910 26
563 904 26
563 898 26
563 892 26
563 886 26
563 880 26
563 874 26
563 868 26
563 862 26
563 856 26
563 850 26
563 844 26
563 838 26
563 832 26
563 826 26
563 820 26
563 814 26
569 814 26
569 820 26
569 826 26
569 832 26
569 838 26
569 844 26
569 850 26
569 856 26
569 862 26
569 868 26
569 874 26
569 880 26
569 886 27
569 892 27
569 898 27
569 904 27
569 910 27
569 916 27
569 922 27
569 928 27
569 934 27
569 940 27
569 946 27
569 952 27
569 958 27
569 964 27
569 970 27
569 976 27
569 982 27
569 988 27
569 994 27
569 1000 27
569 1006 27
569 1012 27
569 1018 27
569 1024 27
575 1024 27
575 1018 27
575 1012 27
575 1006 27
575 1000 27
575 994 27
575 988 27
575 982 27
575 976 27
575 970 27
575 964 27
575 958 27
575 952 27
575 946 27
575 940 27
575 934 27
575 928 28
575 922 28
575 916 28
575 910 28
575 904 28
575 898 28
575 892 28
575 886 28
575 880 28
575 874 28
575 868 28
575 862 28
575 856 28
575 850 28
575 844 28
575 838 28
575 832 28
575 826 28
575 820 28
575 814 28
581 814 28
581 820 28
581 826 28
581 832 28
581 838 28
581 844 28
581 850 28
581 856 28
581 862 28
581 868 28
581 874 28
581 880 28
581 886 28
581 892 28
581 898 28
581 904 28
581 910 28
581 916 28
581 922 28
581 928 28
581 934 29
581 940 29
581 946 29
581 952 29
581 958 29
581 964 29
581 970 29
581 976 29
581 982 29
581 988 29
581 994 29
581 1000 29
581 1006 29
581 1012 29
581 1018 29
581 1024 29
587 1024 29
587 1018 29
587 1012 29
587 1006 29
587 1000 29
587 994 29
587 988 29
587 982 29
587 976 29
587 970 29
587 964 29
587 958 29
587 952 29
587 946 29
587 940 29
587 934 29
587 928 29
587 922 29
587 916 29
587 910 29
587 904 29
587 898 29
587 892 29
587 886 29
587 880 30
587 874 30
587 868 30
587 862 30
587 856 30
587 850 30
587 844 30
587 838 30
587 832 30
587 826 30
587 820 30
587 814 30
593 814 30
593 820 30
593 826 30
593 832 30
593 838 30
593 844 30
593 850 30
593 856 30
593 862 30
593 868 30
593 874 30
593 880 30
593 886 30
593 892 30
593 898 30
593 904 30
593 910 30
593 916 30
593 922 30
593 928 30
593 934 30
593 940 30
593 946 30
593 952 30
593 958 30
593 964 30
593 970 30
593 976 30
593 982 31
593 988 31
593 994 31
593 1000 31
593 1006 31
593 1012 31
593 1018 31
593 1024 31
599 1024 31
599 1018 31
599 1012 31
599 1006 31
599 1000 31
599 994 31
599 988 31
599 982 31
599 976 31
599 970 31
599 964 31
599 958 31
599 952 31
599 946 31
599 940 31
599 934 31
599 928 31
599 922 31
599 916 31
599 910 31
599 904 31
599 898 31
599 892 31
599 886 31
599 880 31
599 874 31
599 868 31
599 862 31
599 856 31
599 850 31
599 844 31
599 838 31
599 832 32
599 826 32
599 820 32
599 814 32
605 814 32
605 820 32
605 826 32
605 832 32
605 838 32
605 844 32
605 850 32
605 856 32
605 862 32
605 868 32
605 874 32
605 880 32
605 886 32
605 892 32
605 898 32
605 904 32
605 910 32
605 916 32
605 922 32
605 928 32
605 934 32
605 940 32
605 946 32
605 952 32
605 958 32
605 964 32
605 970 32
605 976 32
605 982 32
605 988 32
605 994 32
605 1000 32
605 1006 32
605 1012 32
605 1018 32
605 1024 32
611 1024 33
611 1018 33
611 1012 33
611 1006 33
611 1000 33
611 994 33
611 988 33
611 982 33
611 976 33
611 970 33
611 964 33
611 958 33
611 952 33
611 946 33
611 940 33
611 934 33
611 928 33
611 922 33
611 916 33
611 910 33
611 904 33
611 898 33
611 892 33
611 886 33
611 880 33
611 874 33
611 868 33
611 862 33
611 856 33
611 850 33
611 844 33
611 838 33
611 832 33
611 826 33
611 820 33
611 814 33
617 814 33
617 820 33
617 826 33
617 832 33
617 838 34
617 844 34
617 850 34
617 856 34
617 862 34
617 868 34
617 874 34
617 880 34
617 886 34
617 892 34
617 898 34
617 904 34
617 910 34
617 916 34
617 922 34
617 928 34
617 934 34
617 940 34
617 946 34
617 952 34
617 958 34
617 964 34
617 970 34
617 976 34
617 982 34
617 988 34
617 994 34
617 1000 34
617 1006 34
617 1012 34
617 1018 34
617 1024 34
623 1024 34
623 1018 34
623 1012 34
623 1006 34
623 1000 34
623 994 34
623 988 34
623 982 34
623 976 35
623 970 35
623 964 35
623 958 35
623 952 35
623 946 35
623 940 35
623 934 35
623 928 35
623 922 35
623 916 35
623 910 35
623 904 35
623 898 35
623 892 35
623 886 35
623 880 35
623 874 35
623 868 35
623 862 35
623 856 35
623 850 35
623 844 35
623 838 35
623 832 35
623 826 35
623 820 35
623 814 35
629 814 35
629 820 35
629 826 35
629 832 35
629 838 35
629 844 35
629 850 35
629 856 35
629 862 35
629 868 35
629 874 35
629 880 35
629 886 36
629 892 36
629 898 36
629 904 36
629 910 36
629 916 36
629 922 36
629 928 36
629 934 36
629 940 36
629 946 36
629 952 36
629 958 36
629 964 36
629 970 36
629 976 36
629 982 36
629 988 36
629 994 36
629 1000 36
629 1006 36
629 1012 36
629 1018 36
629 1024 36
635 1024 36
635 1018 36
635 1012 36
635 1006 36
635 1000 36
635 994 36
635 988 36
635 982 36
635 976 36
635 970 36
635 964 36
635 958 36
635 952 36
635 946 36
635 940 36
635 934 36
635 928 37
635 922 37
635 916 37
635 910 37
635 904 37
635 898 37
635 892 37
635 886 37
635 880 37
635 874 37
635 868 37
635 862 37
635 856 37
635 850 37
635 844 37
635 838 37
635 832 37
635 826 37
635 820 37
635 814 37
641 1024 37
641 1018 37
641 1012 37
641 1006 37
641 1000 37
641 994 37
641 988 37
641 982 37
641 976 37
641 970 37
641 964 37
641 958 37
641 952 37
641 946 37
641 940 37
641 934 37
641 928 37
641 922 37
641 916 37
641 910 37
641 904 38
641 898 38
641 892 38
641 886 38
641 880 38
641 874 38
641 868 38
641 862 38
641 856 38
641 850 38
641 844 38
641 838 38
641 832 38
641 826 38
641 820 38
641 814 38
641 808 38
641 802 38
641 796 38
641 790 38
641 784 38
641 778 38
641 772 38
641 766 38
641 760 38
641 754 38
641 748 38
641 742 38
641 736 38
641 730 38
641 724 38
641 718 38
641 712 38
641 706 38
641 700 38
641 694 38
641 688 38
641 682 38
641 676 38
641 670 38
641 664 39
641 658 39
641 652 39
641 646 39
641 640 39
641 634 39
641 628 39
641 622 39
641 616 39
641 610 39
641 604 39
641 598 39
641 592 39
641 586 39
635 586 39
635 592 39
635 598 39
635 604 39
635 610 39
635 616 39
635 622 39
635 628 39
635 634 39
635 640 39
635 646 39
635 652 39
635 658 39
635 664 39
635 670 39
635 676 39
635 682 39
635 688 39
635 694 39
635 700 39
635 706 39
635 712 39
635 718 39
635 724 39
635 730 39
635 736 39
635 742 40
635 748 40
635 754 40
635 760 40
635 766 40
635 772 40
635 778 40
635 784 40
635 790 40
635 796 40
635 802 40
635 808 40
629 808 40
629 802 40
629 796 40
629 790 40
629 784 40
629 778 40
629 772 40
629 766 40
629 760 40
629 754 40
629 748 40
629 742 40
629 736 40
629 730 40
629 724 40
629 718 40
629 712 40
629 706 40
629 700 40
629 694 40
629 688 40
629 682 40
629 676 40
629 670 40
629 664 40
629 658 40
629 652 40
629 646 40
629 640 41
629 634 41
629 628 41
629 622 41
629 616 41
629 610 41
629 604 41
629 598 41
629 592 41
629 586 41
623 586 41
623 592 41
623 598 41
623 604 41
623 610 41
623 616 41
623 622 41
623 628 41
623 634 41
623 640 41
623 646 41
623 652 41
623 658 41
623 664 41
623 670 41
623 676 41
623 682 41
623 688 41
623 694 41
623 700 41
623 706 41
623 712 41
623 718 41
623 724 41
623 730 41
623 736 41
623 742 41
623 748 41
623 754 41
623 760 41
623 766 42
623 772 42
623 778 42
623 784 42
623 790 42
623 796 42
623 802 42
623 808 42
617 808 42
617 802 42
617 796 42
617 790 42
617 784 42
617 778 42
617 772 42
617 766 42
617 760 42
617 754 42
617 748 42
617 742 42
617 736 42
617 730 42
617 724 42
617 718 42
617 712 42
617 706 42
617 700 42
617 694 42
617 688 42
617 682 42
617 676 42
617 670 42
617 664 42
617 658 42
617 652 42
617 646 42
617 640 42
617 634 42
617 628 42
617 622 42
617 616 43
617 610 43
617 604 43
617 598 43
617 592 43
617 586 43
611 586 43
611 592 43
611 598 43
611 604 43
611 610 43
611 616 43
611 622 43
611 628 43
611 634 43
611 640 43
611 646 43
611 652 43
611 658 43
611 664 43
611 670 43
611 676 43
611 682 43
611 688 43
611 694 43
611 700 43
611 706 43
611 712 43
611 718 43
611 724 43
611 730 43
611 736 43
611 742 43
611 748 43
611 754 43
611 760 43
611 766 43
611 772 43
611 778 43
611 784 43
611 790 44
611 796 44
611 802 44
611 808 44
605 808 44
605 802 44
605 796 44
605 790 44
605 784 44
605 778 44
605 772 44
605 766 44
605 760 44
605 754 44
605 748 44
605 742 44
605 736 44
605 730 44
605 724 44
605 718 44
605 712 44
605 706 44
605 700 44
605 694 44
605 688 44
605 682 44
605 676 44
605 670 44
605 664 44
605 658 44
605 652 44
605 646 44
605 640 44
605 634 44
605 628 44
605 622 44
605 616 44
605 610 44
605 604 44
605 598 44
605 592 45
605 586 45
599 586 45
599 592 45
599 598 45
599 604 45
599 610 45
599 616 45
599 622 45
599 628 45
599 634 45
599 640 45
599 646 45
599 652 45
599 658 45
599 664 45
599 670 45
599 676 45
599 682 45
599 688 45
599 694 45
599 700 45
599 706 45
599 712 45
599 718 45
599 724 45
599 730 45
599 736 45
599 742 45
599 748 45
599 754 45
599 760 45
599 766 45
599 772 45
599 778 45
599 784 45
599 790 45
599 796 45
599 802 45
599 808 45
593 808 46
593 802 46
593 796 46
593 790 46
593 784 46
593 778 46
593 772 46
593 766 46
593 760 46
593 754 46
593 748 46
593 742 46
593 736 46
593 730 46
593 724 46
593 718 46
593 712 46
593 706 46
593 700 46
593 694 46
593 688 46
593 682 46
593 676 46
593 670 46
593 664 46
593 658 46
593 652 46
593 646 46
593 640 46
593 634 46
593 628 46
593 622 46
593 616 46
593 610 46
593 604 46
593 598 46
593 592 46
593 586 46
587 586 46
587 592 46
587 598 47
587 604 47
587 610 47
587 616 47
587 622 47
587 628 47
587 634 47
587 640 47
587 646 47
587 652 47
587 658 47
587 664 47
587 670 47
587 676 47
587 682 47
587 688 47
587 694 47
587 700 47
587 706 47
587 712 47
587 718 47
587 724 47
587 730 47
587 736 47
587 742 47
587 748 47
587 754 47
587 760 47
587 766 47
587 772 47
587 778 47
587 784 47
587 790 47
587 796 47
587 802 47
587 808 47
581 808 47
581 802 47
581 796 47
581 790 47
581 784 48
581 778 48
581 772 48
581 766 48
581 760 48
581 754 48
581 748 48
581 742 48
581 736 48
581 730 48
581 724 48
581 718 48
581 712 48
581 706 48
581 700 48
581 694 48
581 688 48
581 682 48
581 676 48
581 670 48
581 664 48
581 658 48
581 652 48
581 646 48
581 640 48
581 634 48
581 628 48
581 622 48
581 616 48
581 610 48
581 604 48
581 598 48
581 592 48
581 586 48
575 586 48
575 592 48
575 598 48
575 604 48
575 610 48
575 616 48
575 622 49
575 628 49
575 634 49
575 640 49
575 646 49
575 652 49
575 658 49
575 664 49
575 670 49
575 676 49
575 682 49
575 688 49
575 694 49
575 700 49
575 706 49
575 712 49
575 718 49
575 724 49
575 730 49
575 736 49
575 742 49
575 748 49
575 754 49
575 760 49
575 766 49
575 772 49
575 778 49
575 784 49
575 790 49
575 796 49
575 802 49
575 808 49
569 808 49
569 802 49
569 796 49
569 790 49
569 784 49
569 778 49
569 772 49
569 766 49
569 760 50
569 754 50
569 748 50
569 742 50
569 736 50
569 730 50
569 724 50
569 718 50
569 712 50
569 706 50
569 700 50
569 694 50
569 688 50
569 682 50
569 676 50
569 670 50
569 664 50
569 658 50
569 652 50
569 646 50
569 640 50
569 634 50
569 628 50
569 622 50
569 616 50
569 610 50
569 604 50
569 598 50
569 592 50
569 586 50
563 586 50
563 592 50
563 598 50
563 604 50
563 610 50
563 616 50
563 622 50
563 628 50
563 634 50
563 640 50
563 646 51
563 652 51
563 658 51
563 664 51
563 670 51
563 676 51
563 682 51
563 688 51
563 694 51
563 700 51
563 706 51
563 712 51
563 718 51
563 724 51
563 730 51
563 736 51
563 742 51
563 748 51
563 754 51
563 760 51
563 766 51
563 772 51
563 778 51
563 784 51
563 790 51
563 796 51
563 802 51
563 808 51
557 808 51
557 802 51
557 796 51
557 790 51
557 784 51
557 778 51
557 772 51
557 766 51
557 760 51
557 754 51
557 748 51
557 742 51
557 736 52
557 730 52
557 724 52
557 718 52
557 712 52
557 706 52
557 700 52
557 694 52
557 688 52
557 682 52
557 676 52
557 670 52
557 664 52
557 658 52
557 652 52
557 646 52
557 640 52
557 634 52
557 628 52
557 622 52
557 616 52
557 610 52
557 604 52
557 598 52
557 592 52
557 586 52
551 586 52
551 592 52
551 598 52
551 604 52
551 610 52
551 616 52
551 622 52
551 628 52
551 634 52
551 640 52
551 646 52
551 652 52
551 658 52
551 664 52
551 670 53
551 676 53
551 682 53
551 688 53
551 694 53
551 700 53
551 706 53
551 712 53
551 718 53
551 724 53
551 730 53
551 736 53
551 742 53
551 748 53
551 754 53
551 760 53
551 766 53
551 772 53
551 778 53
551 784 53
551 790 53
551 796 53
551 802 53
551 808 53
545 808 53
545 802 53
545 796 53
545 790 53
545 784 53
545 778 53
545 772 53
545 766 53
545 760 53
545 754 53
545 748 53
545 742 53
545 736 53
545 730 53
545 724 53
545 718 53
545 712 54
545 706 54
545 700 54
545 694 54
545 688 54
545 682 54
545 676 54
545 670 54
545 664 54
545 658 54
545 652 54
545 646 54
545 640 54
545 634 54
545 628 54
545 622 54
545 616 54
545 610 54
545 604 54
545 598 54
545 592 54
545 586 54
539 586 54
539 592 54
539 598 54
539 604 54
539 610 54
539 616 54
539 622 54
539 628 54
539 634 54
539 640 54
539 646 54
539 652 54
539 658 54
539 664 54
539 670 54
539 676 54
539 682 54
539 688 54
539 694 55
539 700 55
539 706 55
539 712 55
539 718 55
539 724 55
539 730 55
539 736 55
539 742 55
539 748 55
539 754 55
539 760 55
539 766 55
539 772 55
539 778 55
539 784 55
539 790 55
539 796 55
539 802 55
539 808 55
533 808 55
533 802 55
533 796 55
533 790 55
533 784 55
533 778 55
533 772 55
533 766 55
533 760 55
533 754 55
533 748 55
533 742 55
533 736 55
533 730 55
533 724 55
533 718 55
533 712 55
533 706 55
533 700 55
533 694 55
533 688 56
533 682 56
533 676 56
533 670 56
533 664 56
533 658 56
533 652 56
533 646 56
533 640 56
533 634 56
533 628 56
533 622 56
533 616 56
533 610 56
533 604 56
533 598 56
533 592 56
533 586 56
527 586 56
527 592 56
527 598 56
527 604 56
527 610 56
527 616 56
527 622 56
527 628 56
527 634 56
527 640 56
527 646 56
527 652 56
527 658 56
527 664 56
527 670 56
527 676 56
527 682 56
527 688 56
527 694 56
527 700 56
527 706 56
527 712 56
527 718 57
527 724 57
527 730 57
527 736 57
527 742 57
527 748 57
527 754 57
527 760 57
527 766 57
527 772 57
527 778 57
527 784 57
527 790 57
527 796 57
527 802 57
527 808 57
521 808 57
521 802 57
521 796 57
521 790 57
521 784 57
521 778 57
521 772 57
521 766 57
521 760 57
521 754 57
521 748 57
521 742 57
521 736 57
521 730 57
521 724 57
521 718 57
521 712 57
521 706 57
521 700 57
521 694 57
521 688 57
521 682 57
521 676 57
521 670 57
521 664 58
521 658 58
521 652 58
521 646 58
521 640 58
521 634 58
521 628 58
521 622 58
521 616 58
521 610 58
521 604 58
521 598 58
521 592 58
521 586 58
515 586 58
515 592 58
515 598 58
515 604 58
515 610 58
515 616 58
515 622 58
515 628 58
515 634 58
515 640 58
515 646 58
515 652 58
515 658 58
515 664 58
515 670 58
515 676 58
515 682 58
515 688 58
515 694 58
515 700 58
515 706 58
515 712 58
515 718 58
515 724 58
515 730 58
515 736 58
515 742 59
515 748 59
515 754 59
515 760 59
515 766 59
515 772 59
515 778 59
515 784 59
515 790 59
515 796 59
515 802 59
515 808 59
509 808 59
509 802 59
509 796 59
509 790 59
509 784 59
509 778 59
509 772 59
509 766 59
509 760 59
509 754 59
509 748 59
509 742 59
509 736 59
509 730 59
509 724 59
509 718 59
509 712 59
509 706 59
509 700 59
509 694 59
509 688 59
509 682 59
509 676 59
509 670 59
509 664 59
509 658 59
509 652 59
509 646 59
509 640 60
509 634 60
509 628 60
509 622 60
509 616 60
509 610 60
509 604 60
509 598 60
509 592 60
509 586 60
503 586 60
503 592 60
503 598 60
503 604 60
503 610 60
503 616 60
503 622 60
503 628 60
503 634 60
503 640 60
503 646 60
503 652 60
503 658 60
503 664 60
503 670 60
503 676 60
503 682 60
503 688 60
503 694 60
503 700 60
503 706 60
503 712 60
503 718 60
503 724 60
503 730 60
503 736 60
503 742 60
503 748 60
503 754 60
503 760 60
503 766 61
503 772 61
503 778 61
503 784 61
503 790 61
503 796 61
503 802 61
503 808 61
497 808 61
497 802 61
497 796 61
497 790 61
497 784 61
497 778 61
497 772 61
497 766 61
497 760 61
497 754 61
497 748 61
497 742 61
497 736 61
497 730 61
497 724 61
497 718 61
497 712 61
497 706 61
497 700 61
497 694 61
497 688 61
497 682 61
497 676 61
497 670 61
497 664 61
497 658 61
497 652 61
497 646 61
497 640 61
497 634 61
497 628 61
497 622 61
497 616 62
497 610 62
497 604 62
497 598 62
497 592 62
497 586 62
491 586 62
491 592 62
491 598 62
491 604 62
491 610 62
491 616 62
491 622 62
491 628 62
491 634 62
491 640 62
491 646 62
491 652 62
491 658 62
491 664 62
491 670 62
491 676 62
491 682 62
491 688 62
491 694 62
491 700 62
491 706 62
491 712 62
491 718 62
491 724 62
491 730 62
491 736 62
491 742 62
491 748 62
491 754 62
491 760 62
491 766 62
491 772 62
491 778 62
491 784 62
491 790 63
491 796 63
491 802 63
491 808 63
485 808 63
485 802 63
485 796 63
485 790 63
485 784 63
485 778 63
485 772 63
485 766 63
485 760 63
485 754 63
485 748 63
485 742 63
485 736 63
485 730 63
485 724 63
485 718 63
485 712 63
485 706 63
485 700 63
485 694 63
485 688 63
485 682 63
485 676 63
485 670 63
485 664 63
485 658 63
485 652 63
485 646 63
485 640 63
485 634 63
485 628 63
485 622 63
485 616 63
485 610 63
485 604 63
485 598 63
485 592 64
485 586 64
479 586 64
479 592 64
479 598 64
479 604 64
479 610 64
479 616 64
479 622 64
479 628 64
479 634 64
479 640 64
479 646 64
479 652 64
479 658 64
479 664 64
479 670 64
479 676 64
479 682 64
479 688 64
479 694 64
479 700 64
479 706 64
479 712 64
479 718 64
479 724 64
479 730 64
479 736 64
479 742 64
479 748 64
479 754 64
479 760 64
479 766 64
479 772 64
479 778 64
479 784 64
479 790 64
479 796 64
479 802 64
479 808 64
473 808 65
473 802 65
473 796 65
473 790 65
473 784 65
473 778 65
473 772 65
473 766 65
473 760 65
473 754 65
473 748 65
473 742 65
473 736 65
473 730 65
473 724 65
473 718 65
473 712 65
473 706 65
473 700 65
473 694 65
473 688 65
473 682 65
473 676 65
473 670 65
473 664 65
473 658 65
473 652 65
473 646 65
473 640 65
473 634 65
473 628 65
473 622 65
473 616 65
473 610 65
473 604 65
473 598 65
473 592 65
473 586 65
467 586 65
467 592 65
467 598 66
467 604 66
467 610 66
467 616 66
467 622 66
467 628 66
467 634 66
467 640 66
467 646 66
467 652 66
467 658 66
467 664 66
467 670 66
467 676 66
467 682 66
467 688 66
467 694 66
467 700 66
467 706 66
467 712 66
467 718 66
467 724 66
467 730 66
467 736 66
467 742 66
467 748 66
467 754 66
467 760 66
467 766 66
467 772 66
467 778 66
467 784 66
467 790 66
467 796 66
467 802 66
467 808 66
461 808 66
461 802 66
461 796 66
461 790 66
461 784 67
461 778 67
461 772 67
461 766 67
461 760 67
461 754 67
461 748 67
461 742 67
461 736 67
461 730 67
461 724 67
461 718 67
461 712 67
461 706 67
461 700 67
461 694 67
461 688 67
461 682 67
461 676 67
461 670 67
461 664 67
461 658 67
461 652 67
461 646 67
461 640 67
461 634 67
461 628 67
461 622 67
461 616 67
461 610 67
461 604 67
461 598 67
461 592 67
461 586 67
455 586 67
455 592 67
455 598 67
455 604 67
455 610 67
455 616 67
455 622 68
455 628 68
455 634 68
455 640 68
455 646 68
455 652 68
455 658 68
455 664 68
455 670 68
455 676 68
455 682 68
455 688 68
455 694 68
455 700 68
455 706 68
455 712 68
455 718 68
455 724 68
455 730 68
455 736 68
455 742 68
455 748 68
455 754 68
455 760 68
455 766 68
455 772 68
455 778 68
455 784 68
455 790 68
455 796 68
455 802 68
455 808 68
449 808 68
449 802 68
449 796 68
449 790 68
449 784 68
449 778 68
449 772 68
449 766 68
449 760 69
449 754 69
449 748 69
449 742 69
449 736 69
449 730 69
449 724 69
449 718 69
449 712 69
449 706 69
449 700 69
449 694 69
449 688 69
449 682 69
449 676 69
449 670 69
449 664 69
449 658 69
449 652 69
449 646 69
449 640 69
449 634 69
449 628 69
449 622 69
449 616 69
449 610 69
449 604 69
449 598 69
449 592 69
449 586 69
443 586 69
443 592 69
443 598 69
443 604 69
443 610 69
443 616 69
443 622 69
443 628 69
443 634 69
443 640 69
443 646 70
443 652 70
443 658 70
443 664 70
443 670 70
443 676 70
443 682 70
443 688 70
443 694 70
443 700 70
443 706 70
443 712 70
443 718 70
443 724 70
443 730 70
443 736 70
443 742 70
443 748 70
443 754 70
443 760 70
443 766 70
443 772 70
443 778 70
443 784 70
443 790 70
443 796 70
443 802 70
443 808 70
437 808 70
437 802 70
437 796 70
437 790 70
437 784 70
437 778 70
437 772 70
437 766 70
437 760 70
437 754 70
437 748 70
437 742 70
437 736 71
437 730 71
437 724 71
437 718 71
437 712 71
437 706 71
437 700 71
437 694 71
437 688 71
437 682 71
437 676 71
437 670 71
437 664 71
437 658 71
437 652 71
437 646 71
437 640 71
437 634 71
437 628 71
437 622 71
437 616 71
437 610 71
437 604 71
437 598 71
437 592 71
437 586 71
431 586 71
431 592 71
431 598 71
431 604 71
431 610 71
431 616 71
431 622 71
431 628 71
431 634 71
431 640 71
431 646 71
431 652 71
431 658 71
431 664 71
431 670 72
431 676 72
431 682 72
431 688 72
431 694 72
431 700 72
431 706 72
431 712 72
431 718 72
431 724 72
431 730 72
431 736 72
431 742 72
431 748 72
431 754 72
431 760 72
431 766 72
431 772 72
431 778 72
431 784 72
431 790 72
431 796 72
431 802 72
431 808 72
425 808 72
425 802 72
425 796 72
425 790 72
425 784 72
425 778 72
425 772 72
425 766 72
425 760 72
425 754 72
425 748 72
425 742 72
425 736 72
425 730 72
425 724 72
425 718 72
425 712 73
425 706 73
425 700 73
425 694 73
425 688 73
425 682 73
425 676 73
425 670 73
425 664 73
425 658 73
425 652 73
425 646 73
425 640 73
425 634 73
425 628 73
425 622 73
425 616 73
425 610 73
425 604 73
425 598 73
425 592 73
425 586 73
419 586 73
419 592 73
419 598 73
419 604 73
419 610 73
419 616 73
419 622 73
419 628 73
419 634 73
419 640 73
419 646 73
419 652 73
419 658 73
419 664 73
419 670 73
419 676 73
419 682 73
419 688 73
419 694 74
419 700 74
419 706 74
419 712 74
419 718 74
419 724 74
419 730 74
419 736 74
419 742 74
419 748 74
419 754 74
419 760 74
419 766 74
419 772 74
419 778 74
419 784 74
419 790 74
419 796 74
419 802 74
419 808 74
413 808 74
413 802 74
413 796 74
413 790 74
413 784 74
413 778 74
413 772 74
413 766 74
413 760 74
413 754 74
413 748 74
413 742 74
413 736 74
413 730 74
413 724 74
413 718 74
413 712 74
413 706 74
413 700 74
413 694 74
413 688 75
413 682 75
413 676 75
413 670 75
413 664 75
413 658 75
413 652 75
413 646 75
413 640 75
413 634 75
413 628 75
413 622 75
413 616 75
413 610 75
413 604 75
413 598 75
413 592 75
413 586 75
407 586 75
407 592 75
407 598 75
407 604 75
407 610 75
407 616 75
407 622 75
407 628 75
407 634 75
407 640 75
407 646 75
407 652 75
407 658 75
407 664 75
407 670 75
407 676 75
407 682 75
407 688 75
407 694 75
407 700 75
407 706 75
407 712 75
407 718 76
407 724 76
407 730 76
407 736 76
407 742 76
407 748 76
407 754 76
407 760 76
407 766 76
407 772 76
407 778 76
407 784 76
407 790 76
407 796 76
407 802 76
407 808 76
401 808 76
401 802 76
401 796 76
401 790 76
401 784 76
401 778 76
401 772 76
401 766 76
401 760 76
401 754 76
401 748 76
401 742 76
401 736 76
401 730 76
401 724 76
401 718 76
401 712 76
401 706 76
401 700 76
401 694 76
401 688 76
401 682 76
401 676 76
401 670 76
401 664 77
401 658 77
401 652 77
401 646 77
401 640 77
401 634 77
401 628 77
401 622 77
401 616 77
401 610 77
401 604 77
401 598 77
401 592 77
401 586 77
395 586 77
395 592 77
395 598 77
395 604 77
395 610 77
395 616 77
395 622 77
395 628 77
395 634 77
395 640 77
395 646 77
395 652 77
395 658 77
395 664 77
395 670 77
395 676 77
395 682 77
395 688 77
395 694 77
395 700 77
395 706 77
395 712 77
395 718 77
395 724 77
395 730 77
395 736 77
395 742 78
395 748 78
395 754 78
395 760 78
395 766 78
395 772 78
395 778 78
395 784 78
395 790 78
395 796 78
395 802 78
395 808 78
389 808 78
389 802 78
389 796 78
389 790 78
389 784 78
389 778 78
389 772 78
389 766 78
389 760 78
389 754 78
389 748 78
389 742 78
389 736 78
389 730 78
389 724 78
389 718 78
389 712 78
389 706 78
389 700 78
389 694 78
389 688 78
389 682 78
389 676 78
389 670 78
389 664 78
389 658 78
389 652 78
389 646 78
389 640 79
389 634 79
389 628 79
389 622 79
389 616 79
389 610 79
389 604 79
389 598 79
389 592 79
389 586 79
383 586 79
383 592 79
383 598 79
383 604 79
383 610 79
383 616 79
383 622 79
383 628 79
383 634 79
383 640 79
383 646 79
383 652 79
383 658 79
383 664 79
383 670 79
383 676 79
383 682 79
383 688 79
383 694 79
383 700 79
383 706 79
383 712 79
383 718 79
383 724 79
383 730 79
383 736 79
383 742 79
383 748 79
383 754 79
383 760 79
383 766 80
383 772 80
383 778 80
383 784 80
383 790 80
383 796 80
383 802 80
383 808 80
377 808 80
377 802 80
377 796 80
377 790 80
377 784 80
377 778 80
377 772 80
377 766 80
377 760 80
377 754 80
377 748 80
377 742 80
377 736 80
377 730 80
377 724 80
377 718 80
377 712 80
377 706 80
377 700 80
377 694 80
377 688 80
377 682 80
377 676 80
377 670 80
377 664 80
377 658 80
377 652 80
377 646 80
377 640 80
377 634 80
377 628 80
377 622 80
377 616 81
377 610 81
377 604 81
377 598 81
377 592 81
377 586 81
371 586 81
371 592 81
371 598 81
371 604 81
371 610 81
371 616 81
371 622 81
371 628 81
371 634 81
371 640 81
371 646 81
371 652 81
371 658 81
371 664 81
371 670 81
371 676 81
371 682 81
371 688 81
371 694 81
371 700 81
371 706 81
371 712 81
371 718 81
371 724 81
371 730 81
371 736 81
371 742 81
371 748 81
371 754 81
371 760 81
371 766 81
371 772 81
371 778 81
371 784 81
371 790 82
371 796 82
371 802 82
371 808 82
365 808 82
365 802 82
365 796 82
365 790 82
365 784 82
365 778 82
365 772 82
365 766 82
365 760 82
365 754 82
365 748 82
365 742 82
365 736 82
365 730 82
365 724 82
365 718 82
365 712 82
365 706 82
365 700 82
365 694 82
365 688 82
365 682 82
365 676 82
365 670 82
365 664 82
365 658 82
365 652 82
365 646 82
365 640 82
365 634 82
365 628 82
365 622 82
365 616 82
365 610 82
365 604 82
365 598 82
365 592 83
365 586 83
359 586 83
359 592 83
359 598 83
359 604 83
359 610 83
359 616 83
359 622 83
359 628 83
359 634 83
359 640 83
359 646 83
359 652 83
359 658 83
359 664 83
359 670 83
359 676 83
359 682 83
359 688 83
359 694 83
359 700 83
359 706 83
359 712 83
359 718 83
359 724 83
359 730 83
359 736 83
359 742 83
359 748 83
359 754 83
359 760 83
359 766 83
359 772 83
359 778 83
359 784 83
359 790 83
359 796 83
359 802 83
359 808 83
353 808 84
353 802 84
353 796 84
353 790 84
353 784 84
353 778 84
353 772 84
353 766 84
353 760 84
353 754 84
353 748 84
353 742 84
353 736 84
353 730 84
353 724 84
353 718 84
353 712 84
353 706 84
353 700 84
353 694 84
353 688 84
353 682 84
353 676 84
353 670 84
353 664 84
353 658 84
353 652 84
353 646 84
353 640 84
353 634 84
353 628 84
353 622 84
353 616 84
353 610 84
353 604 84
353 598 84
353 592 84
353 586 84
347 586 84
347 592 84
347 598 85
347 604 85
347 610 85
347 616 85
347 622 85
347 628 85
347 634 85
347 640 85
347 646 85
347 652 85
347 658 85
347 664 85
347 670 85
347 676 85
347 682 85
347 688 85
347 694 85
347 700 85
347 706 85
347 712 85
347 718 85
347 724 85
347 730 85
347 736 85
347 742 85
347 748 85
347 754 85
347 760 85
347 766 85
347 772 85
347 778 85
347 784 85
347 790 85
347 796 85
347 802 85
347 808 85
341 808 85
341 802 85
341 796 85
341 790 85
341 784 86
341 778 86
341 772 86
341 766 86
341 760 86
341 754 86
341 748 86
341 742 86
341 736 86
341 730 86
341 724 86
341 718 86
341 712 86
341 706 86
341 700 86
341 694 86
341 688 86
341 682 86
341 676 86
341 670 86
341 664 86
341 658 86
341 652 86
341 646 86
341 640 86
341 634 86
341 628 86
341 622 86
341 616 86
341 610 86
341 604 86
341 598 86
341 592 86
341 586 86
335 586 86
335 592 86
335 598 86
335 604 86
335 610 86
335 616 86
335 622 87
335 628 87
335 634 87
335 640 87
335 646 87
335 652 87
335 658 87
335 664 87
335 670 87
335 676 87
335 682 87
335 688 87
335 694 87
335 700 87
335 706 87
335 712 87
335 718 87
335 724 87
335 730 87
335 736 87
335 742 87
335 748 87
335 754 87
335 760 87
335 766 87
335 772 87
335 778 87
335 784 87
335 790 87
335 796 87
335 802 87
335 808 87
329 808 87
329 802 87
329 796 87
329 790 87
329 784 87
329 778 87
329 772 87
329 766 87
329 760 88
329 754 88
329 748 88
329 742 88
329 736 88
329 730 88
329 724 88
329 718 88
329 712 88
329 706 88
329 700 88
329 694 88
329 688 88
329 682 88
329 676 88
329 670 88
329 664 88
329 658 88
329 652 88
329 646 88
329 640 88
329 634 88
329 628 88
329 622 88
329 616 88
329 610 88
329 604 88
329 598 88
329 592 88
329 586 88
323 586 88
323 592 88
323 598 88
323 604 88
323 610 88
323 616 88
323 622 88
323 628 88
323 634 88
323 640 88
323 646 89
323 652 89
323 658 89
323 664 89
323 670 89
323 676 89
323 682 89
323 688 89
323 694 89
323 700 89
323 706 89
323 712 89
323 718 89
323 724 89
323 730 89
323 736 89
323 742 89
323 748 89
323 754 89
323 760 89
323 766 89
323 772 89
323 778 89
323 784 89
323 790 89
323 796 89
323 802 89
323 808 89
317 808 89
317 802 89
317 796 89
317 790 89
317 784 89
317 778 89
317 772 89
317 766 89
317 760 89
317 754 89
317 748 89
317 742 89
317 736 90
317 730 90
317 724 90
317 718 90
317 712 90
317 706 90
317 700 90
317 694 90
317 688 90
317 682 90
317 676 90
317 670 90
317 664 90
317 658 90
317 652 90
317 646 90
317 640 90
317 634 90
317 628 90
317 622 90
317 616 90
317 610 90
317 604 90
317 598 90
317 592 90
317 586 90
311 586 90
311 592 90
311 598 90
311 604 90
311 610 90
311 616 90
311 622 90
311 628 90
311 634 90
311 640 90
311 646 90
311 652 90
311 658 90
311 664 90
311 670 91
311 676 91
311 682 91
311 688 91
311 694 91
311 700 91
311 706 91
311 712 91
311 718 91
311 724 91
311 730 91
311 736 91
311 742 91
311 748 91
311 754 91
311 760 91
311 766 91
311 772 91
311 778 91
311 784 91
311 790 91
311 796 91
311 802 91
311 808 91
305 808 91
305 802 91
305 796 91
305 790 91
305 784 91
305 778 91
305 772 91
305 766 91
305 760 91
305 754 91
305 748 91
305 742 91
305 736 91
305 730 91
305 724 91
305 718 91
305 712 92
305 706 92
305 700 92
305 694 92
305 688 92
305 682 92
305 676 92
305 670 92
305 664 92
305 658 92
305 652 92
305 646 92
305 640 92
305 634 92
305 628 92
305 622 92
305 616 92
305 610 92
305 604 92
305 598 92
305 592 92
305 586 92
299 586 92
299 592 92
299 598 92
299 604 92
299 610 92
299 616 92
299 622 92
299 628 92
299 634 92
299 640 92
299 646 92
299 652 92
299 658 92
299 664 92
299 670 92
299 676 92
299 682 92
299 688 92
299 694 93
299 700 93
299 706 93
299 712 93
299 718 93
299 724 93
299 730 93
299 736 93
299 742 93
299 748 93
299 754 93
299 760 93
299 766 93
299 772 93
299 778 93
299 784 93
299 790 93
299 796 93
299 802 93
299 808 93
293 808 93
293 802 93
293 796 93
293 790 93
293 784 93
293 778 93
293 772 93
293 766 93
293 760 93
293 754 93
293 748 93
293 742 93
293 736 93
293 730 93
293 724 93
293 718 93
293 712 93
293 706 93
293 700 93
293 694 93
293 688 94
293 682 94
293 676 94
293 670 94
293 664 94
293 658 94
293 652 94
293 646 94
293 640 94
293 634 94
293 628 94
293 622 94
293 616 94
293 610 94
293 604 94
293 598 94
293 592 94
293 586 94
287 586 94
287 592 94
287 598 94
287 604 94
287 610 94
287 616 94
287 622 94
287 628 94
287 634 94
287 640 94
287 646 94
287 652 94
287 658 94
287 664 94
287 670 94
287 676 94
287 682 94
287 688 94
287 694 94
287 700 94
287 706 94
287 712 94
287 718 95
287 724 95
287 730 95
287 736 95
287 742 95
287 748 95
287 754 95
287 760 95
287 766 95
287 772 95
281 772 95
281 766 95
281 760 95
281 754 95
281 748 95
281 742 95
281 736 95
281 730 95
281 724 95
281 718 95
281 712 95
281 706 95
281 700 95
281 694 95
281 688 95
281 682 95
281 676 95
281 670 95
281 664 95
281 658 95
281 652 95
281 646 95
281 640 95
281 634 95
281 628 95
281 622 95
281 616 95
281 610 95
281 604 95
281 598 95
281 592 96
281 586 96
275 586 96
275 592 96
275 598 96
275 604 96
275 610 96
275 616 96
275 622 96
275 628 96
275 634 96
275 640 96
275 646 96
275 652 96
275 658 96
275 664 96
275 670 96
275 676 96
275 682 96
275 688 96
275 694 96
275 700 96
275 706 96
275 712 96
275 718 96
275 724 96
275 730 96
275 736 96
275 742 96
275 748 96
275 754 96
275 760 96
275 766 96
275 772 96
269 772 96
269 766 96
269 760 96
269 754 96
269 748 96
269 742 96
269 736 97
269 730 97
269 724 97
269 718 97
269 712 97
269 706 97
269 700 97
269 694 97
269 688 97
269 682 97
269 676 97
269 670 97
269 664 97
269 658 97
269 652 97
269 646 97
269 640 97
269 634 97
269 628 97
269 622 97
269 616 97
269 610 97
269 604 97
269 598 97
269 592 97
269 586 97
263 586 97
263 592 97
263 598 97
263 604 97
263 610 97
263 616 97
263 622 97
263 628 97
263 634 97
263 640 97
263 646 97
263 652 97
263 658 97
263 664 97
263 670 98
263 676 98
263 682 98
263 688 98
263 694 98
263 700 98
263 706 98
263 712 98
263 718 98
263 724 98
263 730 98
263 736 98
263 742 98
263 748 98
263 754 98
263 760 98
263 766 98
263 772 98
257 772 98
257 766 98
257 760 98
257 754 98
257 748 98
257 742 98
257 736 98
257 730 98
257 724 98
257 718 98
257 712 98
257 706 98
257 700 98
257 694 98
257 688 98
257 682 98
257 676 98
257 670 98
257 664 98
257 658 98
257 652 98
257 646 98
257 640 99
257 634 99
257 628 99
257 622 99
257 616 99
257 610 99
257 604 99
257 598 99
257 592 99
257 586 99
251 586 99
251 592 99
251 598 99
251 604 99
251 610 99
251 616 99
251 622 99
251 628 99
251 634 99
251 640 99
251 646 99
251 652 99
251 658 99
251 664 99
251 670 99
251 676 99
251 682 99
251 688 99
251 694 99
251 700 99
251 706 99
251 712 99
251 718 99
251 724 99
251 730 99
251 736 99
251 742 99
251 748 99
251 754 99
251 760 99
251 766 100
251 772 100
245 772 100
245 766 100
245 760 100
245 754 100
245 748 100
245 742 100
245 736 100
245 730 100
245 724 100
245 718 100
245 712 100
245 706 100
245 700 100
245 694 100
245 688 100
245 682 100
245 676 100
245 670 100
245 664 100
245 658 100
245 652 100
245 646 100
245 640 100
245 634 100
245 628 100
245 622 100
245 616 100
245 610 100
245 604 100
245 598 100
245 592 100
245 586 100
239 586 100
239 592 100
239 598 100
239 604 100
239 610 100
239 616 100
239 622 101
239 628 101
239 634 101
239 640 101
239 646 101
239 652 101
239 658 101
239 664 101
239 670 101
239 676 101
239 682 101
239 688 101
239 694 101
239 700 101
239 706 101
239 712 101
239 718 101
239 724 101
239 730 101
239 736 101
239 742 101
239 748 101
239 754 101
239 760 101
239 766 101
239 772 101
233 772 101
233 766 101
233 760 101
233 754 101
233 748 101
233 742 101
233 736 101
233 730 101
233 724 101
233 718 101
233 712 101
233 706 101
233 700 101
233 694 101
233 688 102
233 682 102
233 676 102
233 670 102
233 664 102
233 658 102
233 652 102
233 646 102
233 640 102
233 634 102
233 628 102
233 622 102
233 616 102
233 610 102
233 604 102
233 598 102
233 592 102
233 586 102
227 586 102
227 592 102
227 598 102
227 604 102
227 610 102
227 616 102
227 622 102
227 628 102
227 634 102
227 640 102
227 646 102
227 652 102
227 658 102
227 664 102
227 670 102
227 676 102
227 682 102
227 688 102
227 694 102
227 700 102
227 706 102
227 712 102
227 718 103
227 724 103
227 730 103
227 736 103
227 742 103
227 748 103
227 754 103
227 760 103
227 766 103
227 772 103
221 772 103
221 766 103
221 760 103
221 754 103
221 748 103
221 742 103
221 736 103
221 730 103
221 724 103
221 718 103
221 712 103
221 706 103
221 700 103
221 694 103
221 688 103
221 682 103
221 676 103
221 670 103
221 664 103
221 658 103
221 652 103
221 646 103
221 640 103
221 634 103
221 628 103
221 622 103
221 616 103
221 610 103
221 604 103
221 598 103
221 592 104
221 586 104
215 772 104
215 766 104
215 760 104
215 754 104
215 748 104
215 742 104
215 736 104
215 730 104
215 724 104
215 718 104
215 712 104
215 706 104
215 700 104
215 694 104
215 688 104
215 682 104
215 676 104
215 670 104
215 664 104
215 658 104
215 652 104
215 646 104
215 640 104
215 634 104
215 628 104
215 622 104
215 616 104
215 610 104
215 604 104
215 598 104
215 592 104
215 586 104
