215 586 0
215 592 0
215 598 0
215 604 0
215 610 0
215 616 0
215 622 0
215 628 0
215 634 0
215 640 0
215 646 0
215 652 0
215 658 0
215 664 0
215 670 0
215 676 0
215 682 0
215 688 0
215 694 0
215 700 0
215 706 0
215 712 0
215 718 0
215 724 0
215 730 0
215 736 0
215 742 0
215 748 0
215 754 0
215 760 0
215 766 0
215 772 0
221 772 0
221 766 0
221 760 0
221 754 0
221 748 0
221 742 0
221 736 0
221 730 0
221 724 1
221 718 1
221 712 1
221 706 1
221 700 1
221 694 1
221 688 1
221 682 1
221 676 1
221 670 1
221 664 1
221 658 1
221 652 1
221 646 1
221 640 1
221 634 1
221 628 1
221 622 1
221 616 1
221 610 1
221 604 1
221 598 1
221 592 1
221 586 1
227 586 1
227 592 1
227 598 1
227 604 1
227 610 1
227 616 1
227 622 1
227 628 1
227 634 1
227 640 1
227 646 1
227 652 1
227 658 1
227 664 1
227 670 1
227 676 1
227 682 2
227 688 2
227 694 2
227 700 2
227 706 2
227 712 2
227 718 2
227 724 2
227 730 2
227 736 2
227 742 2
227 748 2
227 754 2
227 760 2
227 766 2
227 772 2
233 772 2
233 766 2
233 760 2
233 754 2
233 748 2
233 742 2
233 736 2
233 730 2
233 724 2
233 718 2
233 712 2
233 706 2
233 700 2
233 694 2
233 688 2
233 682 2
233 676 2
233 670 2
233 664 2
233 658 2
233 652 2
233 646 2
233 640 2
233 634 2
233 628 3
233 622 3
233 616 3
233 610 3
233 604 3
233 598 3
233 592 3
233 586 3
239 586 3
239 592 3
239 598 3
239 604 3
239 610 3
239 616 3
239 622 3
239 628 3
239 634 3
239 640 3
239 646 3
239 652 3
239 658 3
239 664 3
239 670 3
239 676 3
239 682 3
239 688 3
239 694 3
239 700 3
239 706 3
239 712 3
239 718 3
239 724 3
239 730 3
239 736 3
239 742 3
239 748 3
239 754 3
239 760 3
239 766 3
239 772 3
245 772 4
245 766 4
245 760 4
245 754 4
245 748 4
245 742 4
245 736 4
245 730 4
245 724 4
245 718 4
245 712 4
245 706 4
245 700 4
245 694 4
245 688 4
245 682 4
245 676 4
245 670 4
245 664 4
245 658 4
245 652 4
245 646 4
245 640 4
245 634 4
245 628 4
245 622 4
245 616 4
245 610 4
245 604 4
245 598 4
245 592 4
245 586 4
251 586 4
251 592 4
251 598 4
251 604 4
251 610 4
251 616 4
251 622 4
251 628 4
251 634 5
251 640 5
251 646 5
251 652 5
251 658 5
251 664 5
251 670 5
251 676 5
251 682 5
251 688 5
251 694 5
251 700 5
251 706 5
251 712 5
251 718 5
251 724 5
251 730 5
251 736 5
251 742 5
251 748 5
251 754 5
251 760 5
251 766 5
251 772 5
257 772 5
257 766 5
257 760 5
257 754 5
257 748 5
257 742 5
257 736 5
257 730 5
257 724 5
257 718 5
257 712 5
257 706 5
257 700 5
257 694 5
257 688 5
257 682 5
257 676 6
257 670 6
257 664 6
257 658 6
257 652 6
257 646 6
257 640 6
257 634 6
257 628 6
257 622 6
257 616 6
257 610 6
257 604 6
257 598 6
257 592 6
257 586 6
263 586 6
263 592 6
263 598 6
263 604 6
263 610 6
263 616 6
263 622 6
263 628 6
263 634 6
263 640 6
263 646 6
263 652 6
263 658 6
263 664 6
263 670 6
263 676 6
263 682 6
263 688 6
263 694 6
263 700 6
263 706 6
263 712 6
263 718 6
263 724 6
263 730 7
263 736 7
263 742 7
263 748 7
263 754 7
263 760 7
263 766 7
263 772 7
269 772 7
269 766 7
269 760 7
269 754 7
269 748 7
269 742 7
269 736 7
269 730 7
269 724 7
269 718 7
269 712 7
269 706 7
269 700 7
269 694 7
269 688 7
269 682 7
269 676 7
269 670 7
269 664 7
269 658 7
269 652 7
269 646 7
269 640 7
269 634 7
269 628 7
269 622 7
269 616 7
269 610 7
269 604 7
269 598 7
269 592 7
269 586 7
275 586 8
275 592 8
275 598 8
275 604 8
275 610 8
275 616 8
275 622 8
275 628 8
275 634 8
275 640 8
275 646 8
275 652 8
275 658 8
275 664 8
275 670 8
275 676 8
275 682 8
275 688 8
275 694 8
275 700 8
275 706 8
275 712 8
275 718 8
275 724 8
275 730 8
275 736 8
275 742 8
275 748 8
275 754 8
275 760 8
275 766 8
275 772 8
281 772 8
281 766 8
281 760 8
281 754 8
281 748 8
281 742 8
281 736 8
281 730 8
281 724 9
281 718 9
281 712 9
281 706 9
281 700 9
281 694 9
281 688 9
281 682 9
281 676 9
281 670 9
281 664 9
281 658 9
281 652 9
281 646 9
281 640 9
281 634 9
281 628 9
281 622 9
281 616 9
281 610 9
281 604 9
281 598 9
281 592 9
281 586 9
287 586 9
287 592 9
287 598 9
287 604 9
287 610 9
287 616 9
287 622 9
287 628 9
287 634 9
287 640 9
287 646 9
287 652 9
287 658 9
287 664 9
287 670 9
287 676 9
287 682 10
287 688 10
287 694 10
287 700 10
287 706 10
287 712 10
287 718 10
287 724 10
287 730 10
287 736 10
287 742 10
287 748 10
287 754 10
287 760 10
287 766 10
287 772 10
293 898 10
293 892 10
293 886 10
293 880 10
293 874 10
293 868 10
293 862 10
293 856 10
293 850 10
293 844 10
293 838 10
293 832 10
293 826 10
293 820 10
293 814 10
293 808 10
293 802 10
293 796 10
293 790 10
293 784 10
293 778 10
293 772 10
293 766 10
293 760 10
293 754 11
293 748 11
293 742 11
293 736 11
293 730 11
293 724 11
293 718 11
293 712 11
293 706 11
293 700 11
293 694 11
293 688 11
293 682 11
293 676 11
293 670 11
293 664 11
293 658 11
293 652 11
293 646 11
293 640 11
293 634 11
293 628 11
293 622 11
293 616 11
293 610 11
293 604 11
293 598 11
293 592 11
293 586 11
299 586 11
299 592 11
299 598 11
299 604 11
299 610 11
299 616 11
299 622 11
299 628 11
299 634 11
299 640 11
299 646 11
299 652 12
299 658 12
299 664 12
299 670 12
299 676 12
299 682 12
299 688 12
299 694 12
299 700 12
299 706 12
299 712 12
299 718 12
299 724 12
299 730 12
299 736 12
299 742 12
299 748 12
299 754 12
299 760 12
299 766 12
299 772 12
299 778 12
299 784 12
299 790 12
299 796 12
299 802 12
299 808 12
299 814 12
299 820 12
299 826 12
299 832 12
299 838 12
299 844 12
299 850 12
299 856 12
299 862 12
299 868 12
299 874 12
299 880 12
299 886 12
299 892 13
299 898 13
305 898 13
305 892 13
305 886 13
305 880 13
305 874 13
305 868 13
305 862 13
305 856 13
305 850 13
305 844 13
305 838 13
305 832 13
305 826 13
305 820 13
305 814 13
305 808 13
305 802 13
305 796 13
305 790 13
305 784 13
305 778 13
305 772 13
305 766 13
305 760 13
305 754 13
305 748 13
305 742 13
305 736 13
305 730 13
305 724 13
305 718 13
305 712 13
305 706 13
305 700 13
305 694 13
305 688 13
305 682 13
305 676 13
305 670 14
305 664 14
305 658 14
305 652 14
305 646 14
305 640 14
305 634 14
305 628 14
305 622 14
305 616 14
305 610 14
305 604 14
305 598 14
305 592 14
305 586 14
311 586 14
311 592 14
311 598 14
311 604 14
311 610 14
311 616 14
311 622 14
311 628 14
311 634 14
311 640 14
311 646 14
311 652 14
311 658 14
311 664 14
311 670 14
311 676 14
311 682 14
311 688 14
311 694 14
311 700 14
311 706 14
311 712 14
311 718 14
311 724 14
311 730 14
311 736 15
311 742 15
311 748 15
311 754 15
311 760 15
311 766 15
311 772 15
311 778 15
311 784 15
311 790 15
311 796 15
311 802 15
311 808 15
311 814 15
311 820 15
311 826 15
311 832 15
311 838 15
311 844 15
311 850 15
311 856 15
311 862 15
311 868 15
311 874 15
311 880 15
311 886 15
311 892 15
311 898 15
317 898 15
317 892 15
317 886 15
317 880 15
317 874 15
317 868 15
317 862 15
317 856 15
317 850 15
317 844 15
317 838 15
317 832 15
317 826 16
317 820 16
317 814 16
317 808 16
317 802 16
317 796 16
317 790 16
317 784 16
317 778 16
317 772 16
317 766 16
317 760 16
317 754 16
317 748 16
317 742 16
317 736 16
317 730 16
317 724 16
317 718 16
317 712 16
317 706 16
317 700 16
317 694 16
317 688 16
317 682 16
317 676 16
317 670 16
317 664 16
317 658 16
317 652 16
317 646 16
317 640 16
317 634 16
317 628 16
317 622 16
317 616 16
317 610 16
317 604 16
317 598 16
317 592 16
317 586 17
323 586 17
323 592 17
323 598 17
323 604 17
323 610 17
323 616 17
323 622 17
323 628 17
323 634 17
323 640 17
323 646 17
323 652 17
323 658 17
323 664 17
323 670 17
323 676 17
323 682 17
323 688 17
323 694 17
323 700 17
323 706 17
323 712 17
323 718 17
323 724 17
323 730 17
323 736 17
323 742 17
323 748 17
323 754 17
323 760 17
323 766 17
323 772 17
323 778 17
323 784 17
323 790 17
323 796 17
323 802 17
323 808 17
323 814 17
323 820 18
323 826 18
323 832 18
323 838 18
323 844 18
323 850 18
323 856 18
323 862 18
323 868 18
323 874 18
323 880 18
323 886 18
323 892 18
323 898 18
329 898 18
329 892 18
329 886 18
329 880 18
329 874 18
329 868 18
329 862 18
329 856 18
329 850 18
329 844 18
329 838 18
329 832 18
329 826 18
329 820 18
329 814 18
329 808 18
329 802 18
329 796 18
329 790 18
329 784 18
329 778 18
329 772 18
329 766 18
329 760 18
329 754 18
329 748 18
329 742 19
329 736 19
329 730 19
329 724 19
329 718 19
329 712 19
329 706 19
329 700 19
329 694 19
329 688 19
329 682 19
329 676 19
329 670 19
329 664 19
329 658 19
329 652 19
329 646 19
329 640 19
329 634 19
329 628 19
329 622 19
329 616 19
329 610 19
329 604 19
329 598 19
329 592 19
329 586 19
335 586 19
335 592 19
335 598 19
335 604 19
335 610 19
335 616 19
335 622 19
335 628 19
335 634 19
335 640 19
335 646 19
335 652 19
335 658 19
335 664 20
335 670 20
335 676 20
335 682 20
335 688 20
335 694 20
335 700 20
335 706 20
335 712 20
335 718 20
335 724 20
335 730 20
335 736 20
335 742 20
335 748 20
335 754 20
335 760 20
335 766 20
335 772 20
335 778 20
335 784 20
335 790 20
335 796 20
335 802 20
335 808 20
335 814 20
335 820 20
335 826 20
335 832 20
335 838 20
335 844 20
335 850 20
335 856 20
335 862 20
335 868 20
335 874 20
335 880 20
335 886 20
335 892 20
335 898 20
341 898 21
341 892 21
341 886 21
341 880 21
341 874 21
341 868 21
341 862 21
341 856 21
341 850 21
341 844 21
341 838 21
341 832 21
341 826 21
341 820 21
341 814 21
341 808 21
341 802 21
341 796 21
341 790 21
341 784 21
341 778 21
341 772 21
341 766 21
341 760 21
341 754 21
341 748 21
341 742 21
341 736 21
341 730 21
341 724 21
341 718 21
341 712 21
341 706 21
341 700 21
341 694 21
341 688 21
341 682 21
341 676 21
341 670 21
341 664 21
341 658 22
341 652 22
341 646 22
341 640 22
341 634 22
341 628 22
341 622 22
341 616 22
341 610 22
341 604 22
341 598 22
341 592 22
341 586 22
347 586 22
347 592 22
347 598 22
347 604 22
347 610 22
347 616 22
347 622 22
347 628 22
347 634 22
347 640 22
347 646 22
347 652 22
347 658 22
347 664 22
347 670 22
347 676 22
347 682 22
347 688 22
347 694 22
347 700 22
347 706 22
347 712 22
347 718 22
347 724 22
347 730 22
347 736 22
347 742 22
347 748 23
347 754 23
347 760 23
347 766 23
347 772 23
347 778 23
347 784 23
347 790 23
347 796 23
347 802 23
347 808 23
347 814 23
347 820 23
347 826 23
347 832 23
347 838 23
347 844 23
347 850 23
347 856 23
347 862 23
347 868 23
347 874 23
347 880 23
347 886 23
347 892 23
347 898 23
353 898 23
353 892 23
353 886 23
353 880 23
353 874 23
353 868 23
353 862 23
353 856 23
353 850 23
353 844 23
353 838 23
353 832 23
353 826 23
353 820 23
353 814 24
353 808 24
353 802 24
353 796 24
353 790 24
353 784 24
353 778 24
353 772 24
353 766 24
353 760 24
353 754 24
353 748 24
353 742 24
353 736 24
353 730 24
353 724 24
353 718 24
353 712 24
353 706 24
353 700 24
353 694 24
353 688 24
353 682 24
353 676 24
353 670 24
353 664 24
353 658 24
353 652 24
353 646 24
353 640 24
353 634 24
353 628 24
353 622 24
353 616 24
353 610 24
353 604 24
353 598 24
353 592 24
353 586 24
359 586 24
359 592 25
359 598 25
359 604 25
359 610 25
359 616 25
359 622 25
359 628 25
359 634 25
359 640 25
359 646 25
359 652 25
359 658 25
359 664 25
359 670 25
359 676 25
359 682 25
359 688 25
359 694 25
359 700 25
359 706 25
359 712 25
359 718 25
359 724 25
359 730 25
359 736 25
359 742 25
359 748 25
359 754 25
359 760 25
359 766 25
359 772 25
359 778 25
359 784 25
359 790 25
359 796 25
359 802 25
359 808 25
359 814 25
359 820 25
359 826 25
359 832 26
359 838 26
359 844 26
359 850 26
359 856 26
359 862 26
359 868 26
359 874 26
359 880 26
359 886 26
359 892 26
359 898 26
365 898 26
365 892 26
365 886 26
365 880 26
365 874 26
365 868 26
365 862 26
365 856 26
365 850 26
365 844 26
365 838 26
365 832 26
365 826 26
365 820 26
365 814 26
365 808 26
365 802 26
365 796 26
365 790 26
365 784 26
365 778 26
365 772 26
365 766 26
365 760 26
365 754 26
365 748 26
365 742 26
365 736 26
365 730 27
365 724 27
365 718 27
365 712 27
365 706 27
365 700 27
365 694 27
365 688 27
365 682 27
365 676 27
365 670 27
365 664 27
365 658 27
365 652 27
365 646 27
365 640 27
365 634 27
365 628 27
365 622 27
365 616 27
365 610 27
365 604 27
365 598 27
365 592 27
365 586 27
371 586 27
371 592 27
371 598 27
371 604 27
371 610 27
371 616 27
371 622 27
371 628 27
371 634 27
371 640 27
371 646 27
371 652 27
371 658 27
371 664 27
371 670 27
371 676 28
371 682 28
371 688 28
371 694 28
371 700 28
371 706 28
371 712 28
371 718 28
371 724 28
371 730 28
371 736 28
371 742 28
371 748 28
371 754 28
371 760 28
371 766 28
371 772 28
371 778 28
371 784 28
371 790 28
371 796 28
371 802 28
371 808 28
371 814 28
371 820 28
371 826 28
371 832 28
371 838 28
371 844 28
371 850 28
371 856 28
371 862 28
371 868 28
371 874 28
371 880 28
371 886 28
371 892 28
371 898 28
377 898 28
377 892 28
377 886 29
377 880 29
377 874 29
377 868 29
377 862 29
377 856 29
377 850 29
377 844 29
377 838 29
377 832 29
377 826 29
377 820 29
377 814 29
377 808 29
377 802 29
377 796 29
377 790 29
377 784 29
377 778 29
377 772 29
377 766 29
377 760 29
377 754 29
377 748 29
377 742 29
377 736 29
377 730 29
377 724 29
377 718 29
377 712 29
377 706 29
377 700 29
377 694 29
377 688 29
377 682 29
377 676 29
377 670 29
377 664 29
377 658 29
377 652 29
377 646 30
377 640 30
377 634 30
377 628 30
377 622 30
377 616 30
377 610 30
377 604 30
377 598 30
377 592 30
377 586 30
383 586 30
383 592 30
383 598 30
383 604 30
383 610 30
383 616 30
383 622 30
383 628 30
383 634 30
383 640 30
383 646 30
383 652 30
383 658 30
383 664 30
383 670 30
383 676 30
383 682 30
383 688 30
383 694 30
383 700 30
383 706 30
383 712 30
383 718 30
383 724 30
383 730 30
383 736 30
383 742 30
383 748 30
383 754 30
383 760 31
383 766 31
383 772 31
383 778 31
383 784 31
383 790 31
383 796 31
383 802 31
383 808 31
383 814 31
383 820 31
383 826 31
383 832 31
383 838 31
383 844 31
383 850 31
383 856 31
383 862 31
383 868 31
383 874 31
383 880 31
383 886 31
383 892 31
383 898 31
389 898 31
389 892 31
389 886 31
389 880 31
389 874 31
389 868 31
389 862 31
389 856 31
389 850 31
389 844 31
389 838 31
389 832 31
389 826 31
389 820 31
389 814 31
389 808 31
389 802 32
389 796 32
389 790 32
389 784 32
389 778 32
389 772 32
389 766 32
389 760 32
389 754 32
389 748 32
389 742 32
389 736 32
389 730 32
389 724 32
389 718 32
389 712 32
389 706 32
389 700 32
389 694 32
389 688 32
389 682 32
389 676 32
389 670 32
389 664 32
389 658 32
389 652 32
389 646 32
389 640 32
389 634 32
389 628 32
389 622 32
389 616 32
389 610 32
389 604 32
389 598 32
389 592 32
389 586 32
395 586 32
395 592 32
395 598 32
395 604 33
395 610 33
395 616 33
395 622 33
395 628 33
395 634 33
395 640 33
395 646 33
395 652 33
395 658 33
395 664 33
395 670 33
395 676 33
395 682 33
395 688 33
395 694 33
395 700 33
395 706 33
395 712 33
395 718 33
395 724 33
395 730 33
395 736 33
395 742 33
395 748 33
395 754 33
395 760 33
395 766 33
395 772 33
395 778 33
395 784 33
395 790 33
395 796 33
395 802 33
395 808 33
395 814 33
395 820 33
395 826 33
395 832 33
395 838 33
395 844 34
395 850 34
395 856 34
395 862 34
395 868 34
395 874 34
395 880 34
395 886 34
395 892 34
395 898 34
401 898 34
401 892 34
401 886 34
401 880 34
401 874 34
401 868 34
401 862 34
401 856 34
401 850 34
401 844 34
401 838 34
401 832 34
401 826 34
401 820 34
401 814 34
401 808 34
401 802 34
401 796 34
401 790 34
401 784 34
401 778 34
401 772 34
401 766 34
401 760 34
401 754 34
401 748 34
401 742 34
401 736 34
401 730 34
401 724 34
401 718 35
401 712 35
401 706 35
401 700 35
401 694 35
401 688 35
401 682 35
401 676 35
401 670 35
401 664 35
401 658 35
401 652 35
401 646 35
401 640 35
401 634 35
401 628 35
401 622 35
401 616 35
401 610 35
401 604 35
401 598 35
401 592 35
401 586 35
407 586 35
407 592 35
407 598 35
407 604 35
407 610 35
407 616 35
407 622 35
407 628 35
407 634 35
407 640 35
407 646 35
407 652 35
407 658 35
407 664 35
407 670 35
407 676 35
407 682 35
407 688 36
407 694 36
407 700 36
407 706 36
407 712 36
407 718 36
407 724 36
407 730 36
407 736 36
407 742 36
407 748 36
407 754 36
407 760 36
407 766 36
407 772 36
407 778 36
407 784 36
407 790 36
407 796 36
407 802 36
407 808 36
407 814 36
407 820 36
407 826 36
407 832 36
407 838 36
407 844 36
407 850 36
407 856 36
407 862 36
407 868 36
407 874 36
407 880 36
407 886 36
407 892 36
407 898 36
413 898 36
413 892 36
413 886 36
413 880 36
413 874 37
413 868 37
413 862 37
413 856 37
413 850 37
413 844 37
413 838 37
413 832 37
413 826 37
413 820 37
413 814 37
413 808 37
413 802 37
413 796 37
413 790 37
413 784 37
413 778 37
413 772 37
413 766 37
413 760 37
413 754 37
413 748 37
413 742 37
413 736 37
413 730 37
413 724 37
413 718 37
413 712 37
413 706 37
413 700 37
413 694 37
413 688 37
413 682 37
413 676 37
413 670 37
413 664 37
413 658 37
413 652 37
413 646 37
413 640 37
413 634 38
413 628 38
413 622 38
413 616 38
413 610 38
413 604 38
413 598 38
413 592 38
413 586 38
419 586 38
419 592 38
419 598 38
419 604 38
419 610 38
419 616 38
419 622 38
419 628 38
419 634 38
419 640 38
419 646 38
419 652 38
419 658 38
419 664 38
419 670 38
419 676 38
419 682 38
419 688 38
419 694 38
419 700 38
419 706 38
419 712 38
419 718 38
419 724 38
419 730 38
419 736 38
419 742 38
419 748 38
419 754 38
419 760 38
419 766 38
419 772 39
419 778 39
419 784 39
419 790 39
419 796 39
419 802 39
419 808 39
419 814 39
419 820 39
419 826 39
419 832 39
419 838 39
419 844 39
419 850 39
419 856 39
419 862 39
419 868 39
419 874 39
419 880 39
419 886 39
419 892 39
419 898 39
425 898 39
425 892 39
425 886 39
425 880 39
425 874 39
425 868 39
425 862 39
425 856 39
425 850 39
425 844 39
425 838 39
425 832 39
425 826 39
425 820 39
425 814 39
425 808 39
425 802 39
425 796 39
425 790 40
425 784 40
425 778 40
425 772 40
425 766 40
425 760 40
425 754 40
425 748 40
425 742 40
425 736 40
425 730 40
425 724 40
425 718 40
425 712 40
425 706 40
425 700 40
425 694 40
425 688 40
425 682 40
425 676 40
425 670 40
425 664 40
425 658 40
425 652 40
425 646 40
425 640 40
425 634 40
425 628 40
425 622 40
425 616 40
425 610 40
425 604 40
425 598 40
425 592 40
425 586 40
431 586 40
431 592 40
431 598 40
431 604 40
431 610 40
431 616 41
431 622 41
431 628 41
431 634 41
431 640 41
431 646 41
431 652 41
431 658 41
431 664 41
431 670 41
431 676 41
431 682 41
431 688 41
431 694 41
431 700 41
431 706 41
431 712 41
431 718 41
431 724 41
431 730 41
431 736 41
431 742 41
431 748 41
431 754 41
431 760 41
431 766 41
431 772 41
431 778 41
431 784 41
431 790 41
431 796 41
431 802 41
431 808 41
431 814 41
431 820 41
431 826 41
431 832 41
431 838 41
431 844 41
431 850 41
431 856 42
431 862 42
431 868 42
431 874 42
431 880 42
431 886 42
431 892 42
431 898 42
437 898 42
437 892 42
437 886 42
437 880 42
437 874 42
437 868 42
437 862 42
437 856 42
437 850 42
437 844 42
437 838 42
437 832 42
437 826 42
437 820 42
437 814 42
437 808 42
437 802 42
437 796 42
437 790 42
437 784 42
437 778 42
437 772 42
437 766 42
437 760 42
437 754 42
437 748 42
437 742 42
437 736 42
437 730 42
437 724 42
437 718 42
437 712 42
437 706 43
437 700 43
437 694 43
437 688 43
437 682 43
437 676 43
437 670 43
437 664 43
437 658 43
437 652 43
437 646 43
437 640 43
437 634 43
437 628 43
437 622 43
437 616 43
437 610 43
437 604 43
437 598 43
437 592 43
437 586 43
443 586 43
443 592 43
443 598 43
443 604 43
443 610 43
443 616 43
443 622 43
443 628 43
443 634 43
443 640 43
443 646 43
443 652 43
443 658 43
443 664 43
443 670 43
443 676 43
443 682 43
443 688 43
443 694 43
443 700 44
443 706 44
443 712 44
443 718 44
443 724 44
443 730 44
443 736 44
443 742 44
443 748 44
443 754 44
443 760 44
443 766 44
443 772 44
443 778 44
443 784 44
443 790 44
443 796 44
443 802 44
443 808 44
443 814 44
443 820 44
443 826 44
443 832 44
443 838 44
443 844 44
443 850 44
443 856 44
443 862 44
443 868 44
443 874 44
443 880 44
443 886 44
443 892 44
443 898 44
449 898 44
449 892 44
449 886 44
449 880 44
449 874 44
449 868 44
449 862 45
449 856 45
449 850 45
449 844 45
449 838 45
449 832 45
449 826 45
449 820 45
449 814 45
449 808 45
449 802 45
449 796 45
449 790 45
449 784 45
449 778 45
449 772 45
449 766 45
449 760 45
449 754 45
449 748 45
449 742 45
449 736 45
449 730 45
449 724 45
449 718 45
449 712 45
449 706 45
449 700 45
449 694 45
449 688 45
449 682 45
449 676 45
449 670 45
449 664 45
449 658 45
449 652 45
449 646 45
449 640 45
449 634 45
449 628 45
449 622 46
449 616 46
449 610 46
449 604 46
449 598 46
449 592 46
449 586 46
455 586 46
455 592 46
455 598 46
455 604 46
455 610 46
455 616 46
455 622 46
455 628 46
455 634 46
455 640 46
455 646 46
455 652 46
455 658 46
455 664 46
455 670 46
455 676 46
455 682 46
455 688 46
455 694 46
455 700 46
455 706 46
455 712 46
455 718 46
455 724 46
455 730 46
455 736 46
455 742 46
455 748 46
455 754 46
455 760 46
455 766 46
455 772 46
455 778 46
455 784 47
455 790 47
455 796 47
455 802 47
455 808 47
455 814 47
455 820 47
455 826 47
455 832 47
455 838 47
455 844 47
455 850 47
455 856 47
455 862 47
455 868 47
455 874 47
455 880 47
455 886 47
455 892 47
455 898 47
461 1024 47
461 1018 47
461 1012 47
461 1006 47
461 1000 47
461 994 47
461 988 47
461 982 47
461 976 47
461 970 47
461 964 47
461 958 47
461 952 47
461 946 47
461 940 47
461 934 47
461 928 47
461 922 47
461 916 47
461 910 47
461 904 48
461 898 48
461 892 48
461 886 48
461 880 48
461 874 48
461 868 48
461 862 48
461 856 48
461 850 48
461 844 48
461 838 48
461 832 48
461 826 48
461 820 48
461 814 48
461 808 48
461 802 48
461 796 48
461 790 48
461 784 48
461 778 48
461 772 48
461 766 48
461 760 48
461 754 48
461 748 48
461 742 48
461 736 48
461 730 48
461 724 48
461 718 48
461 712 48
461 706 48
461 700 48
461 694 48
461 688 48
461 682 48
461 676 48
461 670 48
461 664 49
461 658 49
461 652 49
461 646 49
461 640 49
461 634 49
461 628 49
461 622 49
461 616 49
461 610 49
461 604 49
461 598 49
461 592 49
461 586 49
467 586 49
467 592 49
467 598 49
467 604 49
467 610 49
467 616 49
467 622 49
467 628 49
467 634 49
467 640 49
467 646 49
467 652 49
467 658 49
467 664 49
467 670 49
467 676 49
467 682 49
467 688 49
467 694 49
467 700 49
467 706 49
467 712 49
467 718 49
467 724 49
467 730 49
467 736 49
467 742 50
467 748 50
467 754 50
467 760 50
467 766 50
467 772 50
467 778 50
467 784 50
467 790 50
467 796 50
467 802 50
467 808 50
467 814 50
467 820 50
467 826 50
467 832 50
467 838 50
467 844 50
467 850 50
467 856 50
467 862 50
467 868 50
467 874 50
467 880 50
467 886 50
467 892 50
467 898 50
467 904 50
467 910 50
467 916 50
467 922 50
467 928 50
467 934 50
467 940 50
467 946 50
467 952 50
467 958 50
467 964 50
467 970 50
467 976 50
467 982 51
467 988 51
467 994 51
467 1000 51
467 1006 51
467 1012 51
467 1018 51
467 1024 51
473 1024 51
473 1018 51
473 1012 51
473 1006 51
473 1000 51
473 994 51
473 988 51
473 982 51
473 976 51
473 970 51
473 964 51
473 958 51
473 952 51
473 946 51
473 940 51
473 934 51
473 928 51
473 922 51
473 916 51
473 910 51
473 904 51
473 898 51
473 892 51
473 886 51
473 880 51
473 874 51
473 868 51
473 862 51
473 856 51
473 850 51
473 844 51
473 838 51
473 832 52
473 826 52
473 820 52
473 814 52
473 808 52
473 802 52
473 796 52
473 790 52
473 784 52
473 778 52
473 772 52
473 766 52
473 760 52
473 754 52
473 748 52
473 742 52
473 736 52
473 730 52
473 724 52
473 718 52
473 712 52
473 706 52
473 700 52
473 694 52
473 688 52
473 682 52
473 676 52
473 670 52
473 664 52
473 658 52
473 652 52
473 646 52
473 640 52
473 634 52
473 628 52
473 622 52
473 616 52
473 610 52
473 604 52
473 598 52
473 592 53
473 586 53
479 586 53
479 592 53
479 598 53
479 604 53
479 610 53
479 616 53
479 622 53
479 628 53
479 634 53
479 640 53
479 646 53
479 652 53
479 658 53
479 664 53
479 670 53
479 676 53
479 682 53
479 688 53
479 694 53
479 700 53
479 706 53
479 712 53
479 718 53
479 724 53
479 730 53
479 736 53
479 742 53
479 748 53
479 754 53
479 760 53
479 766 53
479 772 53
479 778 53
479 784 53
479 790 53
479 796 53
479 802 53
479 808 53
479 814 54
479 820 54
479 826 54
479 832 54
479 838 54
479 844 54
479 850 54
479 856 54
479 862 54
479 868 54
479 874 54
479 880 54
479 886 54
479 892 54
479 898 54
479 904 54
479 910 54
479 916 54
479 922 54
479 928 54
479 934 54
479 940 54
479 946 54
479 952 54
479 958 54
479 964 54
479 970 54
479 976 54
479 982 54
479 988 54
479 994 54
479 1000 54
479 1006 54
479 1012 54
479 1018 54
479 1024 54
485 1024 54
485 1018 54
485 1012 54
485 1006 54
485 1000 55
485 994 55
485 988 55
485 982 55
485 976 55
485 970 55
485 964 55
485 958 55
485 952 55
485 946 55
485 940 55
485 934 55
485 928 55
485 922 55
485 916 55
485 910 55
485 904 55
485 898 55
485 892 55
485 886 55
485 880 55
485 874 55
485 868 55
485 862 55
485 856 55
485 850 55
485 844 55
485 838 55
485 832 55
485 826 55
485 820 55
485 814 55
485 808 55
485 802 55
485 796 55
485 790 55
485 784 55
485 778 55
485 772 55
485 766 55
485 760 56
485 754 56
485 748 56
485 742 56
485 736 56
485 730 56
485 724 56
485 718 56
485 712 56
485 706 56
485 700 56
485 694 56
485 688 56
485 682 56
485 676 56
485 670 56
485 664 56
485 658 56
485 652 56
485 646 56
485 640 56
485 634 56
485 628 56
485 622 56
485 616 56
485 610 56
485 604 56
485 598 56
485 592 56
485 586 56
491 586 56
491 592 56
491 598 56
491 604 56
491 610 56
491 616 56
491 622 56
491 628 56
491 634 56
491 640 56
491 646 57
491 652 57
491 658 57
491 664 57
491 670 57
491 676 57
491 682 57
491 688 57
491 694 57
491 700 57
491 706 57
491 712 57
491 718 57
491 724 57
491 730 57
491 736 57
491 742 57
491 748 57
491 754 57
491 760 57
491 766 57
491 772 57
491 778 57
491 784 57
491 790 57
491 796 57
491 802 57
491 808 57
491 814 57
491 820 57
491 826 57
491 832 57
491 838 57
491 844 57
491 850 57
491 856 57
491 862 57
491 868 57
491 874 57
491 880 57
491 886 58
491 892 58
491 898 58
491 904 58
491 910 58
491 916 58
491 922 58
491 928 58
491 934 58
491 940 58
491 946 58
491 952 58
491 958 58
491 964 58
491 970 58
491 976 58
491 982 58
491 988 58
491 994 58
491 1000 58
491 1006 58
491 1012 58
491 1018 58
491 1024 58
497 1024 58
497 1018 58
497 1012 58
497 1006 58
497 1000 58
497 994 58
497 988 58
497 982 58
497 976 58
497 970 58
497 964 58
497 958 58
497 952 58
497 946 58
497 940 58
497 934 58
497 928 59
497 922 59
497 916 59
497 910 59
497 904 59
497 898 59
497 892 59
497 886 59
497 880 59
497 874 59
497 868 59
497 862 59
497 856 59
497 850 59
497 844 59
497 838 59
497 832 59
497 826 59
497 820 59
497 814 59
497 808 59
497 802 59
497 796 59
497 790 59
497 784 59
497 778 59
497 772 59
497 766 59
497 760 59
497 754 59
497 748 59
497 742 59
497 736 59
497 730 59
497 724 59
497 718 59
497 712 59
497 706 59
497 700 59
497 694 59
497 688 60
497 682 60
497 676 60
497 670 60
497 664 60
497 658 60
497 652 60
497 646 60
497 640 60
497 634 60
497 628 60
497 622 60
497 616 60
497 610 60
497 604 60
497 598 60
497 592 60
497 586 60
503 586 60
503 592 60
503 598 60
503 604 60
503 610 60
503 616 60
503 622 60
503 628 60
503 634 60
503 640 60
503 646 60
503 652 60
503 658 60
503 664 60
503 670 60
503 676 60
503 682 60
503 688 60
503 694 60
503 700 60
503 706 60
503 712 60
503 718 61
503 724 61
503 730 61
503 736 61
503 742 61
503 748 61
503 754 61
503 760 61
503 766 61
503 772 61
503 778 61
503 784 61
503 790 61
503 796 61
503 802 61
503 808 61
503 814 61
503 820 61
503 826 61
503 832 61
503 838 61
503 844 61
503 850 61
503 856 61
503 862 61
503 868 61
503 874 61
503 880 61
503 886 61
503 892 61
503 898 61
503 904 61
503 910 61
503 916 61
503 922 61
503 928 61
503 934 61
503 940 61
503 946 61
503 952 61
503 958 62
503 964 62
503 970 62
503 976 62
503 982 62
503 988 62
503 994 62
503 1000 62
503 1006 62
503 1012 62
503 1018 62
503 1024 62
509 1024 62
509 1018 62
509 1012 62
509 1006 62
509 1000 62
509 994 62
509 988 62
509 982 62
509 976 62
509 970 62
509 964 62
509 958 62
509 952 62
509 946 62
509 940 62
509 934 62
509 928 62
509 922 62
509 916 62
509 910 62
509 904 62
509 898 62
509 892 62
509 886 62
509 880 62
509 874 62
509 868 62
509 862 62
509 856 63
509 850 63
509 844 63
509 838 63
509 832 63
509 826 63
509 820 63
509 814 63
509 808 63
509 802 63
509 796 63
509 790 63
509 784 63
509 778 63
509 772 63
509 766 63
509 760 63
509 754 63
509 748 63
509 742 63
509 736 63
509 730 63
509 724 63
509 718 63
509 712 63
509 706 63
509 700 63
509 694 63
509 688 63
509 682 63
509 676 63
509 670 63
509 664 63
509 658 63
509 652 63
509 646 63
509 640 63
509 634 63
509 628 63
509 622 63
509 616 64
509 610 64
509 604 64
509 598 64
509 592 64
509 586 64
515 586 64
515 592 64
515 598 64
515 604 64
515 610 64
515 616 64
515 622 64
515 628 64
515 634 64
515 640 64
515 646 64
515 652 64
515 658 64
515 664 64
515 670 64
515 676 64
515 682 64
515 688 64
515 694 64
515 700 64
515 706 64
515 712 64
515 718 64
515 724 64
515 730 64
515 736 64
515 742 64
515 748 64
515 754 64
515 760 64
515 766 64
515 772 64
515 778 64
515 784 64
515 790 65
515 796 65
515 802 65
515 808 65
515 814 65
515 820 65
515 826 65
515 832 65
515 838 65
515 844 65
515 850 65
515 856 65
515 862 65
515 868 65
515 874 65
515 880 65
515 886 65
515 892 65
515 898 65
515 904 65
515 910 65
515 916 65
515 922 65
515 928 65
515 934 65
515 940 65
515 946 65
515 952 65
515 958 65
515 964 65
515 970 65
515 976 65
515 982 65
515 988 65
515 994 65
515 1000 65
515 1006 65
515 1012 65
515 1018 65
515 1024 65
521 1024 66
521 1018 66
521 1012 66
521 1006 66
521 1000 66
521 994 66
521 988 66
521 982 66
521 976 66
521 970 66
521 964 66
521 958 66
521 952 66
521 946 66
521 940 66
521 934 66
521 928 66
521 922 66
521 916 66
521 910 66
521 904 66
521 898 66
521 892 66
521 886 66
521 880 66
521 874 66
521 868 66
521 862 66
521 856 66
521 850 66
521 844 66
521 838 66
521 832 66
521 826 66
521 820 66
521 814 66
521 808 66
521 802 66
521 796 66
521 790 66
521 784 67
521 778 67
521 772 67
521 766 67
521 760 67
521 754 67
521 748 67
521 742 67
521 736 67
521 730 67
521 724 67
521 718 67
521 712 67
521 706 67
521 700 67
521 694 67
521 688 67
521 682 67
521 676 67
521 670 67
521 664 67
521 658 67
521 652 67
521 646 67
521 640 67
521 634 67
521 628 67
521 622 67
521 616 67
521 610 67
521 604 67
521 598 67
521 592 67
521 586 67
527 586 67
527 592 67
527 598 67
527 604 67
527 610 67
527 616 67
527 622 68
527 628 68
527 634 68
527 640 68
527 646 68
527 652 68
527 658 68
527 664 68
527 670 68
527 676 68
527 682 68
527 688 68
527 694 68
527 700 68
527 706 68
527 712 68
527 718 68
527 724 68
527 730 68
527 736 68
527 742 68
527 748 68
527 754 68
527 760 68
527 766 68
527 772 68
527 778 68
527 784 68
527 790 68
527 796 68
527 802 68
527 808 68
527 814 68
527 820 68
527 826 68
527 832 68
527 838 68
527 844 68
527 850 68
527 856 68
527 862 69
527 868 69
527 874 69
527 880 69
527 886 69
527 892 69
527 898 69
527 904 69
527 910 69
527 916 69
527 922 69
527 928 69
527 934 69
527 940 69
527 946 69
527 952 69
527 958 69
527 964 69
527 970 69
527 976 69
527 982 69
527 988 69
527 994 69
527 1000 69
527 1006 69
527 1012 69
527 1018 69
527 1024 69
533 1024 69
533 1018 69
533 1012 69
533 1006 69
533 1000 69
533 994 69
533 988 69
533 982 69
533 976 69
533 970 69
533 964 69
533 958 69
533 952 70
533 946 70
533 940 70
533 934 70
533 928 70
533 922 70
533 916 70
533 910 70
533 904 70
533 898 70
533 892 70
533 886 70
533 880 70
533 874 70
533 868 70
533 862 70
533 856 70
533 850 70
533 844 70
533 838 70
533 832 70
533 826 70
533 820 70
533 814 70
533 808 70
533 802 70
533 796 70
533 790 70
533 784 70
533 778 70
533 772 70
533 766 70
533 760 70
533 754 70
533 748 70
533 742 70
533 736 70
533 730 70
533 724 70
533 718 70
533 712 71
533 706 71
533 700 71
533 694 71
533 688 71
533 682 71
533 676 71
533 670 71
533 664 71
533 658 71
533 652 71
533 646 71
533 640 71
533 634 71
533 628 71
533 622 71
533 616 71
533 610 71
533 604 71
533 598 71
533 592 71
533 586 71
539 586 71
539 592 71
539 598 71
539 604 71
539 610 71
539 616 71
539 622 71
539 628 71
539 634 71
539 640 71
539 646 71
539 652 71
539 658 71
539 664 71
539 670 71
539 676 71
539 682 71
539 688 71
539 694 72
539 700 72
539 706 72
539 712 72
539 718 72
539 724 72
539 730 72
539 736 72
539 742 72
539 748 72
539 754 72
539 760 72
539 766 72
539 772 72
539 778 72
539 784 72
539 790 72
539 796 72
539 802 72
539 808 72
539 814 72
539 820 72
539 826 72
539 832 72
539 838 72
539 844 72
539 850 72
539 856 72
539 862 72
539 868 72
539 874 72
539 880 72
539 886 72
539 892 72
539 898 72
539 904 72
539 910 72
539 916 72
539 922 72
539 928 72
539 934 73
539 940 73
539 946 73
539 952 73
539 958 73
539 964 73
539 970 73
539 976 73
539 982 73
539 988 73
539 994 73
539 1000 73
539 1006 73
539 1012 73
539 1018 73
539 1024 73
545 1024 73
545 1018 73
545 1012 73
545 1006 73
545 1000 73
545 994 73
545 988 73
545 982 73
545 976 73
545 970 73
545 964 73
545 958 73
545 952 73
545 946 73
545 940 73
545 934 73
545 928 73
545 922 73
545 916 73
545 910 73
545 904 73
545 898 73
545 892 73
545 886 73
545 880 74
545 874 74
545 868 74
545 862 74
545 856 74
545 850 74
545 844 74
545 838 74
545 832 74
545 826 74
545 820 74
545 814 74
545 808 74
545 802 74
545 796 74
545 790 74
545 784 74
545 778 74
545 772 74
545 766 74
545 760 74
545 754 74
545 748 74
545 742 74
545 736 74
545 730 74
545 724 74
545 718 74
545 712 74
545 706 74
545 700 74
545 694 74
545 688 74
545 682 74
545 676 74
545 670 74
545 664 74
545 658 74
545 652 74
545 646 74
545 640 75
545 634 75
545 628 75
545 622 75
545 616 75
545 610 75
545 604 75
545 598 75
545 592 75
545 586 75
551 586 75
551 592 75
551 598 75
551 604 75
551 610 75
551 616 75
551 622 75
551 628 75
551 634 75
551 640 75
551 646 75
551 652 75
551 658 75
551 664 75
551 670 75
551 676 75
551 682 75
551 688 75
551 694 75
551 700 75
551 706 75
551 712 75
551 718 75
551 724 75
551 730 75
551 736 75
551 742 75
551 748 75
551 754 75
551 760 75
551 766 76
551 772 76
551 778 76
551 784 76
551 790 76
551 796 76
551 802 76
551 808 76
551 814 76
551 820 76
551 826 76
551 832 76
551 838 76
551 844 76
551 850 76
551 856 76
551 862 76
551 868 76
551 874 76
551 880 76
551 886 76
551 892 76
551 898 76
551 904 76
551 910 76
551 916 76
551 922 76
551 928 76
551 934 76
551 940 76
551 946 76
551 952 76
551 958 76
551 964 76
551 970 76
551 976 76
551 982 76
551 988 76
551 994 76
551 1000 76
551 1006 77
551 1012 77
551 1018 77
551 1024 77
557 1024 77
557 1018 77
557 1012 77
557 1006 77
557 1000 77
557 994 77
557 988 77
557 982 77
557 976 77
557 970 77
557 964 77
557 958 77
557 952 77
557 946 77
557 940 77
557 934 77
557 928 77
557 922 77
557 916 77
557 910 77
557 904 77
557 898 77
557 892 77
557 886 77
557 880 77
557 874 77
557 868 77
557 862 77
557 856 77
557 850 77
557 844 77
557 838 77
557 832 77
557 826 77
557 820 77
557 814 77
557 808 78
557 802 78
557 796 78
557 790 78
557 784 78
557 778 78
557 772 78
557 766 78
557 760 78
557 754 78
557 748 78
557 742 78
557 736 78
557 730 78
557 724 78
557 718 78
557 712 78
557 706 78
557 700 78
557 694 78
557 688 78
557 682 78
557 676 78
557 670 78
557 664 78
557 658 78
557 652 78
557 646 78
557 640 78
557 634 78
557 628 78
557 622 78
557 616 78
557 610 78
557 604 78
557 598 78
557 592 78
557 586 78
563 586 78
563 592 78
563 598 79
563 604 79
563 610 79
563 616 79
563 622 79
563 628 79
563 634 79
563 640 79
563 646 79
563 652 79
563 658 79
563 664 79
563 670 79
563 676 79
563 682 79
563 688 79
563 694 79
563 700 79
563 706 79
563 712 79
563 718 79
563 724 79
563 730 79
563 736 79
563 742 79
563 748 79
563 754 79
563 760 79
563 766 79
563 772 79
563 778 79
563 784 79
563 790 79
563 796 79
563 802 79
563 808 79
563 814 79
563 820 79
563 826 79
563 832 79
563 838 80
563 844 80
563 850 80
563 856 80
563 862 80
563 868 80
563 874 80
563 880 80
563 886 80
563 892 80
563 898 80
563 904 80
563 910 80
563 916 80
563 922 80
563 928 80
563 934 80
563 940 80
563 946 80
563 952 80
563 958 80
563 964 80
563 970 80
563 976 80
563 982 80
563 988 80
563 994 80
563 1000 80
563 1006 80
563 1012 80
563 1018 80
563 1024 80
569 1024 80
569 1018 80
569 1012 80
569 1006 80
569 1000 80
569 994 80
569 988 80
569 982 80
569 976 81
569 970 81
569 964 81
569 958 81
569 952 81
569 946 81
569 940 81
569 934 81
569 928 81
569 922 81
569 916 81
569 910 81
569 904 81
569 898 81
569 892 81
569 886 81
569 880 81
569 874 81
569 868 81
569 862 81
569 856 81
569 850 81
569 844 81
569 838 81
569 832 81
569 826 81
569 820 81
569 814 81
569 808 81
569 802 81
569 796 81
569 790 81
569 784 81
569 778 81
569 772 81
569 766 81
569 760 81
569 754 81
569 748 81
569 742 81
569 736 82
569 730 82
569 724 82
569 718 82
569 712 82
569 706 82
569 700 82
569 694 82
569 688 82
569 682 82
569 676 82
569 670 82
569 664 82
569 658 82
569 652 82
569 646 82
569 640 82
569 634 82
569 628 82
569 622 82
569 616 82
569 610 82
569 604 82
569 598 82
569 592 82
569 586 82
575 586 82
575 592 82
575 598 82
575 604 82
575 610 82
575 616 82
575 622 82
575 628 82
575 634 82
575 640 82
575 646 82
575 652 82
575 658 82
575 664 82
575 670 83
575 676 83
575 682 83
575 688 83
575 694 83
575 700 83
575 706 83
575 712 83
575 718 83
575 724 83
575 730 83
575 736 83
575 742 83
575 748 83
575 754 83
575 760 83
575 766 83
575 772 83
575 778 83
575 784 83
575 790 83
575 796 83
575 802 83
575 808 83
575 814 83
575 820 83
575 826 83
575 832 83
575 838 83
575 844 83
575 850 83
575 856 83
575 862 83
575 868 83
575 874 83
575 880 83
575 886 83
575 892 83
575 898 83
575 904 83
575 910 84
575 916 84
575 922 84
575 928 84
575 934 84
575 940 84
575 946 84
575 952 84
575 958 84
575 964 84
575 970 84
575 976 84
575 982 84
575 988 84
575 994 84
575 1000 84
575 1006 84
575 1012 84
575 1018 84
575 1024 84
581 1024 84
581 1018 84
581 1012 84
581 1006 84
581 1000 84
581 994 84
581 988 84
581 982 84
581 976 84
581 970 84
581 964 84
581 958 84
581 952 84
581 946 84
581 940 84
581 934 84
581 928 84
581 922 84
581 916 84
581 910 84
581 904 85
581 898 85
581 892 85
581 886 85
581 880 85
581 874 85
581 868 85
581 862 85
581 856 85
581 850 85
581 844 85
581 838 85
581 832 85
581 826 85
581 820 85
581 814 85
581 808 85
581 802 85
581 796 85
581 790 85
581 784 85
581 778 85
581 772 85
581 766 85
581 760 85
581 754 85
581 748 85
581 742 85
581 736 85
581 730 85
581 724 85
581 718 85
581 712 85
581 706 85
581 700 85
581 694 85
581 688 85
581 682 85
581 676 85
581 670 85
581 664 86
581 658 86
581 652 86
581 646 86
581 640 86
581 634 86
581 628 86
581 622 86
581 616 86
581 610 86
581 604 86
581 598 86
581 592 86
581 586 86
587 586 86
587 592 86
587 598 86
587 604 86
587 610 86
587 616 86
587 622 86
587 628 86
587 634 86
587 640 86
587 646 86
587 652 86
587 658 86
587 664 86
587 670 86
587 676 86
587 682 86
587 688 86
587 694 86
587 700 86
587 706 86
587 712 86
587 718 86
587 724 86
587 730 86
587 736 86
587 742 87
587 748 87
587 754 87
587 760 87
587 766 87
587 772 87
587 778 87
587 784 87
587 790 87
587 796 87
587 802 87
587 808 87
587 814 87
587 820 87
587 826 87
587 832 87
587 838 87
587 844 87
587 850 87
587 856 87
587 862 87
587 868 87
587 874 87
587 880 87
587 886 87
587 892 87
587 898 87
587 904 87
587 910 87
587 916 87
587 922 87
587 928 87
587 934 87
587 940 87
587 946 87
587 952 87
587 958 87
587 964 87
587 970 87
587 976 87
587 982 88
587 988 88
587 994 88
587 1000 88
587 1006 88
587 1012 88
587 1018 88
587 1024 88
593 1024 88
593 1018 88
593 1012 88
593 1006 88
593 1000 88
593 994 88
593 988 88
593 982 88
593 976 88
593 970 88
593 964 88
593 958 88
593 952 88
593 946 88
593 940 88
593 934 88
593 928 88
593 922 88
593 916 88
593 910 88
593 904 88
593 898 88
593 892 88
593 886 88
593 880 88
593 874 88
593 868 88
593 862 88
593 856 88
593 850 88
593 844 88
593 838 88
593 832 89
593 826 89
593 820 89
593 814 89
593 808 89
593 802 89
593 796 89
593 790 89
593 784 89
593 778 89
593 772 89
593 766 89
593 760 89
593 754 89
593 748 89
593 742 89
593 736 89
593 730 89
593 724 89
593 718 89
593 712 89
593 706 89
593 700 89
593 694 89
593 688 89
593 682 89
593 676 89
593 670 89
593 664 89
593 658 89
593 652 89
593 646 89
593 640 89
593 634 89
593 628 89
593 622 89
593 616 89
593 610 89
593 604 89
593 598 89
593 592 90
593 586 90
599 586 90
599 592 90
599 598 90
599 604 90
599 610 90
599 616 90
599 622 90
599 628 90
599 634 90
599 640 90
599 646 90
599 652 90
599 658 90
599 664 90
599 670 90
599 676 90
599 682 90
599 688 90
599 694 90
599 700 90
599 706 90
599 712 90
599 718 90
599 724 90
599 730 90
599 736 90
599 742 90
599 748 90
599 754 90
599 760 90
599 766 90
599 772 90
599 778 90
599 784 90
599 790 90
599 796 90
599 802 90
599 808 90
599 814 91
599 820 91
599 826 91
599 832 91
599 838 91
599 844 91
599 850 91
599 856 91
599 862 91
599 868 91
599 874 91
599 880 91
599 886 91
599 892 91
599 898 91
599 904 91
599 910 91
599 916 91
599 922 91
599 928 91
599 934 91
599 940 91
599 946 91
599 952 91
599 958 91
599 964 91
599 970 91
599 976 91
599 982 91
599 988 91
599 994 91
599 1000 91
599 1006 91
599 1012 91
599 1018 91
599 1024 91
605 1024 91
605 1018 91
605 1012 91
605 1006 91
605 1000 92
605 994 92
605 988 92
605 982 92
605 976 92
605 970 92
605 964 92
605 958 92
605 952 92
605 946 92
605 940 92
605 934 92
605 928 92
605 922 92
605 916 92
605 910 92
605 904 92
605 898 92
605 892 92
605 886 92
605 880 92
605 874 92
605 868 92
605 862 92
605 856 92
605 850 92
605 844 92
605 838 92
605 832 92
605 826 92
605 820 92
605 814 92
605 808 92
605 802 92
605 796 92
605 790 92
605 784 92
605 778 92
605 772 92
605 766 92
605 760 93
605 754 93
605 748 93
605 742 93
605 736 93
605 730 93
605 724 93
605 718 93
605 712 93
605 706 93
605 700 93
605 694 93
605 688 93
605 682 93
605 676 93
605 670 93
605 664 93
605 658 93
605 652 93
605 646 93
605 640 93
605 634 93
605 628 93
605 622 93
605 616 93
605 610 93
605 604 93
605 598 93
605 592 93
605 586 93
611 586 93
611 592 93
611 598 93
611 604 93
611 610 93
611 616 93
611 622 93
611 628 93
611 634 93
611 640 93
611 646 94
611 652 94
611 658 94
611 664 94
611 670 94
611 676 94
611 682 94
611 688 94
611 694 94
611 700 94
611 706 94
611 712 94
611 718 94
611 724 94
611 730 94
611 736 94
611 742 94
611 748 94
611 754 94
611 760 94
611 766 94
611 772 94
611 778 94
611 784 94
611 790 94
611 796 94
611 802 94
611 808 94
611 814 94
611 820 94
611 826 94
611 832 94
611 838 94
611 844 94
611 850 94
611 856 94
611 862 94
611 868 94
611 874 94
611 880 94
611 886 95
611 892 95
611 898 95
611 904 95
611 910 95
611 916 95
611 922 95
611 928 95
611 934 95
611 940 95
611 946 95
611 952 95
611 958 95
611 964 95
611 970 95
611 976 95
611 982 95
611 988 95
611 994 95
611 1000 95
611 1006 95
611 1012 95
611 1018 95
611 1024 95
617 1024 95
617 1018 95
617 1012 95
617 1006 95
617 1000 95
617 994 95
617 988 95
617 982 95
617 976 95
617 970 95
617 964 95
617 958 95
617 952 95
617 946 95
617 940 95
617 934 95
617 928 96
617 922 96
617 916 96
617 910 96
617 904 96
617 898 96
617 892 96
617 886 96
617 880 96
617 874 96
617 868 96
617 862 96
617 856 96
617 850 96
617 844 96
617 838 96
617 832 96
617 826 96
617 820 96
617 814 96
617 808 96
617 802 96
617 796 96
617 790 96
617 784 96
617 778 96
617 772 96
617 766 96
617 760 96
617 754 96
617 748 96
617 742 96
617 736 96
617 730 96
617 724 96
617 718 96
617 712 96
617 706 96
617 700 96
617 694 96
617 688 97
617 682 97
617 676 97
617 670 97
617 664 97
617 658 97
617 652 97
617 646 97
617 640 97
617 634 97
617 628 97
617 622 97
617 616 97
617 610 97
617 604 97
617 598 97
617 592 97
617 586 97
623 586 97
623 592 97
623 598 97
623 604 97
623 610 97
623 616 97
623 622 97
623 628 97
623 634 97
623 640 97
623 646 97
623 652 97
623 658 97
623 664 97
623 670 97
623 676 97
623 682 97
623 688 97
623 694 97
623 700 97
623 706 97
623 712 97
623 718 98
623 724 98
623 730 98
623 736 98
623 742 98
623 748 98
623 754 98
623 760 98
623 766 98
623 772 98
623 778 98
623 784 98
623 790 98
623 796 98
623 802 98
623 808 98
623 814 98
623 820 98
623 826 98
623 832 98
623 838 98
623 844 98
623 850 98
623 856 98
623 862 98
623 868 98
623 874 98
623 880 98
623 886 98
623 892 98
623 898 98
623 904 98
623 910 98
623 916 98
623 922 98
623 928 98
623 934 98
623 940 98
623 946 98
623 952 98
623 958 99
623 964 99
623 970 99
623 976 99
623 982 99
623 988 99
623 994 99
623 1000 99
623 1006 99
623 1012 99
623 1018 99
623 1024 99
629 1024 99
629 1018 99
629 1012 99
629 1006 99
629 1000 99
629 994 99
629 988 99
629 982 99
629 976 99
629 970 99
629 964 99
629 958 99
629 952 99
629 946 99
629 940 99
629 934 99
629 928 99
629 922 99
629 916 99
629 910 99
629 904 99
629 898 99
629 892 99
629 886 99
629 880 99
629 874 99
629 868 99
629 862 99
629 856 100
629 850 100
629 844 100
629 838 100
629 832 100
629 826 100
629 820 100
629 814 100
629 808 100
629 802 100
629 796 100
629 790 100
629 784 100
629 778 100
629 772 100
629 766 100
629 760 100
629 754 100
629 748 100
629 742 100
629 736 100
629 730 100
629 724 100
629 718 100
629 712 100
629 706 100
629 700 100
629 694 100
629 688 100
629 682 100
629 676 100
629 670 100
629 664 100
629 658 100
629 652 100
629 646 100
629 640 100
629 634 100
629 628 100
629 622 100
629 616 101
629 610 101
629 604 101
629 598 101
629 592 101
629 586 101
635 586 101
635 592 101
635 598 101
635 604 101
635 610 101
635 616 101
635 622 101
635 628 101
635 634 101
635 640 101
635 646 101
635 652 101
635 658 101
635 664 101
635 670 101
635 676 101
635 682 101
635 688 101
635 694 101
635 700 101
635 706 101
635 712 101
635 718 101
635 724 101
635 730 101
635 736 101
635 742 101
635 748 101
635 754 101
635 760 101
635 766 101
635 772 101
635 778 101
635 784 101
635 790 102
635 796 102
635 802 102
635 808 102
635 814 102
635 820 102
635 826 102
635 832 102
635 838 102
635 844 102
635 850 102
635 856 102
635 862 102
635 868 102
635 874 102
635 880 102
635 886 102
635 892 102
635 898 102
635 904 102
635 910 102
635 916 102
635 922 102
635 928 102
635 934 102
635 940 102
635 946 102
635 952 102
635 958 102
635 964 102
635 970 102
635 976 102
635 982 102
635 988 102
635 994 102
635 1000 102
635 1006 102
635 1012 102
635 1018 102
635 1024 102
641 586 103
641 592 103
641 598 103
641 604 103
641 610 103
641 616 103
641 622 103
641 628 103
641 634 103
641 640 103
641 646 103
641 652 103
641 658 103
641 664 103
641 670 103
641 676 103
641 682 103
641 688 103
641 694 103
641 700 103
641 706 103
641 712 103
641 718 103
641 724 103
641 730 103
641 736 103
641 742 103
641 748 103
641 754 103
641 760 103
641 766 103
641 772 103
641 778 103
641 784 103
641 790 103
641 796 103
641 802 103
641 808 103
641 814 103
641 820 103
641 826 104
641 832 104
641 838 104
641 844 104
641 850 104
641 856 104
641 862 104
641 868 104
641 874 104
641 880 104
641 886 104
641 892 104
641 898 104
641 904 104
641 910 104
641 916 104
641 922 104
641 928 104
641 934 104
641 940 104
641 946 104
641 952 104
641 958 104
641 964 104
641 970 104
641 976 104
641 982 104
641 988 104
641 994 104
641 1000 104
641 1006 104
641 1012 104
641 1018 104
641 1024 104
