641 586 0
635 586 0
629 586 0
623 586 0
617 586 0
611 586 0
605 586 0
599 586 0
593 586 0
587 586 0
581 586 0
575 586 0
569 586 0
563 586 0
557 586 0
551 586 0
545 586 0
539 586 0
533 586 0
527 586 0
521 586 0
515 586 0
515 592 0
521 592 0
527 592 0
533 592 0
539 592 0
545 592 0
551 592 0
557 592 0
563 592 0
569 592 0
575 592 0
581 592 0
587 592 0
593 592 0
599 592 0
605 592 0
611 592 0
617 592 0
623 592 1
629 592 1
635 592 1
641 592 1
641 598 1
635 598 1
629 598 1
623 598 1
617 598 1
611 598 1
605 598 1
599 598 1
593 598 1
587 598 1
581 598 1
575 598 1
569 598 1
563 598 1
557 598 1
551 598 1
545 598 1
539 598 1
533 598 1
527 598 1
521 598 1
515 598 1
515 604 1
521 604 1
527 604 1
533 604 1
539 604 1
545 604 1
551 604 1
557 604 1
563 604 1
569 604 1
575 604 1
581 604 1
587 604 1
593 604 1
599 604 2
605 604 2
611 604 2
617 604 2
623 604 2
629 604 2
635 604 2
641 604 2
641 610 2
635 610 2
629 610 2
623 610 2
617 610 2
611 610 2
605 610 2
599 610 2
593 610 2
587 610 2
581 610 2
575 610 2
569 610 2
563 610 2
557 610 2
551 610 2
545 610 2
539 610 2
533 610 2
527 610 2
521 610 2
515 610 2
515 616 2
521 616 2
527 616 2
533 616 2
539 616 2
545 616 2
551 616 2
557 616 2
563 616 2
569 616 2
575 616 3
581 616 3
587 616 3
593 616 3
599 616 3
605 616 3
611 616 3
617 616 3
623 616 3
629 616 3
635 616 3
641 616 3
641 622 3
635 622 3
629 622 3
623 622 3
617 622 3
611 622 3
605 622 3
599 622 3
593 622 3
587 622 3
581 622 3
575 622 3
569 622 3
563 622 3
557 622 3
551 622 3
545 622 3
539 622 3
533 622 3
527 622 3
521 622 3
515 622 3
515 628 3
521 628 3
527 628 3
533 628 3
539 628 3
545 628 3
551 628 4
557 628 4
563 628 4
569 628 4
575 628 4
581 628 4
587 628 4
593 628 4
599 628 4
605 628 4
611 628 4
617 628 4
623 628 4
629 628 4
635 628 4
641 628 4
641 634 4
635 634 4
629 634 4
623 634 4
617 634 4
611 634 4
605 634 4
599 634 4
593 634 4
587 634 4
581 634 4
575 634 4
569 634 4
563 634 4
557 634 4
551 634 4
545 634 4
539 634 4
533 634 4
527 634 4
521 634 4
515 634 4
515 640 4
521 640 4
527 640 5
533 640 5
539 640 5
545 640 5
551 640 5
557 640 5
563 640 5
569 640 5
575 640 5
581 640 5
587 640 5
593 640 5
599 640 5
605 640 5
611 640 5
617 640 5
623 640 5
629 640 5
635 640 5
641 640 5
641 646 5
635 646 5
629 646 5
623 646 5
617 646 5
611 646 5
605 646 5
599 646 5
593 646 5
587 646 5
581 646 5
575 646 5
569 646 5
563 646 5
557 646 5
551 646 5
545 646 5
539 646 5
533 646 5
527 646 5
521 646 6
515 646 6
515 652 6
521 652 6
527 652 6
533 652 6
539 652 6
545 652 6
551 652 6
557 652 6
563 652 6
569 652 6
575 652 6
581 652 6
587 652 6
593 652 6
599 652 6
605 652 6
611 652 6
617 652 6
623 652 6
629 652 6
635 652 6
641 652 6
641 658 6
635 658 6
629 658 6
623 658 6
617 658 6
611 658 6
605 658 6
599 658 6
593 658 6
587 658 6
581 658 6
575 658 6
569 658 6
563 658 6
557 658 6
551 658 6
545 658 7
539 658 7
533 658 7
527 658 7
521 658 7
515 658 7
515 664 7
521 664 7
527 664 7
533 664 7
539 664 7
545 664 7
551 664 7
557 664 7
563 664 7
569 664 7
575 664 7
581 664 7
587 664 7
593 664 7
599 664 7
605 664 7
611 664 7
617 664 7
623 664 7
629 664 7
635 664 7
641 664 7
641 670 7
635 670 7
629 670 7
623 670 7
617 670 7
611 670 7
605 670 7
599 670 7
593 670 7
587 670 7
581 670 7
575 670 7
569 670 8
563 670 8
557 670 8
551 670 8
545 670 8
539 670 8
533 670 8
527 670 8
521 670 8
515 670 8
515 676 8
521 676 8
527 676 8
533 676 8
539 676 8
545 676 8
551 676 8
557 676 8
563 676 8
569 676 8
575 676 8
581 676 8
587 676 8
593 676 8
599 676 8
605 676 8
611 676 8
617 676 8
623 676 8
629 676 8
635 676 8
641 676 8
641 682 8
635 682 8
629 682 8
623 682 8
617 682 8
611 682 8
605 682 8
599 682 8
593 682 9
587 682 9
581 682 9
575 682 9
569 682 9
563 682 9
557 682 9
551 682 9
545 682 9
539 682 9
533 682 9
527 682 9
521 682 9
515 682 9
515 688 9
521 688 9
527 688 9
533 688 9
539 688 9
545 688 9
551 688 9
557 688 9
563 688 9
569 688 9
575 688 9
581 688 9
587 688 9
593 688 9
599 688 9
605 688 9
611 688 9
617 688 9
623 688 9
629 688 9
635 688 9
641 688 9
641 694 9
635 694 9
629 694 9
623 694 9
617 694 10
611 694 10
605 694 10
599 694 10
593 694 10
587 694 10
581 694 10
575 694 10
569 694 10
563 694 10
557 694 10
551 694 10
545 694 10
539 694 10
533 694 10
527 694 10
521 694 10
515 694 10
515 700 10
521 700 10
527 700 10
533 700 10
539 700 10
545 700 10
551 700 10
557 700 10
563 700 10
569 700 10
575 700 10
581 700 10
587 700 10
593 700 10
599 700 10
605 700 10
611 700 10
617 700 10
623 700 10
629 700 10
635 700 10
641 700 10
641 706 11
635 706 11
629 706 11
623 706 11
617 706 11
611 706 11
605 706 11
599 706 11
593 706 11
587 706 11
581 706 11
575 706 11
569 706 11
563 706 11
557 706 11
551 706 11
545 706 11
539 706 11
533 706 11
527 706 11
521 706 11
515 706 11
515 712 11
521 712 11
527 712 11
533 712 11
539 712 11
545 712 11
551 712 11
557 712 11
563 712 11
569 712 11
575 712 11
581 712 11
587 712 11
593 712 11
599 712 11
605 712 11
611 712 11
617 712 11
623 712 12
629 712 12
635 712 12
641 712 12
641 718 12
635 718 12
629 718 12
623 718 12
617 718 12
611 718 12
605 718 12
599 718 12
593 718 12
587 718 12
581 718 12
575 718 12
569 718 12
563 718 12
557 718 12
551 718 12
545 718 12
539 718 12
533 718 12
527 718 12
521 718 12
515 718 12
515 724 12
521 724 12
527 724 12
533 724 12
539 724 12
545 724 12
551 724 12
557 724 12
563 724 12
569 724 12
575 724 12
581 724 12
587 724 12
593 724 12
599 724 13
605 724 13
611 724 13
617 724 13
623 724 13
629 724 13
635 724 13
641 724 13
641 730 13
635 730 13
629 730 13
623 730 13
617 730 13
611 730 13
605 730 13
599 730 13
593 730 13
587 730 13
581 730 13
575 730 13
569 730 13
563 730 13
557 730 13
551 730 13
545 730 13
539 730 13
533 730 13
527 730 13
521 730 13
515 730 13
515 736 13
521 736 13
527 736 13
533 736 13
539 736 13
545 736 13
551 736 13
557 736 13
563 736 13
569 736 13
575 736 14
581 736 14
587 736 14
593 736 14
599 736 14
605 736 14
611 736 14
617 736 14
623 736 14
629 736 14
635 736 14
641 736 14
641 742 14
635 742 14
629 742 14
623 742 14
617 742 14
611 742 14
605 742 14
599 742 14
593 742 14
587 742 14
581 742 14
575 742 14
569 742 14
563 742 14
557 742 14
551 742 14
545 742 14
539 742 14
533 742 14
527 742 14
521 742 14
515 742 14
515 748 14
521 748 14
527 748 14
533 748 14
539 748 14
545 748 14
551 748 15
557 748 15
563 748 15
569 748 15
575 748 15
581 748 15
587 748 15
593 748 15
599 748 15
605 748 15
611 748 15
617 748 15
623 748 15
629 748 15
635 748 15
641 748 15
641 754 15
635 754 15
629 754 15
623 754 15
617 754 15
611 754 15
605 754 15
599 754 15
593 754 15
587 754 15
581 754 15
575 754 15
569 754 15
563 754 15
557 754 15
551 754 15
545 754 15
539 754 15
533 754 15
527 754 15
521 754 15
515 754 15
515 760 15
521 760 15
527 760 16
533 760 16
539 760 16
545 760 16
551 760 16
557 760 16
563 760 16
569 760 16
575 760 16
581 760 16
587 760 16
593 760 16
599 760 16
605 760 16
611 760 16
617 760 16
623 760 16
629 760 16
635 760 16
641 760 16
641 766 16
635 766 16
629 766 16
623 766 16
617 766 16
611 766 16
605 766 16
599 766 16
593 766 16
587 766 16
581 766 16
575 766 16
569 766 16
563 766 16
557 766 16
551 766 16
545 766 16
539 766 16
533 766 16
527 766 16
521 766 17
515 766 17
515 772 17
521 772 17
527 772 17
533 772 17
539 772 17
545 772 17
551 772 17
557 772 17
563 772 17
569 772 17
575 772 17
581 772 17
587 772 17
593 772 17
599 772 17
605 772 17
611 772 17
617 772 17
623 772 17
629 772 17
635 772 17
641 772 17
641 778 17
635 778 17
629 778 17
623 778 17
617 778 17
611 778 17
605 778 17
599 778 17
593 778 17
587 778 17
581 778 17
575 778 17
569 778 17
563 778 17
557 778 17
551 778 17
545 778 18
539 778 18
533 778 18
527 778 18
521 778 18
515 778 18
515 784 18
521 784 18
527 784 18
533 784 18
539 784 18
545 784 18
551 784 18
557 784 18
563 784 18
569 784 18
575 784 18
581 784 18
587 784 18
593 784 18
599 784 18
605 784 18
611 784 18
617 784 18
623 784 18
629 784 18
635 784 18
641 784 18
641 790 18
635 790 18
629 790 18
623 790 18
617 790 18
611 790 18
605 790 18
599 790 18
593 790 18
587 790 18
581 790 18
575 790 18
569 790 19
563 790 19
557 790 19
551 790 19
545 790 19
539 790 19
533 790 19
527 790 19
521 790 19
515 790 19
515 796 19
521 796 19
527 796 19
533 796 19
539 796 19
545 796 19
551 796 19
557 796 19
563 796 19
569 796 19
575 796 19
581 796 19
587 796 19
593 796 19
599 796 19
605 796 19
611 796 19
617 796 19
623 796 19
629 796 19
635 796 19
641 796 19
641 802 19
635 802 19
629 802 19
623 802 19
617 802 19
611 802 19
605 802 19
599 802 19
593 802 20
587 802 20
581 802 20
575 802 20
569 802 20
563 802 20
557 802 20
551 802 20
545 802 20
539 802 20
533 802 20
527 802 20
521 802 20
515 802 20
515 808 20
521 808 20
527 808 20
533 808 20
539 808 20
545 808 20
551 808 20
557 808 20
563 808 20
569 808 20
575 808 20
581 808 20
587 808 20
593 808 20
599 808 20
605 808 20
611 808 20
617 808 20
623 808 20
629 808 20
635 808 20
641 808 20
641 814 20
635 814 20
629 814 20
623 814 20
617 814 21
611 814 21
605 814 21
599 814 21
593 814 21
587 814 21
581 814 21
575 814 21
569 814 21
563 814 21
557 814 21
551 814 21
545 814 21
539 814 21
533 814 21
527 814 21
521 814 21
515 814 21
515 820 21
521 820 21
527 820 21
533 820 21
539 820 21
545 820 21
551 820 21
557 820 21
563 820 21
569 820 21
575 820 21
581 820 21
587 820 21
593 820 21
599 820 21
605 820 21
611 820 21
617 820 21
623 820 21
629 820 21
635 820 21
641 820 21
641 826 22
635 826 22
629 826 22
623 826 22
617 826 22
611 826 22
605 826 22
599 826 22
593 826 22
587 826 22
581 826 22
575 826 22
569 826 22
563 826 22
557 826 22
551 826 22
545 826 22
539 826 22
533 826 22
527 826 22
521 826 22
515 826 22
515 832 22
521 832 22
527 832 22
533 832 22
539 832 22
545 832 22
551 832 22
557 832 22
563 832 22
569 832 22
575 832 22
581 832 22
587 832 22
593 832 22
599 832 22
605 832 22
611 832 22
617 832 22
623 832 23
629 832 23
635 832 23
641 832 23
641 838 23
635 838 23
629 838 23
623 838 23
617 838 23
611 838 23
605 838 23
599 838 23
593 838 23
587 838 23
581 838 23
575 838 23
569 838 23
563 838 23
557 838 23
551 838 23
545 838 23
539 838 23
533 838 23
527 838 23
521 838 23
515 838 23
515 844 23
521 844 23
527 844 23
533 844 23
539 844 23
545 844 23
551 844 23
557 844 23
563 844 23
569 844 23
575 844 23
581 844 23
587 844 23
593 844 23
599 844 24
605 844 24
611 844 24
617 844 24
623 844 24
629 844 24
635 844 24
641 844 24
641 850 24
635 850 24
629 850 24
623 850 24
617 850 24
611 850 24
605 850 24
599 850 24
593 850 24
587 850 24
581 850 24
575 850 24
569 850 24
563 850 24
557 850 24
551 850 24
545 850 24
539 850 24
533 850 24
527 850 24
521 850 24
515 850 24
515 856 24
521 856 24
527 856 24
533 856 24
539 856 24
545 856 24
551 856 24
557 856 24
563 856 24
569 856 24
575 856 25
581 856 25
587 856 25
593 856 25
599 856 25
605 856 25
611 856 25
617 856 25
623 856 25
629 856 25
635 856 25
641 856 25
641 862 25
635 862 25
629 862 25
623 862 25
617 862 25
611 862 25
605 862 25
599 862 25
593 862 25
587 862 25
581 862 25
575 862 25
569 862 25
563 862 25
557 862 25
551 862 25
545 862 25
539 862 25
533 862 25
527 862 25
521 862 25
515 862 25
515 868 25
521 868 25
527 868 25
533 868 25
539 868 25
545 868 25
551 868 26
557 868 26
563 868 26
569 868 26
575 868 26
581 868 26
587 868 26
593 868 26
599 868 26
605 868 26
611 868 26
617 868 26
623 868 26
629 868 26
635 868 26
641 868 26
641 874 26
635 874 26
629 874 26
623 874 26
617 874 26
611 874 26
605 874 26
599 874 26
593 874 26
587 874 26
581 874 26
575 874 26
569 874 26
563 874 26
557 874 26
551 874 26
545 874 26
539 874 26
533 874 26
527 874 26
521 874 26
515 874 26
515 880 26
521 880 26
527 880 27
533 880 27
539 880 27
545 880 27
551 880 27
557 880 27
563 880 27
569 880 27
575 880 27
581 880 27
587 880 27
593 880 27
599 880 27
605 880 27
611 880 27
617 880 27
623 880 27
629 880 27
635 880 27
641 880 27
641 886 27
635 886 27
629 886 27
623 886 27
617 886 27
611 886 27
605 886 27
599 886 27
593 886 27
587 886 27
581 886 27
575 886 27
569 886 27
563 886 27
557 886 27
551 886 27
545 886 27
539 886 27
533 886 27
527 886 27
521 886 28
515 886 28
515 892 28
521 892 28
527 892 28
533 892 28
539 892 28
545 892 28
551 892 28
557 892 28
563 892 28
569 892 28
575 892 28
581 892 28
587 892 28
593 892 28
599 892 28
605 892 28
611 892 28
617 892 28
623 892 28
629 892 28
635 892 28
641 892 28
641 898 28
635 898 28
629 898 28
623 898 28
617 898 28
611 898 28
605 898 28
599 898 28
593 898 28
587 898 28
581 898 28
575 898 28
569 898 28
563 898 28
557 898 28
551 898 28
545 898 29
539 898 29
533 898 29
527 898 29
521 898 29
515 898 29
515 904 29
521 904 29
527 904 29
533 904 29
539 904 29
545 904 29
551 904 29
557 904 29
563 904 29
569 904 29
575 904 29
581 904 29
587 904 29
593 904 29
599 904 29
605 904 29
611 904 29
617 904 29
623 904 29
629 904 29
635 904 29
641 904 29
641 910 29
635 910 29
629 910 29
623 910 29
617 910 29
611 910 29
605 910 29
599 910 29
593 910 29
587 910 29
581 910 29
575 910 29
569 910 30
563 910 30
557 910 30
551 910 30
545 910 30
539 910 30
533 910 30
527 910 30
521 910 30
515 910 30
515 916 30
521 916 30
527 916 30
533 916 30
539 916 30
545 916 30
551 916 30
557 916 30
563 916 30
569 916 30
575 916 30
581 916 30
587 916 30
593 916 30
599 916 30
605 916 30
611 916 30
617 916 30
623 916 30
629 916 30
635 916 30
641 916 30
641 922 30
635 922 30
629 922 30
623 922 30
617 922 30
611 922 30
605 922 30
599 922 30
593 922 31
587 922 31
581 922 31
575 922 31
569 922 31
563 922 31
557 922 31
551 922 31
545 922 31
539 922 31
533 922 31
527 922 31
521 922 31
515 922 31
515 928 31
521 928 31
527 928 31
533 928 31
539 928 31
545 928 31
551 928 31
557 928 31
563 928 31
569 928 31
575 928 31
581 928 31
587 928 31
593 928 31
599 928 31
605 928 31
611 928 31
617 928 31
623 928 31
629 928 31
635 928 31
641 928 31
641 934 31
635 934 31
629 934 31
623 934 31
617 934 32
611 934 32
605 934 32
599 934 32
593 934 32
587 934 32
581 934 32
575 934 32
569 934 32
563 934 32
557 934 32
551 934 32
545 934 32
539 934 32
533 934 32
527 934 32
521 934 32
515 934 32
515 940 32
521 940 32
527 940 32
533 940 32
539 940 32
545 940 32
551 940 32
557 940 32
563 940 32
569 940 32
575 940 32
581 940 32
587 940 32
593 940 32
599 940 32
605 940 32
611 940 32
617 940 32
623 940 32
629 940 32
635 940 32
641 940 32
641 946 33
635 946 33
629 946 33
623 946 33
617 946 33
611 946 33
605 946 33
599 946 33
593 946 33
587 946 33
581 946 33
575 946 33
569 946 33
563 946 33
557 946 33
551 946 33
545 946 33
539 946 33
533 946 33
527 946 33
521 946 33
515 946 33
515 952 33
521 952 33
527 952 33
533 952 33
539 952 33
545 952 33
551 952 33
557 952 33
563 952 33
569 952 33
575 952 33
581 952 33
587 952 33
593 952 33
599 952 33
605 952 33
611 952 33
617 952 33
623 952 34
629 952 34
635 952 34
641 952 34
641 958 34
635 958 34
629 958 34
623 958 34
617 958 34
611 958 34
605 958 34
599 958 34
593 958 34
587 958 34
581 958 34
575 958 34
569 958 34
563 958 34
557 958 34
551 958 34
545 958 34
539 958 34
533 958 34
527 958 34
521 958 34
515 958 34
515 964 34
521 964 34
527 964 34
533 964 34
539 964 34
545 964 34
551 964 34
557 964 34
563 964 34
569 964 34
575 964 34
581 964 34
587 964 34
593 964 34
599 964 35
605 964 35
611 964 35
617 964 35
623 964 35
629 964 35
635 964 35
641 964 35
641 970 35
635 970 35
629 970 35
623 970 35
617 970 35
611 970 35
605 970 35
599 970 35
593 970 35
587 970 35
581 970 35
575 970 35
569 970 35
563 970 35
557 970 35
551 970 35
545 970 35
539 970 35
533 970 35
527 970 35
521 970 35
515 970 35
515 976 35
521 976 35
527 976 35
533 976 35
539 976 35
545 976 35
551 976 35
557 976 35
563 976 35
569 976 35
575 976 36
581 976 36
587 976 36
593 976 36
599 976 36
605 976 36
611 976 36
617 976 36
623 976 36
629 976 36
635 976 36
641 976 36
641 982 36
635 982 36
629 982 36
623 982 36
617 982 36
611 982 36
605 982 36
599 982 36
593 982 36
587 982 36
581 982 36
575 982 36
569 982 36
563 982 36
557 982 36
551 982 36
545 982 36
539 982 36
533 982 36
527 982 36
521 982 36
515 982 36
515 988 36
521 988 36
527 988 36
533 988 36
539 988 36
545 988 36
551 988 37
557 988 37
563 988 37
569 988 37
575 988 37
581 988 37
587 988 37
593 988 37
599 988 37
605 988 37
611 988 37
617 988 37
623 988 37
629 988 37
635 988 37
641 988 37
641 994 37
635 994 37
629 994 37
623 994 37
617 994 37
611 994 37
605 994 37
599 994 37
593 994 37
587 994 37
581 994 37
575 994 37
569 994 37
563 994 37
557 994 37
551 994 37
545 994 37
539 994 37
533 994 37
527 994 37
521 994 37
515 994 37
515 1000 37
521 1000 37
527 1000 38
533 1000 38
539 1000 38
545 1000 38
551 1000 38
557 1000 38
563 1000 38
569 1000 38
575 1000 38
581 1000 38
587 1000 38
593 1000 38
599 1000 38
605 1000 38
611 1000 38
617 1000 38
623 1000 38
629 1000 38
635 1000 38
641 1000 38
641 1006 38
635 1006 38
629 1006 38
623 1006 38
617 1006 38
611 1006 38
605 1006 38
599 1006 38
593 1006 38
587 1006 38
581 1006 38
575 1006 38
569 1006 38
563 1006 38
557 1006 38
551 1006 38
545 1006 38
539 1006 38
533 1006 38
527 1006 38
521 1006 39
515 1006 39
515 1012 39
521 1012 39
527 1012 39
533 1012 39
539 1012 39
545 1012 39
551 1012 39
557 1012 39
563 1012 39
569 1012 39
575 1012 39
581 1012 39
587 1012 39
593 1012 39
599 1012 39
605 1012 39
611 1012 39
617 1012 39
623 1012 39
629 1012 39
635 1012 39
641 1012 39
641 1018 39
635 1018 39
629 1018 39
623 1018 39
617 1018 39
611 1018 39
605 1018 39
599 1018 39
593 1018 39
587 1018 39
581 1018 39
575 1018 39
569 1018 39
563 1018 39
557 1018 39
551 1018 39
545 1018 40
539 1018 40
533 1018 40
527 1018 40
521 1018 40
515 1018 40
641 1024 40
635 1024 40
629 1024 40
623 1024 40
617 1024 40
611 1024 40
605 1024 40
599 1024 40
593 1024 40
587 1024 40
581 1024 40
575 1024 40
569 1024 40
563 1024 40
557 1024 40
551 1024 40
545 1024 40
539 1024 40
533 1024 40
527 1024 40
521 1024 40
515 1024 40
509 1024 40
503 1024 40
497 1024 40
491 1024 40
485 1024 40
479 1024 40
473 1024 40
467 1024 40
461 1024 40
461 1018 40
467 1018 40
473 1018 40
479 1018 41
485 1018 41
491 1018 41
497 1018 41
503 1018 41
509 1018 41
509 1012 41
503 1012 41
497 1012 41
491 1012 41
485 1012 41
479 1012 41
473 1012 41
467 1012 41
461 1012 41
461 1006 41
467 1006 41
473 1006 41
479 1006 41
485 1006 41
491 1006 41
497 1006 41
503 1006 41
509 1006 41
509 1000 41
503 1000 41
497 1000 41
491 1000 41
485 1000 41
479 1000 41
473 1000 41
467 1000 41
461 1000 41
461 994 41
467 994 41
473 994 41
479 994 41
485 994 41
491 994 41
497 994 41
503 994 42
509 994 42
509 988 42
503 988 42
497 988 42
491 988 42
485 988 42
479 988 42
473 988 42
467 988 42
461 988 42
461 982 42
467 982 42
473 982 42
479 982 42
485 982 42
491 982 42
497 982 42
503 982 42
509 982 42
509 976 42
503 976 42
497 976 42
491 976 42
485 976 42
479 976 42
473 976 42
467 976 42
461 976 42
461 970 42
467 970 42
473 970 42
479 970 42
485 970 42
491 970 42
497 970 42
503 970 42
509 970 42
509 964 42
503 964 42
497 964 43
491 964 43
485 964 43
479 964 43
473 964 43
467 964 43
461 964 43
461 958 43
467 958 43
473 958 43
479 958 43
485 958 43
491 958 43
497 958 43
503 958 43
509 958 43
509 952 43
503 952 43
497 952 43
491 952 43
485 952 43
479 952 43
473 952 43
467 952 43
461 952 43
461 946 43
467 946 43
473 946 43
479 946 43
485 946 43
491 946 43
497 946 43
503 946 43
509 946 43
509 940 43
503 940 43
497 940 43
491 940 43
485 940 43
479 940 43
473 940 44
467 940 44
461 940 44
461 934 44
467 934 44
473 934 44
479 934 44
485 934 44
491 934 44
497 934 44
503 934 44
509 934 44
509 928 44
503 928 44
497 928 44
491 928 44
485 928 44
479 928 44
473 928 44
467 928 44
461 928 44
461 922 44
467 922 44
473 922 44
479 922 44
485 922 44
491 922 44
497 922 44
503 922 44
509 922 44
509 916 44
503 916 44
497 916 44
491 916 44
485 916 44
479 916 44
473 916 44
467 916 44
461 916 44
461 910 44
467 910 45
473 910 45
479 910 45
485 910 45
491 910 45
497 910 45
503 910 45
509 910 45
509 904 45
503 904 45
497 904 45
491 904 45
485 904 45
479 904 45
473 904 45
467 904 45
461 904 45
365 898 45
371 898 45
377 898 45
383 898 45
389 898 45
395 898 45
401 898 45
407 898 45
413 898 45
419 898 45
425 898 45
431 898 45
437 898 45
443 898 45
449 898 45
455 898 45
461 898 45
467 898 45
473 898 45
479 898 45
485 898 45
491 898 45
497 898 45
503 898 46
509 898 46
509 892 46
503 892 46
497 892 46
491 892 46
485 892 46
479 892 46
473 892 46
467 892 46
461 892 46
455 892 46
449 892 46
443 892 46
437 892 46
431 892 46
425 892 46
419 892 46
413 892 46
407 892 46
401 892 46
395 892 46
389 892 46
383 892 46
377 892 46
371 892 46
365 892 46
365 886 46
371 886 46
377 886 46
383 886 46
389 886 46
395 886 46
401 886 46
407 886 46
413 886 46
419 886 46
425 886 46
431 886 46
437 886 46
443 886 47
449 886 47
455 886 47
461 886 47
467 886 47
473 886 47
479 886 47
485 886 47
491 886 47
497 886 47
503 886 47
509 886 47
509 880 47
503 880 47
497 880 47
491 880 47
485 880 47
479 880 47
473 880 47
467 880 47
461 880 47
455 880 47
449 880 47
443 880 47
437 880 47
431 880 47
425 880 47
419 880 47
413 880 47
407 880 47
401 880 47
395 880 47
389 880 47
383 880 47
377 880 47
371 880 47
365 880 47
365 874 47
371 874 47
377 874 47
383 874 48
389 874 48
395 874 48
401 874 48
407 874 48
413 874 48
419 874 48
425 874 48
431 874 48
437 874 48
443 874 48
449 874 48
455 874 48
461 874 48
467 874 48
473 874 48
479 874 48
485 874 48
491 874 48
497 874 48
503 874 48
509 874 48
509 868 48
503 868 48
497 868 48
491 868 48
485 868 48
479 868 48
473 868 48
467 868 48
461 868 48
455 868 48
449 868 48
443 868 48
437 868 48
431 868 48
425 868 48
419 868 48
413 868 48
407 868 48
401 868 49
395 868 49
389 868 49
383 868 49
377 868 49
371 868 49
365 868 49
365 862 49
371 862 49
377 862 49
383 862 49
389 862 49
395 862 49
401 862 49
407 862 49
413 862 49
419 862 49
425 862 49
431 862 49
437 862 49
443 862 49
449 862 49
455 862 49
461 862 49
467 862 49
473 862 49
479 862 49
485 862 49
491 862 49
497 862 49
503 862 49
509 862 49
509 856 49
503 856 49
497 856 49
491 856 49
485 856 49
479 856 49
473 856 49
467 856 49
461 856 50
455 856 50
449 856 50
443 856 50
437 856 50
431 856 50
425 856 50
419 856 50
413 856 50
407 856 50
401 856 50
395 856 50
389 856 50
383 856 50
377 856 50
371 856 50
365 856 50
365 850 50
371 850 50
377 850 50
383 850 50
389 850 50
395 850 50
401 850 50
407 850 50
413 850 50
419 850 50
425 850 50
431 850 50
437 850 50
443 850 50
449 850 50
455 850 50
461 850 50
467 850 50
473 850 50
479 850 50
485 850 50
491 850 50
497 850 50
503 850 51
509 850 51
509 844 51
503 844 51
497 844 51
491 844 51
485 844 51
479 844 51
473 844 51
467 844 51
461 844 51
455 844 51
449 844 51
443 844 51
437 844 51
431 844 51
425 844 51
419 844 51
413 844 51
407 844 51
401 844 51
395 844 51
389 844 51
383 844 51
377 844 51
371 844 51
365 844 51
365 838 51
371 838 51
377 838 51
383 838 51
389 838 51
395 838 51
401 838 51
407 838 51
413 838 51
419 838 51
425 838 51
431 838 51
437 838 51
443 838 52
449 838 52
455 838 52
461 838 52
467 838 52
473 838 52
479 838 52
485 838 52
491 838 52
497 838 52
503 838 52
509 838 52
509 832 52
503 832 52
497 832 52
491 832 52
485 832 52
479 832 52
473 832 52
467 832 52
461 832 52
455 832 52
449 832 52
443 832 52
437 832 52
431 832 52
425 832 52
419 832 52
413 832 52
407 832 52
401 832 52
395 832 52
389 832 52
383 832 52
377 832 52
371 832 52
365 832 52
365 826 52
371 826 52
377 826 52
383 826 53
389 826 53
395 826 53
401 826 53
407 826 53
413 826 53
419 826 53
425 826 53
431 826 53
437 826 53
443 826 53
449 826 53
455 826 53
461 826 53
467 826 53
473 826 53
479 826 53
485 826 53
491 826 53
497 826 53
503 826 53
509 826 53
509 820 53
503 820 53
497 820 53
491 820 53
485 820 53
479 820 53
473 820 53
467 820 53
461 820 53
455 820 53
449 820 53
443 820 53
437 820 53
431 820 53
425 820 53
419 820 53
413 820 53
407 820 53
401 820 54
395 820 54
389 820 54
383 820 54
377 820 54
371 820 54
365 820 54
365 814 54
371 814 54
377 814 54
383 814 54
389 814 54
395 814 54
401 814 54
407 814 54
413 814 54
419 814 54
425 814 54
431 814 54
437 814 54
443 814 54
449 814 54
455 814 54
461 814 54
467 814 54
473 814 54
479 814 54
485 814 54
491 814 54
497 814 54
503 814 54
509 814 54
509 808 54
503 808 54
497 808 54
491 808 54
485 808 54
479 808 54
473 808 54
467 808 54
461 808 55
455 808 55
449 808 55
443 808 55
437 808 55
431 808 55
425 808 55
419 808 55
413 808 55
407 808 55
401 808 55
395 808 55
389 808 55
383 808 55
377 808 55
371 808 55
365 808 55
365 802 55
371 802 55
377 802 55
383 802 55
389 802 55
395 802 55
401 802 55
407 802 55
413 802 55
419 802 55
425 802 55
431 802 55
437 802 55
443 802 55
449 802 55
455 802 55
461 802 55
467 802 55
473 802 55
479 802 55
485 802 55
491 802 55
497 802 55
503 802 56
509 802 56
509 796 56
503 796 56
497 796 56
491 796 56
485 796 56
479 796 56
473 796 56
467 796 56
461 796 56
455 796 56
449 796 56
443 796 56
437 796 56
431 796 56
425 796 56
419 796 56
413 796 56
407 796 56
401 796 56
395 796 56
389 796 56
383 796 56
377 796 56
371 796 56
365 796 56
365 790 56
371 790 56
377 790 56
383 790 56
389 790 56
395 790 56
401 790 56
407 790 56
413 790 56
419 790 56
425 790 56
431 790 56
437 790 56
443 790 57
449 790 57
455 790 57
461 790 57
467 790 57
473 790 57
479 790 57
485 790 57
491 790 57
497 790 57
503 790 57
509 790 57
509 784 57
503 784 57
497 784 57
491 784 57
485 784 57
479 784 57
473 784 57
467 784 57
461 784 57
455 784 57
449 784 57
443 784 57
437 784 57
431 784 57
425 784 57
419 784 57
413 784 57
407 784 57
401 784 57
395 784 57
389 784 57
383 784 57
377 784 57
371 784 57
365 784 57
365 778 57
371 778 57
377 778 57
383 778 58
389 778 58
395 778 58
401 778 58
407 778 58
413 778 58
419 778 58
425 778 58
431 778 58
437 778 58
443 778 58
449 778 58
455 778 58
461 778 58
467 778 58
473 778 58
479 778 58
485 778 58
491 778 58
497 778 58
503 778 58
509 778 58
509 772 58
503 772 58
497 772 58
491 772 58
485 772 58
479 772 58
473 772 58
467 772 58
461 772 58
455 772 58
449 772 58
443 772 58
437 772 58
431 772 58
425 772 58
419 772 58
413 772 58
407 772 58
401 772 59
395 772 59
389 772 59
383 772 59
377 772 59
371 772 59
365 772 59
365 766 59
371 766 59
377 766 59
383 766 59
389 766 59
395 766 59
401 766 59
407 766 59
413 766 59
419 766 59
425 766 59
431 766 59
437 766 59
443 766 59
449 766 59
455 766 59
461 766 59
467 766 59
473 766 59
479 766 59
485 766 59
491 766 59
497 766 59
503 766 59
509 766 59
509 760 59
503 760 59
497 760 59
491 760 59
485 760 59
479 760 59
473 760 59
467 760 59
461 760 60
455 760 60
449 760 60
443 760 60
437 760 60
431 760 60
425 760 60
419 760 60
413 760 60
407 760 60
401 760 60
395 760 60
389 760 60
383 760 60
377 760 60
371 760 60
365 760 60
365 754 60
371 754 60
377 754 60
383 754 60
389 754 60
395 754 60
401 754 60
407 754 60
413 754 60
419 754 60
425 754 60
431 754 60
437 754 60
443 754 60
449 754 60
455 754 60
461 754 60
467 754 60
473 754 60
479 754 60
485 754 60
491 754 60
497 754 60
503 754 61
509 754 61
509 748 61
503 748 61
497 748 61
491 748 61
485 748 61
479 748 61
473 748 61
467 748 61
461 748 61
455 748 61
449 748 61
443 748 61
437 748 61
431 748 61
425 748 61
419 748 61
413 748 61
407 748 61
401 748 61
395 748 61
389 748 61
383 748 61
377 748 61
371 748 61
365 748 61
365 742 61
371 742 61
377 742 61
383 742 61
389 742 61
395 742 61
401 742 61
407 742 61
413 742 61
419 742 61
425 742 61
431 742 61
437 742 61
443 742 62
449 742 62
455 742 62
461 742 62
467 742 62
473 742 62
479 742 62
485 742 62
491 742 62
497 742 62
503 742 62
509 742 62
509 736 62
503 736 62
497 736 62
491 736 62
485 736 62
479 736 62
473 736 62
467 736 62
461 736 62
455 736 62
449 736 62
443 736 62
437 736 62
431 736 62
425 736 62
419 736 62
413 736 62
407 736 62
401 736 62
395 736 62
389 736 62
383 736 62
377 736 62
371 736 62
365 736 62
365 730 62
371 730 62
377 730 62
383 730 63
389 730 63
395 730 63
401 730 63
407 730 63
413 730 63
419 730 63
425 730 63
431 730 63
437 730 63
443 730 63
449 730 63
455 730 63
461 730 63
467 730 63
473 730 63
479 730 63
485 730 63
491 730 63
497 730 63
503 730 63
509 730 63
509 724 63
503 724 63
497 724 63
491 724 63
485 724 63
479 724 63
473 724 63
467 724 63
461 724 63
455 724 63
449 724 63
443 724 63
437 724 63
431 724 63
425 724 63
419 724 63
413 724 63
407 724 63
401 724 64
395 724 64
389 724 64
383 724 64
377 724 64
371 724 64
365 724 64
365 718 64
371 718 64
377 718 64
383 718 64
389 718 64
395 718 64
401 718 64
407 718 64
413 718 64
419 718 64
425 718 64
431 718 64
437 718 64
443 718 64
449 718 64
455 718 64
461 718 64
467 718 64
473 718 64
479 718 64
485 718 64
491 718 64
497 718 64
503 718 64
509 718 64
509 712 64
503 712 64
497 712 64
491 712 64
485 712 64
479 712 64
473 712 64
467 712 64
461 712 65
455 712 65
449 712 65
443 712 65
437 712 65
431 712 65
425 712 65
419 712 65
413 712 65
407 712 65
401 712 65
395 712 65
389 712 65
383 712 65
377 712 65
371 712 65
365 712 65
365 706 65
371 706 65
377 706 65
383 706 65
389 706 65
395 706 65
401 706 65
407 706 65
413 706 65
419 706 65
425 706 65
431 706 65
437 706 65
443 706 65
449 706 65
455 706 65
461 706 65
467 706 65
473 706 65
479 706 65
485 706 65
491 706 65
497 706 65
503 706 66
509 706 66
509 700 66
503 700 66
497 700 66
491 700 66
485 700 66
479 700 66
473 700 66
467 700 66
461 700 66
455 700 66
449 700 66
443 700 66
437 700 66
431 700 66
425 700 66
419 700 66
413 700 66
407 700 66
401 700 66
395 700 66
389 700 66
383 700 66
377 700 66
371 700 66
365 700 66
365 694 66
371 694 66
377 694 66
383 694 66
389 694 66
395 694 66
401 694 66
407 694 66
413 694 66
419 694 66
425 694 66
431 694 66
437 694 66
443 694 67
449 694 67
455 694 67
461 694 67
467 694 67
473 694 67
479 694 67
485 694 67
491 694 67
497 694 67
503 694 67
509 694 67
509 688 67
503 688 67
497 688 67
491 688 67
485 688 67
479 688 67
473 688 67
467 688 67
461 688 67
455 688 67
449 688 67
443 688 67
437 688 67
431 688 67
425 688 67
419 688 67
413 688 67
407 688 67
401 688 67
395 688 67
389 688 67
383 688 67
377 688 67
371 688 67
365 688 67
365 682 67
371 682 67
377 682 67
383 682 68
389 682 68
395 682 68
401 682 68
407 682 68
413 682 68
419 682 68
425 682 68
431 682 68
437 682 68
443 682 68
449 682 68
455 682 68
461 682 68
467 682 68
473 682 68
479 682 68
485 682 68
491 682 68
497 682 68
503 682 68
509 682 68
509 676 68
503 676 68
497 676 68
491 676 68
485 676 68
479 676 68
473 676 68
467 676 68
461 676 68
455 676 68
449 676 68
443 676 68
437 676 68
431 676 68
425 676 68
419 676 68
413 676 68
407 676 68
401 676 69
395 676 69
389 676 69
383 676 69
377 676 69
371 676 69
365 676 69
365 670 69
371 670 69
377 670 69
383 670 69
389 670 69
395 670 69
401 670 69
407 670 69
413 670 69
419 670 69
425 670 69
431 670 69
437 670 69
443 670 69
449 670 69
455 670 69
461 670 69
467 670 69
473 670 69
479 670 69
485 670 69
491 670 69
497 670 69
503 670 69
509 670 69
509 664 69
503 664 69
497 664 69
491 664 69
485 664 69
479 664 69
473 664 69
467 664 69
461 664 70
455 664 70
449 664 70
443 664 70
437 664 70
431 664 70
425 664 70
419 664 70
413 664 70
407 664 70
401 664 70
395 664 70
389 664 70
383 664 70
377 664 70
371 664 70
365 664 70
365 658 70
371 658 70
377 658 70
383 658 70
389 658 70
395 658 70
401 658 70
407 658 70
413 658 70
419 658 70
425 658 70
431 658 70
437 658 70
443 658 70
449 658 70
455 658 70
461 658 70
467 658 70
473 658 70
479 658 70
485 658 70
491 658 70
497 658 70
503 658 71
509 658 71
509 652 71
503 652 71
497 652 71
491 652 71
485 652 71
479 652 71
473 652 71
467 652 71
461 652 71
455 652 71
449 652 71
443 652 71
437 652 71
431 652 71
425 652 71
419 652 71
413 652 71
407 652 71
401 652 71
395 652 71
389 652 71
383 652 71
377 652 71
371 652 71
365 652 71
365 646 71
371 646 71
377 646 71
383 646 71
389 646 71
395 646 71
401 646 71
407 646 71
413 646 71
419 646 71
425 646 71
431 646 71
437 646 71
443 646 72
449 646 72
455 646 72
461 646 72
467 646 72
473 646 72
479 646 72
485 646 72
491 646 72
497 646 72
503 646 72
509 646 72
509 640 72
503 640 72
497 640 72
491 640 72
485 640 72
479 640 72
473 640 72
467 640 72
461 640 72
455 640 72
449 640 72
443 640 72
437 640 72
431 640 72
425 640 72
419 640 72
413 640 72
407 640 72
401 640 72
395 640 72
389 640 72
383 640 72
377 640 72
371 640 72
365 640 72
365 634 72
371 634 72
377 634 72
383 634 73
389 634 73
395 634 73
401 634 73
407 634 73
413 634 73
419 634 73
425 634 73
431 634 73
437 634 73
443 634 73
449 634 73
455 634 73
461 634 73
467 634 73
473 634 73
479 634 73
485 634 73
491 634 73
497 634 73
503 634 73
509 634 73
509 628 73
503 628 73
497 628 73
491 628 73
485 628 73
479 628 73
473 628 73
467 628 73
461 628 73
455 628 73
449 628 73
443 628 73
437 628 73
431 628 73
425 628 73
419 628 73
413 628 73
407 628 73
401 628 74
395 628 74
389 628 74
383 628 74
377 628 74
371 628 74
365 628 74
365 622 74
371 622 74
377 622 74
383 622 74
389 622 74
395 622 74
401 622 74
407 622 74
413 622 74
419 622 74
425 622 74
431 622 74
437 622 74
443 622 74
449 622 74
455 622 74
461 622 74
467 622 74
473 622 74
479 622 74
485 622 74
491 622 74
497 622 74
503 622 74
509 622 74
509 616 74
503 616 74
497 616 74
491 616 74
485 616 74
479 616 74
473 616 74
467 616 74
461 616 75
455 616 75
449 616 75
443 616 75
437 616 75
431 616 75
425 616 75
419 616 75
413 616 75
407 616 75
401 616 75
395 616 75
389 616 75
383 616 75
377 616 75
371 616 75
365 616 75
365 610 75
371 610 75
377 610 75
383 610 75
389 610 75
395 610 75
401 610 75
407 610 75
413 610 75
419 610 75
425 610 75
431 610 75
437 610 75
443 610 75
449 610 75
455 610 75
461 610 75
467 610 75
473 610 75
479 610 75
485 610 75
491 610 75
497 610 75
503 610 76
509 610 76
509 604 76
503 604 76
497 604 76
491 604 76
485 604 76
479 604 76
473 604 76
467 604 76
461 604 76
455 604 76
449 604 76
443 604 76
437 604 76
431 604 76
425 604 76
419 604 76
413 604 76
407 604 76
401 604 76
395 604 76
389 604 76
383 604 76
377 604 76
371 604 76
365 604 76
365 598 76
371 598 76
377 598 76
383 598 76
389 598 76
395 598 76
401 598 76
407 598 76
413 598 76
419 598 76
425 598 76
431 598 76
437 598 76
443 598 77
449 598 77
455 598 77
461 598 77
467 598 77
473 598 77
479 598 77
485 598 77
491 598 77
497 598 77
503 598 77
509 598 77
509 592 77
503 592 77
497 592 77
491 592 77
485 592 77
479 592 77
473 592 77
467 592 77
461 592 77
455 592 77
449 592 77
443 592 77
437 592 77
431 592 77
425 592 77
419 592 77
413 592 77
407 592 77
401 592 77
395 592 77
389 592 77
383 592 77
377 592 77
371 592 77
365 592 77
509 586 77
503 586 77
497 586 77
491 586 78
485 586 78
479 586 78
473 586 78
467 586 78
461 586 78
455 586 78
449 586 78
443 586 78
437 586 78
431 586 78
425 586 78
419 586 78
413 586 78
407 586 78
401 586 78
395 586 78
389 586 78
383 586 78
377 586 78
371 586 78
365 586 78
359 586 78
353 586 78
347 586 78
341 586 78
335 586 78
329 586 78
323 586 78
317 586 78
311 586 78
305 586 78
299 586 78
293 586 78
287 586 78
281 586 78
275 586 78
269 586 78
263 586 78
257 586 78
251 586 79
245 586 79
239 586 79
233 586 79
227 586 79
221 586 79
215 586 79
215 592 79
221 592 79
227 592 79
233 592 79
239 592 79
245 592 79
251 592 79
257 592 79
263 592 79
269 592 79
275 592 79
281 592 79
287 592 79
293 592 79
299 592 79
305 592 79
311 592 79
317 592 79
323 592 79
329 592 79
335 592 79
341 592 79
347 592 79
353 592 79
359 592 79
359 598 79
353 598 79
347 598 79
341 598 79
335 598 79
329 598 79
323 598 79
317 598 79
311 598 80
305 598 80
299 598 80
293 598 80
287 598 80
281 598 80
275 598 80
269 598 80
263 598 80
257 598 80
251 598 80
245 598 80
239 598 80
233 598 80
227 598 80
221 598 80
215 598 80
215 604 80
221 604 80
227 604 80
233 604 80
239 604 80
245 604 80
251 604 80
257 604 80
263 604 80
269 604 80
275 604 80
281 604 80
287 604 80
293 604 80
299 604 80
305 604 80
311 604 80
317 604 80
323 604 80
329 604 80
335 604 80
341 604 80
347 604 80
353 604 81
359 604 81
359 610 81
353 610 81
347 610 81
341 610 81
335 610 81
329 610 81
323 610 81
317 610 81
311 610 81
305 610 81
299 610 81
293 610 81
287 610 81
281 610 81
275 610 81
269 610 81
263 610 81
257 610 81
251 610 81
245 610 81
239 610 81
233 610 81
227 610 81
221 610 81
215 610 81
215 616 81
221 616 81
227 616 81
233 616 81
239 616 81
245 616 81
251 616 81
257 616 81
263 616 81
269 616 81
275 616 81
281 616 81
287 616 81
293 616 82
299 616 82
305 616 82
311 616 82
317 616 82
323 616 82
329 616 82
335 616 82
341 616 82
347 616 82
353 616 82
359 616 82
359 622 82
353 622 82
347 622 82
341 622 82
335 622 82
329 622 82
323 622 82
317 622 82
311 622 82
305 622 82
299 622 82
293 622 82
287 622 82
281 622 82
275 622 82
269 622 82
263 622 82
257 622 82
251 622 82
245 622 82
239 622 82
233 622 82
227 622 82
221 622 82
215 622 82
215 628 82
221 628 82
227 628 82
233 628 83
239 628 83
245 628 83
251 628 83
257 628 83
263 628 83
269 628 83
275 628 83
281 628 83
287 628 83
293 628 83
299 628 83
305 628 83
311 628 83
317 628 83
323 628 83
329 628 83
335 628 83
341 628 83
347 628 83
353 628 83
359 628 83
359 634 83
353 634 83
347 634 83
341 634 83
335 634 83
329 634 83
323 634 83
317 634 83
311 634 83
305 634 83
299 634 83
293 634 83
287 634 83
281 634 83
275 634 83
269 634 83
263 634 83
257 634 83
251 634 84
245 634 84
239 634 84
233 634 84
227 634 84
221 634 84
215 634 84
215 640 84
221 640 84
227 640 84
233 640 84
239 640 84
245 640 84
251 640 84
257 640 84
263 640 84
269 640 84
275 640 84
281 640 84
287 640 84
293 640 84
299 640 84
305 640 84
311 640 84
317 640 84
323 640 84
329 640 84
335 640 84
341 640 84
347 640 84
353 640 84
359 640 84
359 646 84
353 646 84
347 646 84
341 646 84
335 646 84
329 646 84
323 646 84
317 646 84
311 646 85
305 646 85
299 646 85
293 646 85
287 646 85
281 646 85
275 646 85
269 646 85
263 646 85
257 646 85
251 646 85
245 646 85
239 646 85
233 646 85
227 646 85
221 646 85
215 646 85
215 652 85
221 652 85
227 652 85
233 652 85
239 652 85
245 652 85
251 652 85
257 652 85
263 652 85
269 652 85
275 652 85
281 652 85
287 652 85
293 652 85
299 652 85
305 652 85
311 652 85
317 652 85
323 652 85
329 652 85
335 652 85
341 652 85
347 652 85
353 652 86
359 652 86
359 658 86
353 658 86
347 658 86
341 658 86
335 658 86
329 658 86
323 658 86
317 658 86
311 658 86
305 658 86
299 658 86
293 658 86
287 658 86
281 658 86
275 658 86
269 658 86
263 658 86
257 658 86
251 658 86
245 658 86
239 658 86
233 658 86
227 658 86
221 658 86
215 658 86
215 664 86
221 664 86
227 664 86
233 664 86
239 664 86
245 664 86
251 664 86
257 664 86
263 664 86
269 664 86
275 664 86
281 664 86
287 664 86
293 664 87
299 664 87
305 664 87
311 664 87
317 664 87
323 664 87
329 664 87
335 664 87
341 664 87
347 664 87
353 664 87
359 664 87
359 670 87
353 670 87
347 670 87
341 670 87
335 670 87
329 670 87
323 670 87
317 670 87
311 670 87
305 670 87
299 670 87
293 670 87
287 670 87
281 670 87
275 670 87
269 670 87
263 670 87
257 670 87
251 670 87
245 670 87
239 670 87
233 670 87
227 670 87
221 670 87
215 670 87
215 676 87
221 676 87
227 676 87
233 676 88
239 676 88
245 676 88
251 676 88
257 676 88
263 676 88
269 676 88
275 676 88
281 676 88
287 676 88
293 676 88
299 676 88
305 676 88
311 676 88
317 676 88
323 676 88
329 676 88
335 676 88
341 676 88
347 676 88
353 676 88
359 676 88
359 682 88
353 682 88
347 682 88
341 682 88
335 682 88
329 682 88
323 682 88
317 682 88
311 682 88
305 682 88
299 682 88
293 682 88
287 682 88
281 682 88
275 682 88
269 682 88
263 682 88
257 682 88
251 682 89
245 682 89
239 682 89
233 682 89
227 682 89
221 682 89
215 682 89
215 688 89
221 688 89
227 688 89
233 688 89
239 688 89
245 688 89
251 688 89
257 688 89
263 688 89
269 688 89
275 688 89
281 688 89
287 688 89
293 688 89
299 688 89
305 688 89
311 688 89
317 688 89
323 688 89
329 688 89
335 688 89
341 688 89
347 688 89
353 688 89
359 688 89
359 694 89
353 694 89
347 694 89
341 694 89
335 694 89
329 694 89
323 694 89
317 694 89
311 694 90
305 694 90
299 694 90
293 694 90
287 694 90
281 694 90
275 694 90
269 694 90
263 694 90
257 694 90
251 694 90
245 694 90
239 694 90
233 694 90
227 694 90
221 694 90
215 694 90
215 700 90
221 700 90
227 700 90
233 700 90
239 700 90
245 700 90
251 700 90
257 700 90
263 700 90
269 700 90
275 700 90
281 700 90
287 700 90
293 700 90
299 700 90
305 700 90
311 700 90
317 700 90
323 700 90
329 700 90
335 700 90
341 700 90
347 700 90
353 700 91
359 700 91
359 706 91
353 706 91
347 706 91
341 706 91
335 706 91
329 706 91
323 706 91
317 706 91
311 706 91
305 706 91
299 706 91
293 706 91
287 706 91
281 706 91
275 706 91
269 706 91
263 706 91
257 706 91
251 706 91
245 706 91
239 706 91
233 706 91
227 706 91
221 706 91
215 706 91
215 712 91
221 712 91
227 712 91
233 712 91
239 712 91
245 712 91
251 712 91
257 712 91
263 712 91
269 712 91
275 712 91
281 712 91
287 712 91
293 712 92
299 712 92
305 712 92
311 712 92
317 712 92
323 712 92
329 712 92
335 712 92
341 712 92
347 712 92
353 712 92
359 712 92
359 718 92
353 718 92
347 718 92
341 718 92
335 718 92
329 718 92
323 718 92
317 718 92
311 718 92
305 718 92
299 718 92
293 718 92
287 718 92
281 718 92
275 718 92
269 718 92
263 718 92
257 718 92
251 718 92
245 718 92
239 718 92
233 718 92
227 718 92
221 718 92
215 718 92
215 724 92
221 724 92
227 724 92
233 724 93
239 724 93
245 724 93
251 724 93
257 724 93
263 724 93
269 724 93
275 724 93
281 724 93
287 724 93
293 724 93
299 724 93
305 724 93
311 724 93
317 724 93
323 724 93
329 724 93
335 724 93
341 724 93
347 724 93
353 724 93
359 724 93
359 730 93
353 730 93
347 730 93
341 730 93
335 730 93
329 730 93
323 730 93
317 730 93
311 730 93
305 730 93
299 730 93
293 730 93
287 730 93
281 730 93
275 730 93
269 730 93
263 730 93
257 730 93
251 730 94
245 730 94
239 730 94
233 730 94
227 730 94
221 730 94
215 730 94
215 736 94
221 736 94
227 736 94
233 736 94
239 736 94
245 736 94
251 736 94
257 736 94
263 736 94
269 736 94
275 736 94
281 736 94
287 736 94
293 736 94
299 736 94
305 736 94
311 736 94
317 736 94
323 736 94
329 736 94
335 736 94
341 736 94
347 736 94
353 736 94
359 736 94
359 742 94
353 742 94
347 742 94
341 742 94
335 742 94
329 742 94
323 742 94
317 742 94
311 742 95
305 742 95
299 742 95
293 742 95
287 742 95
281 742 95
275 742 95
269 742 95
263 742 95
257 742 95
251 742 95
245 742 95
239 742 95
233 742 95
227 742 95
221 742 95
215 742 95
215 748 95
221 748 95
227 748 95
233 748 95
239 748 95
245 748 95
251 748 95
257 748 95
263 748 95
269 748 95
275 748 95
281 748 95
287 748 95
293 748 95
299 748 95
305 748 95
311 748 95
317 748 95
323 748 95
329 748 95
335 748 95
341 748 95
347 748 95
353 748 96
359 748 96
359 754 96
353 754 96
347 754 96
341 754 96
335 754 96
329 754 96
323 754 96
317 754 96
311 754 96
305 754 96
299 754 96
293 754 96
287 754 96
281 754 96
275 754 96
269 754 96
263 754 96
257 754 96
251 754 96
245 754 96
239 754 96
233 754 96
227 754 96
221 754 96
215 754 96
215 760 96
221 760 96
227 760 96
233 760 96
239 760 96
245 760 96
251 760 96
257 760 96
263 760 96
269 760 96
275 760 96
281 760 96
287 760 96
293 760 97
299 760 97
305 760 97
311 760 97
317 760 97
323 760 97
329 760 97
335 760 97
341 760 97
347 760 97
353 760 97
359 760 97
359 766 97
353 766 97
347 766 97
341 766 97
335 766 97
329 766 97
323 766 97
317 766 97
311 766 97
305 766 97
299 766 97
293 766 97
287 766 97
281 766 97
275 766 97
269 766 97
263 766 97
257 766 97
251 766 97
245 766 97
239 766 97
233 766 97
227 766 97
221 766 97
215 766 97
215 772 97
221 772 97
227 772 97
233 772 98
239 772 98
245 772 98
251 772 98
257 772 98
263 772 98
269 772 98
275 772 98
281 772 98
287 772 98
293 772 98
299 772 98
305 772 98
311 772 98
317 772 98
323 772 98
329 772 98
335 772 98
341 772 98
347 772 98
353 772 98
359 772 98
359 778 98
353 778 98
347 778 98
341 778 98
335 778 98
329 778 98
323 778 98
317 778 98
311 778 98
305 778 98
299 778 98
293 778 98
293 784 98
299 784 98
305 784 98
311 784 98
317 784 98
323 784 98
329 784 99
335 784 99
341 784 99
347 784 99
353 784 99
359 784 99
359 790 99
353 790 99
347 790 99
341 790 99
335 790 99
329 790 99
323 790 99
317 790 99
311 790 99
305 790 99
299 790 99
293 790 99
293 796 99
299 796 99
305 796 99
311 796 99
317 796 99
323 796 99
329 796 99
335 796 99
341 796 99
347 796 99
353 796 99
359 796 99
359 802 99
353 802 99
347 802 99
341 802 99
335 802 99
329 802 99
323 802 99
317 802 99
311 802 99
305 802 99
299 802 100
293 802 100
293 808 100
299 808 100
305 808 100
311 808 100
317 808 100
323 808 100
329 808 100
335 808 100
341 808 100
347 808 100
353 808 100
359 808 100
359 814 100
353 814 100
347 814 100
341 814 100
335 814 100
329 814 100
323 814 100
317 814 100
311 814 100
305 814 100
299 814 100
293 814 100
293 820 100
299 820 100
305 820 100
311 820 100
317 820 100
323 820 100
329 820 100
335 820 100
341 820 100
347 820 100
353 820 100
359 820 100
359 826 100
353 826 100
347 826 101
341 826 101
335 826 101
329 826 101
323 826 101
317 826 101
311 826 101
305 826 101
299 826 101
293 826 101
293 832 101
299 832 101
305 832 101
311 832 101
317 832 101
323 832 101
329 832 101
335 832 101
341 832 101
347 832 101
353 832 101
359 832 101
359 838 101
353 838 101
347 838 101
341 838 101
335 838 101
329 838 101
323 838 101
317 838 101
311 838 101
305 838 101
299 838 101
293 838 101
293 844 101
299 844 101
305 844 101
311 844 101
317 844 101
323 844 101
329 844 102
335 844 102
341 844 102
347 844 102
353 844 102
359 844 102
359 850 102
353 850 102
347 850 102
341 850 102
335 850 102
329 850 102
323 850 102
317 850 102
311 850 102
305 850 102
299 850 102
293 850 102
293 856 102
299 856 102
305 856 102
311 856 102
317 856 102
323 856 102
329 856 102
335 856 102
341 856 102
347 856 102
353 856 102
359 856 102
359 862 102
353 862 102
347 862 102
341 862 102
335 862 102
329 862 102
323 862 102
317 862 102
311 862 102
305 862 102
299 862 103
293 862 103
293 868 103
299 868 103
305 868 103
311 868 103
317 868 103
323 868 103
329 868 103
335 868 103
341 868 103
347 868 103
353 868 103
359 868 103
359 874 103
353 874 103
347 874 103
341 874 103
335 874 103
329 874 103
323 874 103
317 874 103
311 874 103
305 874 103
299 874 103
293 874 103
293 880 103
299 880 103
305 880 103
311 880 103
317 880 103
323 880 103
329 880 103
335 880 103
341 880 103
347 880 103
353 880 103
359 880 103
359 886 103
353 886 103
347 886 104
341 886 104
335 886 104
329 886 104
323 886 104
317 886 104
311 886 104
305 886 104
299 886 104
293 886 104
293 892 104
299 892 104
305 892 104
311 892 104
317 892 104
323 892 104
329 892 104
335 892 104
341 892 104
347 892 104
353 892 104
359 892 104
359 898 104
353 898 104
347 898 104
341 898 104
335 898 104
329 898 104
323 898 104
317 898 104
311 898 104
305 898 104
299 898 104
293 898 104
