437 898 0
431 898 0
425 898 0
419 898 0
413 898 0
407 898 0
401 898 0
395 898 0
389 898 0
383 898 0
377 898 0
371 898 0
365 898 0
359 898 0
353 898 0
347 898 0
341 898 0
335 898 0
329 898 0
323 898 0
317 898 0
311 898 0
305 898 0
299 898 0
293 898 0
293 892 0
299 892 0
305 892 0
311 892 0
317 892 0
323 892 0
329 892 0
335 892 0
341 892 0
347 892 0
353 892 0
359 892 0
365 892 0
371 892 0
377 892 0
383 892 1
389 892 1
395 892 1
401 892 1
407 892 1
413 892 1
419 892 1
425 892 1
431 892 1
437 892 1
437 886 1
431 886 1
425 886 1
419 886 1
413 886 1
407 886 1
401 886 1
395 886 1
389 886 1
383 886 1
377 886 1
371 886 1
365 886 1
359 886 1
353 886 1
347 886 1
341 886 1
335 886 1
329 886 1
323 886 1
317 886 1
311 886 1
305 886 1
299 886 1
293 886 1
293 880 1
299 880 1
305 880 1
311 880 1
317 880 1
323 880 2
329 880 2
335 880 2
341 880 2
347 880 2
353 880 2
359 880 2
365 880 2
371 880 2
377 880 2
383 880 2
389 880 2
395 880 2
401 880 2
407 880 2
413 880 2
419 880 2
425 880 2
431 880 2
437 880 2
437 874 2
431 874 2
425 874 2
419 874 2
413 874 2
407 874 2
401 874 2
395 874 2
389 874 2
383 874 2
377 874 2
371 874 2
365 874 2
359 874 2
353 874 2
347 874 2
341 874 2
335 874 2
329 874 2
323 874 2
317 874 3
311 874 3
305 874 3
299 874 3
293 874 3
293 868 3
299 868 3
305 868 3
311 868 3
317 868 3
323 868 3
329 868 3
335 868 3
341 868 3
347 868 3
353 868 3
359 868 3
365 868 3
371 868 3
377 868 3
383 868 3
389 868 3
395 868 3
401 868 3
407 868 3
413 868 3
419 868 3
425 868 3
431 868 3
437 868 3
437 862 3
431 862 3
425 862 3
419 862 3
413 862 3
407 862 3
401 862 3
395 862 3
389 862 3
383 862 3
377 862 4
371 862 4
365 862 4
359 862 4
353 862 4
347 862 4
341 862 4
335 862 4
329 862 4
323 862 4
317 862 4
311 862 4
305 862 4
299 862 4
293 862 4
293 856 4
299 856 4
305 856 4
311 856 4
317 856 4
323 856 4
329 856 4
335 856 4
341 856 4
347 856 4
353 856 4
359 856 4
365 856 4
371 856 4
377 856 4
383 856 4
389 856 4
395 856 4
401 856 4
407 856 4
413 856 4
419 856 4
425 856 4
431 856 4
437 856 4
437 850 5
431 850 5
425 850 5
419 850 5
413 850 5
407 850 5
401 850 5
395 850 5
389 850 5
383 850 5
377 850 5
371 850 5
365 850 5
359 850 5
353 850 5
347 850 5
341 850 5
335 850 5
329 850 5
323 850 5
317 850 5
311 850 5
305 850 5
299 850 5
293 850 5
293 844 5
299 844 5
305 844 5
311 844 5
317 844 5
323 844 5
329 844 5
335 844 5
341 844 5
347 844 5
353 844 5
359 844 5
365 844 5
371 844 5
377 844 5
383 844 6
389 844 6
395 844 6
401 844 6
407 844 6
413 844 6
419 844 6
425 844 6
431 844 6
437 844 6
437 838 6
431 838 6
425 838 6
419 838 6
413 838 6
407 838 6
401 838 6
395 838 6
389 838 6
383 838 6
377 838 6
371 838 6
365 838 6
359 838 6
353 838 6
347 838 6
341 838 6
335 838 6
329 838 6
323 838 6
317 838 6
311 838 6
305 838 6
299 838 6
293 838 6
293 832 6
299 832 6
305 832 6
311 832 6
317 832 6
323 832 7
329 832 7
335 832 7
341 832 7
347 832 7
353 832 7
359 832 7
365 832 7
371 832 7
377 832 7
383 832 7
389 832 7
395 832 7
401 832 7
407 832 7
413 832 7
419 832 7
425 832 7
431 832 7
437 832 7
437 826 7
431 826 7
425 826 7
419 826 7
413 826 7
407 826 7
401 826 7
395 826 7
389 826 7
383 826 7
377 826 7
371 826 7
365 826 7
359 826 7
353 826 7
347 826 7
341 826 7
335 826 7
329 826 7
323 826 7
317 826 8
311 826 8
305 826 8
299 826 8
293 826 8
293 820 8
299 820 8
305 820 8
311 820 8
317 820 8
323 820 8
329 820 8
335 820 8
341 820 8
347 820 8
353 820 8
359 820 8
365 820 8
371 820 8
377 820 8
383 820 8
389 820 8
395 820 8
401 820 8
407 820 8
413 820 8
419 820 8
425 820 8
431 820 8
437 820 8
437 814 8
431 814 8
425 814 8
419 814 8
413 814 8
407 814 8
401 814 8
395 814 8
389 814 8
383 814 8
377 814 9
371 814 9
365 814 9
359 814 9
353 814 9
347 814 9
341 814 9
335 814 9
329 814 9
323 814 9
317 814 9
311 814 9
305 814 9
299 814 9
293 814 9
293 808 9
299 808 9
305 808 9
311 808 9
317 808 9
323 808 9
329 808 9
335 808 9
341 808 9
347 808 9
353 808 9
359 808 9
365 808 9
371 808 9
377 808 9
383 808 9
389 808 9
395 808 9
401 808 9
407 808 9
413 808 9
419 808 9
425 808 9
431 808 9
437 808 9
437 802 10
431 802 10
425 802 10
419 802 10
413 802 10
407 802 10
401 802 10
395 802 10
389 802 10
383 802 10
377 802 10
371 802 10
365 802 10
359 802 10
353 802 10
347 802 10
341 802 10
335 802 10
329 802 10
323 802 10
317 802 10
311 802 10
305 802 10
299 802 10
293 802 10
293 796 10
299 796 10
305 796 10
311 796 10
317 796 10
323 796 10
329 796 10
335 796 10
341 796 10
347 796 10
353 796 10
359 796 10
365 796 10
371 796 10
377 796 10
383 796 11
389 796 11
395 796 11
401 796 11
407 796 11
413 796 11
419 796 11
425 796 11
431 796 11
437 796 11
437 790 11
431 790 11
425 790 11
419 790 11
413 790 11
407 790 11
401 790 11
395 790 11
389 790 11
383 790 11
377 790 11
371 790 11
365 790 11
359 790 11
353 790 11
347 790 11
341 790 11
335 790 11
329 790 11
323 790 11
317 790 11
311 790 11
305 790 11
299 790 11
293 790 11
293 784 11
299 784 11
305 784 11
311 784 11
317 784 11
323 784 12
329 784 12
335 784 12
341 784 12
347 784 12
353 784 12
359 784 12
365 784 12
371 784 12
377 784 12
383 784 12
389 784 12
395 784 12
401 784 12
407 784 12
413 784 12
419 784 12
425 784 12
431 784 12
437 784 12
437 778 12
431 778 12
425 778 12
419 778 12
413 778 12
407 778 12
401 778 12
395 778 12
389 778 12
383 778 12
377 778 12
371 778 12
365 778 12
359 778 12
353 778 12
347 778 12
341 778 12
335 778 12
329 778 12
323 778 12
317 778 13
311 778 13
305 778 13
299 778 13
293 778 13
215 772 13
221 772 13
227 772 13
233 772 13
239 772 13
245 772 13
251 772 13
257 772 13
263 772 13
269 772 13
275 772 13
281 772 13
287 772 13
293 772 13
299 772 13
305 772 13
311 772 13
317 772 13
323 772 13
329 772 13
335 772 13
341 772 13
347 772 13
353 772 13
359 772 13
365 772 13
371 772 13
377 772 13
383 772 13
389 772 13
395 772 13
401 772 13
407 772 13
413 772 13
419 772 13
425 772 14
431 772 14
437 772 14
437 766 14
431 766 14
425 766 14
419 766 14
413 766 14
407 766 14
401 766 14
395 766 14
389 766 14
383 766 14
377 766 14
371 766 14
365 766 14
359 766 14
353 766 14
347 766 14
341 766 14
335 766 14
329 766 14
323 766 14
317 766 14
311 766 14
305 766 14
299 766 14
293 766 14
287 766 14
281 766 14
275 766 14
269 766 14
263 766 14
257 766 14
251 766 14
245 766 14
239 766 14
233 766 14
227 766 14
221 766 14
215 766 15
215 760 15
221 760 15
227 760 15
233 760 15
239 760 15
245 760 15
251 760 15
257 760 15
263 760 15
269 760 15
275 760 15
281 760 15
287 760 15
293 760 15
299 760 15
305 760 15
311 760 15
317 760 15
323 760 15
329 760 15
335 760 15
341 760 15
347 760 15
353 760 15
359 760 15
365 760 15
371 760 15
377 760 15
383 760 15
389 760 15
395 760 15
401 760 15
407 760 15
413 760 15
419 760 15
425 760 15
431 760 15
437 760 15
437 754 15
431 754 16
425 754 16
419 754 16
413 754 16
407 754 16
401 754 16
395 754 16
389 754 16
383 754 16
377 754 16
371 754 16
365 754 16
359 754 16
353 754 16
347 754 16
341 754 16
335 754 16
329 754 16
323 754 16
317 754 16
311 754 16
305 754 16
299 754 16
293 754 16
287 754 16
281 754 16
275 754 16
269 754 16
263 754 16
257 754 16
251 754 16
245 754 16
239 754 16
233 754 16
227 754 16
221 754 16
215 754 16
215 748 16
221 748 16
227 748 16
233 748 17
239 748 17
245 748 17
251 748 17
257 748 17
263 748 17
269 748 17
275 748 17
281 748 17
287 748 17
293 748 17
299 748 17
305 748 17
311 748 17
317 748 17
323 748 17
329 748 17
335 748 17
341 748 17
347 748 17
353 748 17
359 748 17
365 748 17
371 748 17
377 748 17
383 748 17
389 748 17
395 748 17
401 748 17
407 748 17
413 748 17
419 748 17
425 748 17
431 748 17
437 748 17
437 742 17
431 742 17
425 742 17
419 742 17
413 742 17
407 742 18
401 742 18
395 742 18
389 742 18
383 742 18
377 742 18
371 742 18
365 742 18
359 742 18
353 742 18
347 742 18
341 742 18
335 742 18
329 742 18
323 742 18
317 742 18
311 742 18
305 742 18
299 742 18
293 742 18
287 742 18
281 742 18
275 742 18
269 742 18
263 742 18
257 742 18
251 742 18
245 742 18
239 742 18
233 742 18
227 742 18
221 742 18
215 742 18
215 736 18
221 736 18
227 736 18
233 736 18
239 736 18
245 736 18
251 736 18
257 736 19
263 736 19
269 736 19
275 736 19
281 736 19
287 736 19
293 736 19
299 736 19
305 736 19
311 736 19
317 736 19
323 736 19
329 736 19
335 736 19
341 736 19
347 736 19
353 736 19
359 736 19
365 736 19
371 736 19
377 736 19
383 736 19
389 736 19
395 736 19
401 736 19
407 736 19
413 736 19
419 736 19
425 736 19
431 736 19
437 736 19
437 730 19
431 730 19
425 730 19
419 730 19
413 730 19
407 730 19
401 730 19
395 730 19
389 730 19
383 730 20
377 730 20
371 730 20
365 730 20
359 730 20
353 730 20
347 730 20
341 730 20
335 730 20
329 730 20
323 730 20
317 730 20
311 730 20
305 730 20
299 730 20
293 730 20
287 730 20
281 730 20
275 730 20
269 730 20
263 730 20
257 730 20
251 730 20
245 730 20
239 730 20
233 730 20
227 730 20
221 730 20
215 730 20
215 724 20
221 724 20
227 724 20
233 724 20
239 724 20
245 724 20
251 724 20
257 724 20
263 724 20
269 724 20
275 724 20
281 724 21
287 724 21
293 724 21
299 724 21
305 724 21
311 724 21
317 724 21
323 724 21
329 724 21
335 724 21
341 724 21
347 724 21
353 724 21
359 724 21
365 724 21
371 724 21
377 724 21
383 724 21
389 724 21
395 724 21
401 724 21
407 724 21
413 724 21
419 724 21
425 724 21
431 724 21
437 724 21
437 718 21
431 718 21
425 718 21
419 718 21
413 718 21
407 718 21
401 718 21
395 718 21
389 718 21
383 718 21
377 718 21
371 718 21
365 718 21
359 718 22
353 718 22
347 718 22
341 718 22
335 718 22
329 718 22
323 718 22
317 718 22
311 718 22
305 718 22
299 718 22
293 718 22
287 718 22
281 718 22
275 718 22
269 718 22
263 718 22
257 718 22
251 718 22
245 718 22
239 718 22
233 718 22
227 718 22
221 718 22
215 718 22
215 712 22
221 712 22
227 712 22
233 712 22
239 712 22
245 712 22
251 712 22
257 712 22
263 712 22
269 712 22
275 712 22
281 712 22
287 712 22
293 712 22
299 712 22
305 712 23
311 712 23
317 712 23
323 712 23
329 712 23
335 712 23
341 712 23
347 712 23
353 712 23
359 712 23
365 712 23
371 712 23
377 712 23
383 712 23
389 712 23
395 712 23
401 712 23
407 712 23
413 712 23
419 712 23
425 712 23
431 712 23
437 712 23
437 706 23
431 706 23
425 706 23
419 706 23
413 706 23
407 706 23
401 706 23
395 706 23
389 706 23
383 706 23
377 706 23
371 706 23
365 706 23
359 706 23
353 706 23
347 706 23
341 706 23
335 706 24
329 706 24
323 706 24
317 706 24
311 706 24
305 706 24
299 706 24
293 706 24
287 706 24
281 706 24
275 706 24
269 706 24
263 706 24
257 706 24
251 706 24
245 706 24
239 706 24
233 706 24
227 706 24
221 706 24
215 706 24
215 700 24
221 700 24
227 700 24
233 700 24
239 700 24
245 700 24
251 700 24
257 700 24
263 700 24
269 700 24
275 700 24
281 700 24
287 700 24
293 700 24
299 700 24
305 700 24
311 700 24
317 700 24
323 700 24
329 700 25
335 700 25
341 700 25
347 700 25
353 700 25
359 700 25
365 700 25
371 700 25
377 700 25
383 700 25
389 700 25
395 700 25
401 700 25
407 700 25
413 700 25
419 700 25
425 700 25
431 700 25
437 700 25
437 694 25
431 694 25
425 694 25
419 694 25
413 694 25
407 694 25
401 694 25
395 694 25
389 694 25
383 694 25
377 694 25
371 694 25
365 694 25
359 694 25
353 694 25
347 694 25
341 694 25
335 694 25
329 694 25
323 694 25
317 694 25
311 694 26
305 694 26
299 694 26
293 694 26
287 694 26
281 694 26
275 694 26
269 694 26
263 694 26
257 694 26
251 694 26
245 694 26
239 694 26
233 694 26
227 694 26
221 694 26
215 694 26
215 688 26
221 688 26
227 688 26
233 688 26
239 688 26
245 688 26
251 688 26
257 688 26
263 688 26
269 688 26
275 688 26
281 688 26
287 688 26
293 688 26
299 688 26
305 688 26
311 688 26
317 688 26
323 688 26
329 688 26
335 688 26
341 688 26
347 688 26
353 688 27
359 688 27
365 688 27
371 688 27
377 688 27
383 688 27
389 688 27
395 688 27
401 688 27
407 688 27
413 688 27
419 688 27
425 688 27
431 688 27
437 688 27
437 682 27
431 682 27
425 682 27
419 682 27
413 682 27
407 682 27
401 682 27
395 682 27
389 682 27
383 682 27
377 682 27
371 682 27
365 682 27
359 682 27
353 682 27
347 682 27
341 682 27
335 682 27
329 682 27
323 682 27
317 682 27
311 682 27
305 682 27
299 682 27
293 682 27
287 682 28
281 682 28
275 682 28
269 682 28
263 682 28
257 682 28
251 682 28
245 682 28
239 682 28
233 682 28
227 682 28
221 682 28
215 682 28
215 676 28
221 676 28
227 676 28
233 676 28
239 676 28
245 676 28
251 676 28
257 676 28
263 676 28
269 676 28
275 676 28
281 676 28
287 676 28
293 676 28
299 676 28
305 676 28
311 676 28
317 676 28
323 676 28
329 676 28
335 676 28
341 676 28
347 676 28
353 676 28
359 676 28
365 676 28
371 676 28
377 676 29
383 676 29
389 676 29
395 676 29
401 676 29
407 676 29
413 676 29
419 676 29
425 676 29
431 676 29
437 676 29
437 670 29
431 670 29
425 670 29
419 670 29
413 670 29
407 670 29
401 670 29
395 670 29
389 670 29
383 670 29
377 670 29
371 670 29
365 670 29
359 670 29
353 670 29
347 670 29
341 670 29
335 670 29
329 670 29
323 670 29
317 670 29
311 670 29
305 670 29
299 670 29
293 670 29
287 670 29
281 670 29
275 670 29
269 670 29
263 670 30
257 670 30
251 670 30
245 670 30
239 670 30
233 670 30
227 670 30
221 670 30
215 670 30
215 664 30
221 664 30
227 664 30
233 664 30
239 664 30
245 664 30
251 664 30
257 664 30
263 664 30
269 664 30
275 664 30
281 664 30
287 664 30
293 664 30
299 664 30
305 664 30
311 664 30
317 664 30
323 664 30
329 664 30
335 664 30
341 664 30
347 664 30
353 664 30
359 664 30
365 664 30
371 664 30
377 664 30
383 664 30
389 664 30
395 664 30
401 664 31
407 664 31
413 664 31
419 664 31
425 664 31
431 664 31
437 664 31
437 658 31
431 658 31
425 658 31
419 658 31
413 658 31
407 658 31
401 658 31
395 658 31
389 658 31
383 658 31
377 658 31
371 658 31
365 658 31
359 658 31
353 658 31
347 658 31
341 658 31
335 658 31
329 658 31
323 658 31
317 658 31
311 658 31
305 658 31
299 658 31
293 658 31
287 658 31
281 658 31
275 658 31
269 658 31
263 658 31
257 658 31
251 658 31
245 658 31
239 658 32
233 658 32
227 658 32
221 658 32
215 658 32
215 652 32
221 652 32
227 652 32
233 652 32
239 652 32
245 652 32
251 652 32
257 652 32
263 652 32
269 652 32
275 652 32
281 652 32
287 652 32
293 652 32
299 652 32
305 652 32
311 652 32
317 652 32
323 652 32
329 652 32
335 652 32
341 652 32
347 652 32
353 652 32
359 652 32
365 652 32
371 652 32
377 652 32
383 652 32
389 652 32
395 652 32
401 652 32
407 652 32
413 652 32
419 652 32
425 652 33
431 652 33
437 652 33
437 646 33
431 646 33
425 646 33
419 646 33
413 646 33
407 646 33
401 646 33
395 646 33
389 646 33
383 646 33
377 646 33
371 646 33
365 646 33
359 646 33
353 646 33
347 646 33
341 646 33
335 646 33
329 646 33
323 646 33
317 646 33
311 646 33
305 646 33
299 646 33
293 646 33
287 646 33
281 646 33
275 646 33
269 646 33
263 646 33
257 646 33
251 646 33
245 646 33
239 646 33
233 646 33
227 646 33
221 646 33
215 646 34
215 640 34
221 640 34
227 640 34
233 640 34
239 640 34
245 640 34
251 640 34
257 640 34
263 640 34
269 640 34
275 640 34
281 640 34
287 640 34
293 640 34
299 640 34
305 640 34
311 640 34
317 640 34
323 640 34
329 640 34
335 640 34
341 640 34
347 640 34
353 640 34
359 640 34
365 640 34
371 640 34
377 640 34
383 640 34
389 640 34
395 640 34
401 640 34
407 640 34
413 640 34
419 640 34
425 640 34
431 640 34
437 640 34
437 634 34
431 634 35
425 634 35
419 634 35
413 634 35
407 634 35
401 634 35
395 634 35
389 634 35
383 634 35
377 634 35
371 634 35
365 634 35
359 634 35
353 634 35
347 634 35
341 634 35
335 634 35
329 634 35
323 634 35
317 634 35
311 634 35
305 634 35
299 634 35
293 634 35
287 634 35
281 634 35
275 634 35
269 634 35
263 634 35
257 634 35
251 634 35
245 634 35
239 634 35
233 634 35
227 634 35
221 634 35
215 634 35
215 628 35
221 628 35
227 628 35
233 628 36
239 628 36
245 628 36
251 628 36
257 628 36
263 628 36
269 628 36
275 628 36
281 628 36
287 628 36
293 628 36
299 628 36
305 628 36
311 628 36
317 628 36
323 628 36
329 628 36
335 628 36
341 628 36
347 628 36
353 628 36
359 628 36
365 628 36
371 628 36
377 628 36
383 628 36
389 628 36
395 628 36
401 628 36
407 628 36
413 628 36
419 628 36
425 628 36
431 628 36
437 628 36
437 622 36
431 622 36
425 622 36
419 622 36
413 622 36
407 622 37
401 622 37
395 622 37
389 622 37
383 622 37
377 622 37
371 622 37
365 622 37
359 622 37
353 622 37
347 622 37
341 622 37
335 622 37
329 622 37
323 622 37
317 622 37
311 622 37
305 622 37
299 622 37
293 622 37
287 622 37
281 622 37
275 622 37
269 622 37
263 622 37
257 622 37
251 622 37
245 622 37
239 622 37
233 622 37
227 622 37
221 622 37
215 622 37
215 616 37
221 616 37
227 616 37
233 616 37
239 616 37
245 616 37
251 616 37
257 616 38
263 616 38
269 616 38
275 616 38
281 616 38
287 616 38
293 616 38
299 616 38
305 616 38
311 616 38
317 616 38
323 616 38
329 616 38
335 616 38
341 616 38
347 616 38
353 616 38
359 616 38
365 616 38
371 616 38
377 616 38
383 616 38
389 616 38
395 616 38
401 616 38
407 616 38
413 616 38
419 616 38
425 616 38
431 616 38
437 616 38
437 610 38
431 610 38
425 610 38
419 610 38
413 610 38
407 610 38
401 610 38
395 610 38
389 610 38
383 610 39
377 610 39
371 610 39
365 610 39
359 610 39
353 610 39
347 610 39
341 610 39
335 610 39
329 610 39
323 610 39
317 610 39
311 610 39
305 610 39
299 610 39
293 610 39
287 610 39
281 610 39
275 610 39
269 610 39
263 610 39
257 610 39
251 610 39
245 610 39
239 610 39
233 610 39
227 610 39
221 610 39
215 610 39
215 604 39
221 604 39
227 604 39
233 604 39
239 604 39
245 604 39
251 604 39
257 604 39
263 604 39
269 604 39
275 604 39
281 604 40
287 604 40
293 604 40
299 604 40
305 604 40
311 604 40
317 604 40
323 604 40
329 604 40
335 604 40
341 604 40
347 604 40
353 604 40
359 604 40
365 604 40
371 604 40
377 604 40
383 604 40
389 604 40
395 604 40
401 604 40
407 604 40
413 604 40
419 604 40
425 604 40
431 604 40
437 604 40
437 598 40
431 598 40
425 598 40
419 598 40
413 598 40
407 598 40
401 598 40
395 598 40
389 598 40
383 598 40
377 598 40
371 598 40
365 598 40
359 598 41
353 598 41
347 598 41
341 598 41
335 598 41
329 598 41
323 598 41
317 598 41
311 598 41
305 598 41
299 598 41
293 598 41
287 598 41
281 598 41
275 598 41
269 598 41
263 598 41
257 598 41
251 598 41
245 598 41
239 598 41
233 598 41
227 598 41
221 598 41
215 598 41
215 592 41
221 592 41
227 592 41
233 592 41
239 592 41
245 592 41
251 592 41
257 592 41
263 592 41
269 592 41
275 592 41
281 592 41
287 592 41
293 592 41
299 592 41
305 592 42
311 592 42
317 592 42
323 592 42
329 592 42
335 592 42
341 592 42
347 592 42
353 592 42
359 592 42
365 592 42
371 592 42
377 592 42
383 592 42
389 592 42
395 592 42
401 592 42
407 592 42
413 592 42
419 592 42
425 592 42
431 592 42
437 592 42
215 586 42
221 586 42
227 586 42
233 586 42
239 586 42
245 586 42
251 586 42
257 586 42
263 586 42
269 586 42
275 586 42
281 586 42
287 586 42
293 586 42
299 586 42
305 586 42
311 586 42
317 586 43
323 586 43
329 586 43
335 586 43
341 586 43
347 586 43
353 586 43
359 586 43
365 586 43
371 586 43
377 586 43
383 586 43
389 586 43
395 586 43
401 586 43
407 586 43
413 586 43
419 586 43
425 586 43
431 586 43
437 586 43
443 586 43
449 586 43
455 586 43
461 586 43
467 586 43
473 586 43
479 586 43
485 586 43
491 586 43
497 586 43
503 586 43
509 586 43
515 586 43
521 586 43
527 586 43
533 586 43
539 586 43
545 586 43
551 586 43
557 586 44
563 586 44
569 586 44
575 586 44
581 586 44
587 586 44
593 586 44
599 586 44
605 586 44
611 586 44
617 586 44
623 586 44
629 586 44
635 586 44
641 586 44
641 592 44
635 592 44
629 592 44
623 592 44
617 592 44
611 592 44
605 592 44
599 592 44
593 592 44
587 592 44
581 592 44
575 592 44
569 592 44
563 592 44
557 592 44
551 592 44
545 592 44
539 592 44
533 592 44
527 592 44
521 592 44
515 592 44
509 592 44
503 592 44
497 592 44
491 592 45
485 592 45
479 592 45
473 592 45
467 592 45
461 592 45
455 592 45
449 592 45
443 592 45
443 598 45
449 598 45
455 598 45
461 598 45
467 598 45
473 598 45
479 598 45
485 598 45
491 598 45
497 598 45
503 598 45
509 598 45
515 598 45
521 598 45
527 598 45
533 598 45
539 598 45
545 598 45
551 598 45
557 598 45
563 598 45
569 598 45
575 598 45
581 598 45
587 598 45
593 598 45
599 598 45
605 598 45
611 598 45
617 598 45
623 598 45
629 598 46
635 598 46
641 598 46
641 604 46
635 604 46
629 604 46
623 604 46
617 604 46
611 604 46
605 604 46
599 604 46
593 604 46
587 604 46
581 604 46
575 604 46
569 604 46
563 604 46
557 604 46
551 604 46
545 604 46
539 604 46
533 604 46
527 604 46
521 604 46
515 604 46
509 604 46
503 604 46
497 604 46
491 604 46
485 604 46
479 604 46
473 604 46
467 604 46
461 604 46
455 604 46
449 604 46
443 604 46
443 610 46
449 610 46
455 610 46
461 610 47
467 610 47
473 610 47
479 610 47
485 610 47
491 610 47
497 610 47
503 610 47
509 610 47
515 610 47
521 610 47
527 610 47
533 610 47
539 610 47
545 610 47
551 610 47
557 610 47
563 610 47
569 610 47
575 610 47
581 610 47
587 610 47
593 610 47
599 610 47
605 610 47
611 610 47
617 610 47
623 610 47
629 610 47
635 610 47
641 610 47
641 616 47
635 616 47
629 616 47
623 616 47
617 616 47
611 616 47
605 616 47
599 616 47
593 616 47
587 616 48
581 616 48
575 616 48
569 616 48
563 616 48
557 616 48
551 616 48
545 616 48
539 616 48
533 616 48
527 616 48
521 616 48
515 616 48
509 616 48
503 616 48
497 616 48
491 616 48
485 616 48
479 616 48
473 616 48
467 616 48
461 616 48
455 616 48
449 616 48
443 616 48
443 622 48
449 622 48
455 622 48
461 622 48
467 622 48
473 622 48
479 622 48
485 622 48
491 622 48
497 622 48
503 622 48
509 622 48
515 622 48
521 622 48
527 622 48
533 622 49
539 622 49
545 622 49
551 622 49
557 622 49
563 622 49
569 622 49
575 622 49
581 622 49
587 622 49
593 622 49
599 622 49
605 622 49
611 622 49
617 622 49
623 622 49
629 622 49
635 622 49
641 622 49
641 628 49
635 628 49
629 628 49
623 628 49
617 628 49
611 628 49
605 628 49
599 628 49
593 628 49
587 628 49
581 628 49
575 628 49
569 628 49
563 628 49
557 628 49
551 628 49
545 628 49
539 628 49
533 628 49
527 628 49
521 628 49
515 628 50
509 628 50
503 628 50
497 628 50
491 628 50
485 628 50
479 628 50
473 628 50
467 628 50
461 628 50
455 628 50
449 628 50
443 628 50
443 634 50
449 634 50
455 634 50
461 634 50
467 634 50
473 634 50
479 634 50
485 634 50
491 634 50
497 634 50
503 634 50
509 634 50
515 634 50
521 634 50
527 634 50
533 634 50
539 634 50
545 634 50
551 634 50
557 634 50
563 634 50
569 634 50
575 634 50
581 634 50
587 634 50
593 634 50
599 634 50
605 634 51
611 634 51
617 634 51
623 634 51
629 634 51
635 634 51
641 634 51
641 640 51
635 640 51
629 640 51
623 640 51
617 640 51
611 640 51
605 640 51
599 640 51
593 640 51
587 640 51
581 640 51
575 640 51
569 640 51
563 640 51
557 640 51
551 640 51
545 640 51
539 640 51
533 640 51
527 640 51
521 640 51
515 640 51
509 640 51
503 640 51
497 640 51
491 640 51
485 640 51
479 640 51
473 640 51
467 640 51
461 640 51
455 640 51
449 640 51
443 640 52
443 646 52
449 646 52
455 646 52
461 646 52
467 646 52
473 646 52
479 646 52
485 646 52
491 646 52
497 646 52
503 646 52
509 646 52
515 646 52
521 646 52
527 646 52
533 646 52
539 646 52
545 646 52
551 646 52
557 646 52
563 646 52
569 646 52
575 646 52
581 646 52
587 646 52
593 646 52
599 646 52
605 646 52
611 646 52
617 646 52
623 646 52
629 646 52
635 646 52
641 646 52
641 652 52
635 652 52
629 652 52
623 652 52
617 652 52
611 652 53
605 652 53
599 652 53
593 652 53
587 652 53
581 652 53
575 652 53
569 652 53
563 652 53
557 652 53
551 652 53
545 652 53
539 652 53
533 652 53
527 652 53
521 652 53
515 652 53
509 652 53
503 652 53
497 652 53
491 652 53
485 652 53
479 652 53
473 652 53
467 652 53
461 652 53
455 652 53
449 652 53
443 652 53
443 658 53
449 658 53
455 658 53
461 658 53
467 658 53
473 658 53
479 658 53
485 658 53
491 658 53
497 658 53
503 658 53
509 658 54
515 658 54
521 658 54
527 658 54
533 658 54
539 658 54
545 658 54
551 658 54
557 658 54
563 658 54
569 658 54
575 658 54
581 658 54
587 658 54
593 658 54
599 658 54
605 658 54
611 658 54
617 658 54
623 658 54
629 658 54
635 658 54
641 658 54
641 664 54
635 664 54
629 664 54
623 664 54
617 664 54
611 664 54
605 664 54
599 664 54
593 664 54
587 664 54
581 664 54
575 664 54
569 664 54
563 664 54
557 664 54
551 664 54
545 664 54
539 664 55
533 664 55
527 664 55
521 664 55
515 664 55
509 664 55
503 664 55
497 664 55
491 664 55
485 664 55
479 664 55
473 664 55
467 664 55
461 664 55
455 664 55
449 664 55
443 664 55
443 670 55
449 670 55
455 670 55
461 670 55
467 670 55
473 670 55
479 670 55
485 670 55
491 670 55
497 670 55
503 670 55
509 670 55
515 670 55
521 670 55
527 670 55
533 670 55
539 670 55
545 670 55
551 670 55
557 670 55
563 670 55
569 670 55
575 670 55
581 670 56
587 670 56
593 670 56
599 670 56
605 670 56
611 670 56
617 670 56
623 670 56
629 670 56
635 670 56
641 670 56
641 676 56
635 676 56
629 676 56
623 676 56
617 676 56
611 676 56
605 676 56
599 676 56
593 676 56
587 676 56
581 676 56
575 676 56
569 676 56
563 676 56
557 676 56
551 676 56
545 676 56
539 676 56
533 676 56
527 676 56
521 676 56
515 676 56
509 676 56
503 676 56
497 676 56
491 676 56
485 676 56
479 676 56
473 676 56
467 676 57
461 676 57
455 676 57
449 676 57
443 676 57
443 682 57
449 682 57
455 682 57
461 682 57
467 682 57
473 682 57
479 682 57
485 682 57
491 682 57
497 682 57
503 682 57
509 682 57
515 682 57
521 682 57
527 682 57
533 682 57
539 682 57
545 682 57
551 682 57
557 682 57
563 682 57
569 682 57
575 682 57
581 682 57
587 682 57
593 682 57
599 682 57
605 682 57
611 682 57
617 682 57
623 682 57
629 682 57
635 682 57
641 682 57
641 688 57
635 688 58
629 688 58
623 688 58
617 688 58
611 688 58
605 688 58
599 688 58
593 688 58
587 688 58
581 688 58
575 688 58
569 688 58
563 688 58
557 688 58
551 688 58
545 688 58
539 688 58
533 688 58
527 688 58
521 688 58
515 688 58
509 688 58
503 688 58
497 688 58
491 688 58
485 688 58
479 688 58
473 688 58
467 688 58
461 688 58
455 688 58
449 688 58
443 688 58
443 694 58
449 694 58
455 694 58
461 694 58
467 694 58
473 694 58
479 694 58
485 694 59
491 694 59
497 694 59
503 694 59
509 694 59
515 694 59
521 694 59
527 694 59
533 694 59
539 694 59
545 694 59
551 694 59
557 694 59
563 694 59
569 694 59
575 694 59
581 694 59
587 694 59
593 694 59
599 694 59
605 694 59
611 694 59
617 694 59
623 694 59
629 694 59
635 694 59
641 694 59
641 700 59
635 700 59
629 700 59
623 700 59
617 700 59
611 700 59
605 700 59
599 700 59
593 700 59
587 700 59
581 700 59
575 700 59
569 700 59
563 700 60
557 700 60
551 700 60
545 700 60
539 700 60
533 700 60
527 700 60
521 700 60
515 700 60
509 700 60
503 700 60
497 700 60
491 700 60
485 700 60
479 700 60
473 700 60
467 700 60
461 700 60
455 700 60
449 700 60
443 700 60
443 706 60
449 706 60
455 706 60
461 706 60
467 706 60
473 706 60
479 706 60
485 706 60
491 706 60
497 706 60
503 706 60
509 706 60
515 706 60
521 706 60
527 706 60
533 706 60
539 706 60
545 706 60
551 706 60
557 706 61
563 706 61
569 706 61
575 706 61
581 706 61
587 706 61
593 706 61
599 706 61
605 706 61
611 706 61
617 706 61
623 706 61
629 706 61
635 706 61
641 706 61
641 712 61
635 712 61
629 712 61
623 712 61
617 712 61
611 712 61
605 712 61
599 712 61
593 712 61
587 712 61
581 712 61
575 712 61
569 712 61
563 712 61
557 712 61
551 712 61
545 712 61
539 712 61
533 712 61
527 712 61
521 712 61
515 712 61
509 712 61
503 712 61
497 712 61
491 712 62
485 712 62
479 712 62
473 712 62
467 712 62
461 712 62
455 712 62
449 712 62
443 712 62
443 718 62
449 718 62
455 718 62
461 718 62
467 718 62
473 718 62
479 718 62
485 718 62
491 718 62
497 718 62
503 718 62
509 718 62
515 718 62
521 718 62
527 718 62
533 718 62
539 718 62
545 718 62
551 718 62
557 718 62
563 718 62
569 718 62
575 718 62
581 718 62
587 718 62
593 718 62
599 718 62
605 718 62
611 718 62
617 718 62
623 718 62
629 718 63
635 718 63
641 718 63
641 724 63
635 724 63
629 724 63
623 724 63
617 724 63
611 724 63
605 724 63
599 724 63
593 724 63
587 724 63
581 724 63
575 724 63
569 724 63
563 724 63
557 724 63
551 724 63
545 724 63
539 724 63
533 724 63
527 724 63
521 724 63
515 724 63
509 724 63
503 724 63
497 724 63
491 724 63
485 724 63
479 724 63
473 724 63
467 724 63
461 724 63
455 724 63
449 724 63
443 724 63
443 730 63
449 730 63
455 730 63
461 730 64
467 730 64
473 730 64
479 730 64
485 730 64
491 730 64
497 730 64
503 730 64
509 730 64
515 730 64
521 730 64
527 730 64
533 730 64
539 730 64
545 730 64
551 730 64
557 730 64
563 730 64
569 730 64
575 730 64
581 730 64
587 730 64
593 730 64
599 730 64
605 730 64
611 730 64
617 730 64
623 730 64
629 730 64
635 730 64
641 730 64
641 736 64
635 736 64
629 736 64
623 736 64
617 736 64
611 736 64
605 736 64
599 736 64
593 736 64
587 736 65
581 736 65
575 736 65
569 736 65
563 736 65
557 736 65
551 736 65
545 736 65
539 736 65
533 736 65
527 736 65
521 736 65
515 736 65
509 736 65
503 736 65
497 736 65
491 736 65
485 736 65
479 736 65
473 736 65
467 736 65
461 736 65
455 736 65
449 736 65
443 736 65
443 742 65
449 742 65
455 742 65
461 742 65
467 742 65
473 742 65
479 742 65
485 742 65
491 742 65
497 742 65
503 742 65
509 742 65
515 742 65
521 742 65
527 742 65
533 742 66
539 742 66
545 742 66
551 742 66
557 742 66
563 742 66
569 742 66
575 742 66
581 742 66
587 742 66
593 742 66
599 742 66
605 742 66
611 742 66
617 742 66
623 742 66
629 742 66
635 742 66
641 742 66
641 748 66
635 748 66
629 748 66
623 748 66
617 748 66
611 748 66
605 748 66
599 748 66
593 748 66
587 748 66
581 748 66
575 748 66
569 748 66
563 748 66
557 748 66
551 748 66
545 748 66
539 748 66
533 748 66
527 748 66
521 748 66
515 748 67
509 748 67
503 748 67
497 748 67
491 748 67
485 748 67
479 748 67
473 748 67
467 748 67
461 748 67
455 748 67
449 748 67
443 748 67
443 754 67
449 754 67
455 754 67
461 754 67
467 754 67
473 754 67
479 754 67
485 754 67
491 754 67
497 754 67
503 754 67
509 754 67
515 754 67
521 754 67
527 754 67
533 754 67
539 754 67
545 754 67
551 754 67
557 754 67
563 754 67
569 754 67
575 754 67
581 754 67
587 754 67
593 754 67
599 754 67
605 754 68
611 754 68
617 754 68
623 754 68
629 754 68
635 754 68
641 754 68
641 760 68
635 760 68
629 760 68
623 760 68
617 760 68
611 760 68
605 760 68
599 760 68
593 760 68
587 760 68
581 760 68
575 760 68
569 760 68
563 760 68
557 760 68
551 760 68
545 760 68
539 760 68
533 760 68
527 760 68
521 760 68
515 760 68
509 760 68
503 760 68
497 760 68
491 760 68
485 760 68
479 760 68
473 760 68
467 760 68
461 760 68
455 760 68
449 760 68
443 760 69
443 766 69
449 766 69
455 766 69
461 766 69
467 766 69
473 766 69
479 766 69
485 766 69
491 766 69
497 766 69
503 766 69
509 766 69
515 766 69
521 766 69
527 766 69
533 766 69
539 766 69
545 766 69
551 766 69
557 766 69
563 766 69
569 766 69
575 766 69
581 766 69
587 766 69
593 766 69
599 766 69
605 766 69
611 766 69
617 766 69
623 766 69
629 766 69
635 766 69
641 766 69
641 772 69
635 772 69
629 772 69
623 772 69
617 772 69
611 772 70
605 772 70
599 772 70
593 772 70
587 772 70
581 772 70
575 772 70
569 772 70
563 772 70
557 772 70
551 772 70
545 772 70
539 772 70
533 772 70
527 772 70
521 772 70
515 772 70
509 772 70
503 772 70
497 772 70
491 772 70
485 772 70
479 772 70
473 772 70
467 772 70
461 772 70
455 772 70
449 772 70
443 772 70
443 778 70
449 778 70
455 778 70
461 778 70
467 778 70
473 778 70
479 778 70
485 778 70
491 778 70
497 778 70
503 778 70
509 778 71
515 778 71
521 778 71
527 778 71
533 778 71
539 778 71
545 778 71
551 778 71
557 778 71
563 778 71
569 778 71
575 778 71
581 778 71
587 778 71
593 778 71
599 778 71
605 778 71
611 778 71
617 778 71
623 778 71
629 778 71
635 778 71
641 778 71
641 784 71
635 784 71
629 784 71
623 784 71
617 784 71
611 784 71
605 784 71
599 784 71
593 784 71
587 784 71
581 784 71
575 784 71
569 784 71
563 784 71
557 784 71
551 784 71
545 784 71
539 784 72
533 784 72
527 784 72
521 784 72
515 784 72
509 784 72
503 784 72
497 784 72
491 784 72
485 784 72
479 784 72
473 784 72
467 784 72
461 784 72
455 784 72
449 784 72
443 784 72
443 790 72
449 790 72
455 790 72
461 790 72
467 790 72
473 790 72
479 790 72
485 790 72
491 790 72
497 790 72
503 790 72
509 790 72
515 790 72
521 790 72
527 790 72
533 790 72
539 790 72
545 790 72
551 790 72
557 790 72
563 790 72
569 790 72
575 790 72
581 790 73
587 790 73
593 790 73
599 790 73
605 790 73
611 790 73
617 790 73
623 790 73
629 790 73
635 790 73
641 790 73
641 796 73
635 796 73
629 796 73
623 796 73
617 796 73
611 796 73
605 796 73
599 796 73
593 796 73
587 796 73
581 796 73
575 796 73
569 796 73
563 796 73
557 796 73
551 796 73
545 796 73
539 796 73
533 796 73
527 796 73
521 796 73
515 796 73
509 796 73
503 796 73
497 796 73
491 796 73
485 796 73
479 796 73
473 796 73
467 796 74
461 796 74
455 796 74
449 796 74
443 796 74
443 802 74
449 802 74
455 802 74
461 802 74
467 802 74
473 802 74
479 802 74
485 802 74
491 802 74
497 802 74
503 802 74
509 802 74
515 802 74
521 802 74
527 802 74
533 802 74
539 802 74
545 802 74
551 802 74
557 802 74
563 802 74
569 802 74
575 802 74
581 802 74
587 802 74
593 802 74
599 802 74
605 802 74
611 802 74
617 802 74
623 802 74
629 802 74
635 802 74
641 802 74
641 808 74
635 808 75
629 808 75
623 808 75
617 808 75
611 808 75
605 808 75
599 808 75
593 808 75
587 808 75
581 808 75
575 808 75
569 808 75
563 808 75
557 808 75
551 808 75
545 808 75
539 808 75
533 808 75
527 808 75
521 808 75
515 808 75
509 808 75
503 808 75
497 808 75
491 808 75
485 808 75
479 808 75
473 808 75
467 808 75
461 808 75
455 808 75
449 808 75
443 808 75
443 814 75
449 814 75
455 814 75
461 814 75
467 814 75
473 814 75
479 814 75
485 814 76
491 814 76
497 814 76
503 814 76
509 814 76
515 814 76
521 814 76
527 814 76
533 814 76
539 814 76
545 814 76
551 814 76
557 814 76
563 814 76
569 814 76
575 814 76
581 814 76
587 814 76
593 814 76
599 814 76
605 814 76
611 814 76
617 814 76
623 814 76
629 814 76
635 814 76
641 814 76
641 820 76
635 820 76
629 820 76
623 820 76
617 820 76
611 820 76
605 820 76
599 820 76
593 820 76
587 820 76
581 820 76
575 820 76
569 820 76
563 820 77
557 820 77
551 820 77
545 820 77
539 820 77
533 820 77
527 820 77
521 820 77
515 820 77
509 820 77
503 820 77
497 820 77
491 820 77
485 820 77
479 820 77
473 820 77
467 820 77
461 820 77
455 820 77
449 820 77
443 820 77
443 826 77
449 826 77
455 826 77
461 826 77
467 826 77
473 826 77
479 826 77
485 826 77
491 826 77
497 826 77
503 826 77
509 826 77
515 826 77
521 826 77
527 826 77
533 826 77
539 826 77
545 826 77
551 826 77
557 826 78
563 826 78
569 826 78
575 826 78
581 826 78
587 826 78
593 826 78
599 826 78
605 826 78
611 826 78
617 826 78
623 826 78
629 826 78
635 826 78
641 826 78
641 832 78
635 832 78
629 832 78
623 832 78
617 832 78
611 832 78
605 832 78
599 832 78
593 832 78
587 832 78
581 832 78
575 832 78
569 832 78
563 832 78
557 832 78
551 832 78
545 832 78
539 832 78
533 832 78
527 832 78
521 832 78
515 832 78
509 832 78
503 832 78
497 832 78
491 832 79
485 832 79
479 832 79
473 832 79
467 832 79
461 832 79
455 832 79
449 832 79
443 832 79
443 838 79
449 838 79
455 838 79
461 838 79
467 838 79
473 838 79
479 838 79
485 838 79
491 838 79
497 838 79
503 838 79
509 838 79
515 838 79
521 838 79
527 838 79
533 838 79
539 838 79
545 838 79
551 838 79
557 838 79
563 838 79
569 838 79
575 838 79
581 838 79
587 838 79
593 838 79
599 838 79
605 838 79
611 838 79
617 838 79
623 838 79
629 838 80
635 838 80
641 838 80
641 844 80
635 844 80
629 844 80
623 844 80
617 844 80
611 844 80
605 844 80
599 844 80
593 844 80
587 844 80
581 844 80
575 844 80
569 844 80
563 844 80
557 844 80
551 844 80
545 844 80
539 844 80
533 844 80
527 844 80
521 844 80
515 844 80
509 844 80
503 844 80
497 844 80
491 844 80
485 844 80
479 844 80
473 844 80
467 844 80
461 844 80
455 844 80
449 844 80
443 844 80
443 850 80
449 850 80
455 850 80
461 850 81
467 850 81
473 850 81
479 850 81
485 850 81
491 850 81
497 850 81
503 850 81
509 850 81
515 850 81
521 850 81
527 850 81
533 850 81
539 850 81
545 850 81
551 850 81
557 850 81
563 850 81
569 850 81
575 850 81
581 850 81
587 850 81
593 850 81
599 850 81
605 850 81
611 850 81
617 850 81
623 850 81
629 850 81
635 850 81
641 850 81
641 856 81
635 856 81
629 856 81
623 856 81
617 856 81
611 856 81
605 856 81
599 856 81
593 856 81
587 856 82
581 856 82
575 856 82
569 856 82
563 856 82
557 856 82
551 856 82
545 856 82
539 856 82
533 856 82
527 856 82
521 856 82
515 856 82
509 856 82
503 856 82
497 856 82
491 856 82
485 856 82
479 856 82
473 856 82
467 856 82
461 856 82
455 856 82
449 856 82
443 856 82
443 862 82
449 862 82
455 862 82
461 862 82
467 862 82
473 862 82
479 862 82
485 862 82
491 862 82
497 862 82
503 862 82
509 862 82
515 862 82
521 862 82
527 862 82
533 862 83
539 862 83
545 862 83
551 862 83
557 862 83
563 862 83
569 862 83
575 862 83
581 862 83
587 862 83
593 862 83
599 862 83
605 862 83
611 862 83
617 862 83
623 862 83
629 862 83
635 862 83
641 862 83
641 868 83
635 868 83
629 868 83
623 868 83
617 868 83
611 868 83
605 868 83
599 868 83
593 868 83
587 868 83
581 868 83
575 868 83
569 868 83
563 868 83
557 868 83
551 868 83
545 868 83
539 868 83
533 868 83
527 868 83
521 868 83
515 868 84
509 868 84
503 868 84
497 868 84
491 868 84
485 868 84
479 868 84
473 868 84
467 868 84
461 868 84
455 868 84
449 868 84
443 868 84
443 874 84
449 874 84
455 874 84
461 874 84
467 874 84
473 874 84
479 874 84
485 874 84
491 874 84
497 874 84
503 874 84
509 874 84
515 874 84
521 874 84
527 874 84
533 874 84
539 874 84
545 874 84
551 874 84
557 874 84
563 874 84
569 874 84
575 874 84
581 874 84
587 874 84
593 874 84
599 874 84
605 874 85
611 874 85
617 874 85
623 874 85
629 874 85
635 874 85
641 874 85
641 880 85
635 880 85
629 880 85
623 880 85
617 880 85
611 880 85
605 880 85
599 880 85
593 880 85
587 880 85
581 880 85
575 880 85
569 880 85
563 880 85
557 880 85
551 880 85
545 880 85
539 880 85
533 880 85
527 880 85
521 880 85
515 880 85
509 880 85
503 880 85
497 880 85
491 880 85
485 880 85
479 880 85
473 880 85
467 880 85
461 880 85
455 880 85
449 880 85
443 880 86
443 886 86
449 886 86
455 886 86
461 886 86
467 886 86
473 886 86
479 886 86
485 886 86
491 886 86
497 886 86
503 886 86
509 886 86
515 886 86
521 886 86
527 886 86
533 886 86
539 886 86
545 886 86
551 886 86
557 886 86
563 886 86
569 886 86
575 886 86
581 886 86
587 886 86
593 886 86
599 886 86
605 886 86
611 886 86
617 886 86
623 886 86
629 886 86
635 886 86
641 886 86
641 892 86
635 892 86
629 892 86
623 892 86
617 892 86
611 892 87
605 892 87
599 892 87
593 892 87
587 892 87
581 892 87
575 892 87
569 892 87
563 892 87
557 892 87
551 892 87
545 892 87
539 892 87
533 892 87
527 892 87
521 892 87
515 892 87
509 892 87
503 892 87
497 892 87
491 892 87
485 892 87
479 892 87
473 892 87
467 892 87
461 892 87
455 892 87
449 892 87
443 892 87
443 898 87
449 898 87
455 898 87
461 898 87
467 898 87
473 898 87
479 898 87
485 898 87
491 898 87
497 898 87
503 898 87
509 898 88
515 898 88
521 898 88
527 898 88
533 898 88
539 898 88
545 898 88
551 898 88
557 898 88
563 898 88
569 898 88
575 898 88
581 898 88
587 898 88
593 898 88
599 898 88
605 898 88
611 898 88
617 898 88
623 898 88
629 898 88
635 898 88
641 898 88
641 904 88
635 904 88
629 904 88
623 904 88
617 904 88
611 904 88
605 904 88
599 904 88
593 904 88
587 904 88
581 904 88
575 904 88
569 904 88
563 904 88
557 904 88
551 904 88
545 904 88
539 904 89
533 904 89
527 904 89
521 904 89
515 904 89
509 904 89
503 904 89
497 904 89
491 904 89
485 904 89
479 904 89
473 904 89
467 904 89
461 904 89
461 910 89
467 910 89
473 910 89
479 910 89
485 910 89
491 910 89
497 910 89
503 910 89
509 910 89
515 910 89
521 910 89
527 910 89
533 910 89
539 910 89
545 910 89
551 910 89
557 910 89
563 910 89
569 910 89
575 910 89
581 910 89
587 910 89
593 910 89
599 910 89
605 910 89
611 910 89
617 910 90
623 910 90
629 910 90
635 910 90
641 910 90
641 916 90
635 916 90
629 916 90
623 916 90
617 916 90
611 916 90
605 916 90
599 916 90
593 916 90
587 916 90
581 916 90
575 916 90
569 916 90
563 916 90
557 916 90
551 916 90
545 916 90
539 916 90
533 916 90
527 916 90
521 916 90
515 916 90
509 916 90
503 916 90
497 916 90
491 916 90
485 916 90
479 916 90
473 916 90
467 916 90
461 916 90
461 922 90
467 922 90
473 922 90
479 922 90
485 922 91
491 922 91
497 922 91
503 922 91
509 922 91
515 922 91
521 922 91
527 922 91
533 922 91
539 922 91
545 922 91
551 922 91
557 922 91
563 922 91
569 922 91
575 922 91
581 922 91
587 922 91
593 922 91
599 922 91
605 922 91
611 922 91
617 922 91
623 922 91
629 922 91
635 922 91
641 922 91
641 928 91
635 928 91
629 928 91
623 928 91
617 928 91
611 928 91
605 928 91
599 928 91
593 928 91
587 928 91
581 928 91
575 928 91
569 928 91
563 928 92
557 928 92
551 928 92
545 928 92
539 928 92
533 928 92
527 928 92
521 928 92
515 928 92
509 928 92
503 928 92
497 928 92
491 928 92
485 928 92
479 928 92
473 928 92
467 928 92
461 928 92
461 934 92
467 934 92
473 934 92
479 934 92
485 934 92
491 934 92
497 934 92
503 934 92
509 934 92
515 934 92
521 934 92
527 934 92
533 934 92
539 934 92
545 934 92
551 934 92
557 934 92
563 934 92
569 934 92
575 934 92
581 934 92
587 934 92
593 934 93
599 934 93
605 934 93
611 934 93
617 934 93
623 934 93
629 934 93
635 934 93
641 934 93
641 940 93
635 940 93
629 940 93
623 940 93
617 940 93
611 940 93
605 940 93
599 940 93
593 940 93
587 940 93
581 940 93
575 940 93
569 940 93
563 940 93
557 940 93
551 940 93
545 940 93
539 940 93
533 940 93
527 940 93
521 940 93
515 940 93
509 940 93
503 940 93
497 940 93
491 940 93
485 940 93
479 940 93
473 940 93
467 940 93
461 940 93
461 946 94
467 946 94
473 946 94
479 946 94
485 946 94
491 946 94
497 946 94
503 946 94
509 946 94
515 946 94
521 946 94
527 946 94
533 946 94
539 946 94
545 946 94
551 946 94
557 946 94
563 946 94
569 946 94
575 946 94
581 946 94
587 946 94
593 946 94
599 946 94
605 946 94
611 946 94
617 946 94
623 946 94
629 946 94
635 946 94
641 946 94
641 952 94
635 952 94
629 952 94
623 952 94
617 952 94
611 952 94
605 952 94
599 952 94
593 952 94
587 952 95
581 952 95
575 952 95
569 952 95
563 952 95
557 952 95
551 952 95
545 952 95
539 952 95
533 952 95
527 952 95
521 952 95
515 952 95
509 952 95
503 952 95
497 952 95
491 952 95
485 952 95
479 952 95
473 952 95
467 952 95
461 952 95
461 958 95
467 958 95
473 958 95
479 958 95
485 958 95
491 958 95
497 958 95
503 958 95
509 958 95
515 958 95
521 958 95
527 958 95
533 958 95
539 958 95
545 958 95
551 958 95
557 958 95
563 958 95
569 958 96
575 958 96
581 958 96
587 958 96
593 958 96
599 958 96
605 958 96
611 958 96
617 958 96
623 958 96
629 958 96
635 958 96
641 958 96
641 964 96
635 964 96
629 964 96
623 964 96
617 964 96
611 964 96
605 964 96
599 964 96
593 964 96
587 964 96
581 964 96
575 964 96
569 964 96
563 964 96
557 964 96
551 964 96
545 964 96
539 964 96
533 964 96
527 964 96
521 964 96
515 964 96
509 964 96
503 964 96
497 964 96
491 964 96
485 964 96
479 964 97
473 964 97
467 964 97
461 964 97
461 970 97
467 970 97
473 970 97
479 970 97
485 970 97
491 970 97
497 970 97
503 970 97
509 970 97
515 970 97
521 970 97
527 970 97
533 970 97
539 970 97
545 970 97
551 970 97
557 970 97
563 970 97
569 970 97
575 970 97
581 970 97
587 970 97
593 970 97
599 970 97
605 970 97
611 970 97
617 970 97
623 970 97
629 970 97
635 970 97
641 970 97
641 976 97
635 976 97
629 976 97
623 976 97
617 976 97
611 976 98
605 976 98
599 976 98
593 976 98
587 976 98
581 976 98
575 976 98
569 976 98
563 976 98
557 976 98
551 976 98
545 976 98
539 976 98
533 976 98
527 976 98
521 976 98
515 976 98
509 976 98
503 976 98
497 976 98
491 976 98
485 976 98
479 976 98
473 976 98
467 976 98
461 976 98
461 982 98
467 982 98
473 982 98
479 982 98
485 982 98
491 982 98
497 982 98
503 982 98
509 982 98
515 982 98
521 982 98
527 982 98
533 982 98
539 982 98
545 982 99
551 982 99
557 982 99
563 982 99
569 982 99
575 982 99
581 982 99
587 982 99
593 982 99
599 982 99
605 982 99
611 982 99
617 982 99
623 982 99
629 982 99
635 982 99
641 982 99
641 988 99
635 988 99
629 988 99
623 988 99
617 988 99
611 988 99
605 988 99
599 988 99
593 988 99
587 988 99
581 988 99
575 988 99
569 988 99
563 988 99
557 988 99
551 988 99
545 988 99
539 988 99
533 988 99
527 988 99
521 988 99
515 988 99
509 988 99
503 988 100
497 988 100
491 988 100
485 988 100
479 988 100
473 988 100
467 988 100
461 988 100
461 994 100
467 994 100
473 994 100
479 994 100
485 994 100
491 994 100
497 994 100
503 994 100
509 994 100
515 994 100
521 994 100
527 994 100
533 994 100
539 994 100
545 994 100
551 994 100
557 994 100
563 994 100
569 994 100
575 994 100
581 994 100
587 994 100
593 994 100
599 994 100
605 994 100
611 994 100
617 994 100
623 994 100
629 994 100
635 994 100
641 994 100
641 1000 100
635 1000 101
629 1000 101
623 1000 101
617 1000 101
611 1000 101
605 1000 101
599 1000 101
593 1000 101
587 1000 101
581 1000 101
575 1000 101
569 1000 101
563 1000 101
557 1000 101
551 1000 101
545 1000 101
539 1000 101
533 1000 101
527 1000 101
521 1000 101
515 1000 101
509 1000 101
503 1000 101
497 1000 101
491 1000 101
485 1000 101
479 1000 101
473 1000 101
467 1000 101
461 1000 101
461 1006 101
467 1006 101
473 1006 101
479 1006 101
485 1006 101
491 1006 101
497 1006 101
503 1006 101
509 1006 101
515 1006 101
521 1006 102
527 1006 102
533 1006 102
539 1006 102
545 1006 102
551 1006 102
557 1006 102
563 1006 102
569 1006 102
575 1006 102
581 1006 102
587 1006 102
593 1006 102
599 1006 102
605 1006 102
611 1006 102
617 1006 102
623 1006 102
629 1006 102
635 1006 102
641 1006 102
641 1012 102
635 1012 102
629 1012 102
623 1012 102
617 1012 102
611 1012 102
605 1012 102
599 1012 102
593 1012 102
587 1012 102
581 1012 102
575 1012 102
569 1012 102
563 1012 102
557 1012 102
551 1012 102
545 1012 102
539 1012 102
533 1012 102
527 1012 103
521 1012 103
515 1012 103
509 1012 103
503 1012 103
497 1012 103
491 1012 103
485 1012 103
479 1012 103
473 1012 103
467 1012 103
461 1012 103
461 1018 103
467 1018 103
473 1018 103
479 1018 103
485 1018 103
491 1018 103
497 1018 103
503 1018 103
509 1018 103
515 1018 103
521 1018 103
527 1018 103
533 1018 103
539 1018 103
545 1018 103
551 1018 103
557 1018 103
563 1018 103
569 1018 103
575 1018 103
581 1018 103
587 1018 103
593 1018 103
599 1018 103
605 1018 103
611 1018 103
617 1018 103
623 1018 103
629 1018 104
635 1018 104
641 1018 104
461 1024 104
467 1024 104
473 1024 104
479 1024 104
485 1024 104
491 1024 104
497 1024 104
503 1024 104
509 1024 104
515 1024 104
521 1024 104
527 1024 104
533 1024 104
539 1024 104
545 1024 104
551 1024 104
557 1024 104
563 1024 104
569 1024 104
575 1024 104
581 1024 104
587 1024 104
593 1024 104
599 1024 104
605 1024 104
611 1024 104
617 1024 104
623 1024 104
629 1024 104
635 1024 104
641 1024 104
