215 586 0
221 586 0
227 586 0
233 586 0
239 586 0
245 586 0
251 586 0
257 586 0
263 586 0
269 586 0
275 586 0
281 586 0
287 586 0
293 586 0
299 586 0
305 586 0
311 586 0
317 586 0
323 586 0
329 586 0
335 586 0
341 586 0
347 586 0
353 586 0
359 586 0
359 592 0
353 592 0
347 592 0
341 592 0
335 592 0
329 592 0
323 592 0
317 592 0
311 592 0
305 592 0
299 592 0
293 592 0
287 592 0
281 592 0
275 592 0
269 592 1
263 592 1
257 592 1
251 592 1
245 592 1
239 592 1
233 592 1
227 592 1
221 592 1
215 592 1
215 598 1
221 598 1
227 598 1
233 598 1
239 598 1
245 598 1
251 598 1
257 598 1
263 598 1
269 598 1
275 598 1
281 598 1
287 598 1
293 598 1
299 598 1
305 598 1
311 598 1
317 598 1
323 598 1
329 598 1
335 598 1
341 598 1
347 598 1
353 598 1
359 598 1
359 604 1
353 604 1
347 604 1
341 604 1
335 604 1
329 604 2
323 604 2
317 604 2
311 604 2
305 604 2
299 604 2
293 604 2
287 604 2
281 604 2
275 604 2
269 604 2
263 604 2
257 604 2
251 604 2
245 604 2
239 604 2
233 604 2
227 604 2
221 604 2
215 604 2
215 610 2
221 610 2
227 610 2
233 610 2
239 610 2
245 610 2
251 610 2
257 610 2
263 610 2
269 610 2
275 610 2
281 610 2
287 610 2
293 610 2
299 610 2
305 610 2
311 610 2
317 610 2
323 610 2
329 610 2
335 610 3
341 610 3
347 610 3
353 610 3
359 610 3
359 616 3
353 616 3
347 616 3
341 616 3
335 616 3
329 616 3
323 616 3
317 616 3
311 616 3
305 616 3
299 616 3
293 616 3
287 616 3
281 616 3
275 616 3
269 616 3
263 616 3
257 616 3
251 616 3
245 616 3
239 616 3
233 616 3
227 616 3
221 616 3
215 616 3
215 622 3
221 622 3
227 622 3
233 622 3
239 622 3
245 622 3
251 622 3
257 622 3
263 622 3
269 622 3
275 622 4
281 622 4
287 622 4
293 622 4
299 622 4
305 622 4
311 622 4
317 622 4
323 622 4
329 622 4
335 622 4
341 622 4
347 622 4
353 622 4
359 622 4
359 628 4
353 628 4
347 628 4
341 628 4
335 628 4
329 628 4
323 628 4
317 628 4
311 628 4
305 628 4
299 628 4
293 628 4
287 628 4
281 628 4
275 628 4
269 628 4
263 628 4
257 628 4
251 628 4
245 628 4
239 628 4
233 628 4
227 628 4
221 628 4
215 628 4
215 634 5
221 634 5
227 634 5
233 634 5
239 634 5
245 634 5
251 634 5
257 634 5
263 634 5
269 634 5
275 634 5
281 634 5
287 634 5
293 634 5
299 634 5
305 634 5
311 634 5
317 634 5
323 634 5
329 634 5
335 634 5
341 634 5
347 634 5
353 634 5
359 634 5
359 640 5
353 640 5
347 640 5
341 640 5
335 640 5
329 640 5
323 640 5
317 640 5
311 640 5
305 640 5
299 640 5
293 640 5
287 640 5
281 640 5
275 640 5
269 640 6
263 640 6
257 640 6
251 640 6
245 640 6
239 640 6
233 640 6
227 640 6
221 640 6
215 640 6
215 646 6
221 646 6
227 646 6
233 646 6
239 646 6
245 646 6
251 646 6
257 646 6
263 646 6
269 646 6
275 646 6
281 646 6
287 646 6
293 646 6
299 646 6
305 646 6
311 646 6
317 646 6
323 646 6
329 646 6
335 646 6
341 646 6
347 646 6
353 646 6
359 646 6
359 652 6
353 652 6
347 652 6
341 652 6
335 652 6
329 652 7
323 652 7
317 652 7
311 652 7
305 652 7
299 652 7
293 652 7
287 652 7
281 652 7
275 652 7
269 652 7
263 652 7
257 652 7
251 652 7
245 652 7
239 652 7
233 652 7
227 652 7
221 652 7
215 652 7
215 658 7
221 658 7
227 658 7
233 658 7
239 658 7
245 658 7
251 658 7
257 658 7
263 658 7
269 658 7
275 658 7
281 658 7
287 658 7
293 658 7
299 658 7
305 658 7
311 658 7
317 658 7
323 658 7
329 658 7
335 658 8
341 658 8
347 658 8
353 658 8
359 658 8
359 664 8
353 664 8
347 664 8
341 664 8
335 664 8
329 664 8
323 664 8
317 664 8
311 664 8
305 664 8
299 664 8
293 664 8
287 664 8
281 664 8
275 664 8
269 664 8
263 664 8
257 664 8
251 664 8
245 664 8
239 664 8
233 664 8
227 664 8
221 664 8
215 664 8
215 670 8
221 670 8
227 670 8
233 670 8
239 670 8
245 670 8
251 670 8
257 670 8
263 670 8
269 670 8
275 670 9
281 670 9
287 670 9
293 670 9
299 670 9
305 670 9
311 670 9
317 670 9
323 670 9
329 670 9
335 670 9
341 670 9
347 670 9
353 670 9
359 670 9
359 676 9
353 676 9
347 676 9
341 676 9
335 676 9
329 676 9
323 676 9
317 676 9
311 676 9
305 676 9
299 676 9
293 676 9
287 676 9
281 676 9
275 676 9
269 676 9
263 676 9
257 676 9
251 676 9
245 676 9
239 676 9
233 676 9
227 676 9
221 676 9
215 676 9
215 682 10
221 682 10
227 682 10
233 682 10
239 682 10
245 682 10
251 682 10
257 682 10
263 682 10
269 682 10
275 682 10
281 682 10
287 682 10
293 682 10
299 682 10
305 682 10
311 682 10
317 682 10
323 682 10
329 682 10
335 682 10
341 682 10
347 682 10
353 682 10
359 682 10
359 688 10
353 688 10
347 688 10
341 688 10
335 688 10
329 688 10
323 688 10
317 688 10
311 688 10
305 688 10
299 688 10
293 688 10
287 688 10
281 688 10
275 688 10
269 688 11
263 688 11
257 688 11
251 688 11
245 688 11
239 688 11
233 688 11
227 688 11
221 688 11
215 688 11
215 694 11
221 694 11
227 694 11
233 694 11
239 694 11
245 694 11
251 694 11
257 694 11
263 694 11
269 694 11
275 694 11
281 694 11
287 694 11
293 694 11
299 694 11
305 694 11
311 694 11
317 694 11
323 694 11
329 694 11
335 694 11
341 694 11
347 694 11
353 694 11
359 694 11
359 700 11
353 700 11
347 700 11
341 700 11
335 700 11
329 700 12
323 700 12
317 700 12
311 700 12
305 700 12
299 700 12
293 700 12
287 700 12
281 700 12
275 700 12
269 700 12
263 700 12
257 700 12
251 700 12
245 700 12
239 700 12
233 700 12
227 700 12
221 700 12
215 700 12
215 706 12
221 706 12
227 706 12
233 706 12
239 706 12
245 706 12
251 706 12
257 706 12
263 706 12
269 706 12
275 706 12
281 706 12
287 706 12
293 706 12
299 706 12
305 706 12
311 706 12
317 706 12
323 706 12
329 706 12
335 706 13
341 706 13
347 706 13
353 706 13
359 706 13
359 712 13
353 712 13
347 712 13
341 712 13
335 712 13
329 712 13
323 712 13
317 712 13
311 712 13
305 712 13
299 712 13
293 712 13
287 712 13
281 712 13
275 712 13
269 712 13
263 712 13
257 712 13
251 712 13
245 712 13
239 712 13
233 712 13
227 712 13
221 712 13
215 712 13
215 718 13
221 718 13
227 718 13
233 718 13
239 718 13
245 718 13
251 718 13
257 718 13
263 718 13
269 718 13
275 718 14
281 718 14
287 718 14
293 718 14
299 718 14
305 718 14
311 718 14
317 718 14
323 718 14
329 718 14
335 718 14
341 718 14
347 718 14
353 718 14
359 718 14
359 724 14
353 724 14
347 724 14
341 724 14
335 724 14
329 724 14
323 724 14
317 724 14
311 724 14
305 724 14
299 724 14
293 724 14
287 724 14
281 724 14
275 724 14
269 724 14
263 724 14
257 724 14
251 724 14
245 724 14
239 724 14
233 724 14
227 724 14
221 724 14
215 724 14
215 730 15
221 730 15
227 730 15
233 730 15
239 730 15
245 730 15
251 730 15
257 730 15
263 730 15
269 730 15
275 730 15
281 730 15
287 730 15
293 730 15
299 730 15
305 730 15
311 730 15
317 730 15
323 730 15
329 730 15
335 730 15
341 730 15
347 730 15
353 730 15
359 730 15
359 736 15
353 736 15
347 736 15
341 736 15
335 736 15
329 736 15
323 736 15
317 736 15
311 736 15
305 736 15
299 736 15
293 736 15
287 736 15
281 736 15
275 736 15
269 736 16
263 736 16
257 736 16
251 736 16
245 736 16
239 736 16
233 736 16
227 736 16
221 736 16
215 736 16
215 742 16
221 742 16
227 742 16
233 742 16
239 742 16
245 742 16
251 742 16
257 742 16
263 742 16
269 742 16
275 742 16
281 742 16
287 742 16
293 742 16
299 742 16
305 742 16
311 742 16
317 742 16
323 742 16
329 742 16
335 742 16
341 742 16
347 742 16
353 742 16
359 742 16
359 748 16
353 748 16
347 748 16
341 748 16
335 748 16
329 748 17
323 748 17
317 748 17
311 748 17
305 748 17
299 748 17
293 748 17
287 748 17
281 748 17
275 748 17
269 748 17
263 748 17
257 748 17
251 748 17
245 748 17
239 748 17
233 748 17
227 748 17
221 748 17
215 748 17
215 754 17
221 754 17
227 754 17
233 754 17
239 754 17
245 754 17
251 754 17
257 754 17
263 754 17
269 754 17
275 754 17
281 754 17
287 754 17
293 754 17
299 754 17
305 754 17
311 754 17
317 754 17
323 754 17
329 754 17
335 754 18
341 754 18
347 754 18
353 754 18
359 754 18
359 760 18
353 760 18
347 760 18
341 760 18
335 760 18
329 760 18
323 760 18
317 760 18
311 760 18
305 760 18
299 760 18
293 760 18
287 760 18
281 760 18
275 760 18
269 760 18
263 760 18
257 760 18
251 760 18
245 760 18
239 760 18
233 760 18
227 760 18
221 760 18
215 760 18
215 766 18
221 766 18
227 766 18
233 766 18
239 766 18
245 766 18
251 766 18
257 766 18
263 766 18
269 766 18
275 766 19
281 766 19
287 766 19
293 766 19
299 766 19
305 766 19
311 766 19
317 766 19
323 766 19
329 766 19
335 766 19
341 766 19
347 766 19
353 766 19
359 766 19
359 772 19
353 772 19
347 772 19
341 772 19
335 772 19
329 772 19
323 772 19
317 772 19
311 772 19
305 772 19
299 772 19
293 772 19
287 772 19
281 772 19
275 772 19
269 772 19
263 772 19
257 772 19
251 772 19
245 772 19
239 772 19
233 772 19
227 772 19
221 772 19
215 772 19
293 778 20
299 778 20
305 778 20
311 778 20
317 778 20
323 778 20
329 778 20
335 778 20
341 778 20
347 778 20
353 778 20
359 778 20
359 784 20
353 784 20
347 784 20
341 784 20
335 784 20
329 784 20
323 784 20
317 784 20
311 784 20
305 784 20
299 784 20
293 784 20
293 790 20
299 790 20
305 790 20
311 790 20
317 790 20
323 790 20
329 790 20
335 790 20
341 790 20
347 790 20
353 790 20
359 790 20
359 796 20
353 796 20
347 796 20
341 796 20
335 796 21
329 796 21
323 796 21
317 796 21
311 796 21
305 796 21
299 796 21
293 796 21
293 802 21
299 802 21
305 802 21
311 802 21
317 802 21
323 802 21
329 802 21
335 802 21
341 802 21
347 802 21
353 802 21
359 802 21
359 808 21
353 808 21
347 808 21
341 808 21
335 808 21
329 808 21
323 808 21
317 808 21
311 808 21
305 808 21
299 808 21
293 808 21
293 814 21
299 814 21
305 814 21
311 814 21
317 814 21
323 814 21
329 814 21
335 814 21
341 814 22
347 814 22
353 814 22
359 814 22
359 820 22
353 820 22
347 820 22
341 820 22
335 820 22
329 820 22
323 820 22
317 820 22
311 820 22
305 820 22
299 820 22
293 820 22
293 826 22
299 826 22
305 826 22
311 826 22
317 826 22
323 826 22
329 826 22
335 826 22
341 826 22
347 826 22
353 826 22
359 826 22
359 832 22
353 832 22
347 832 22
341 832 22
335 832 22
329 832 22
323 832 22
317 832 22
311 832 22
305 832 22
299 832 22
293 832 22
293 838 23
299 838 23
305 838 23
311 838 23
317 838 23
323 838 23
329 838 23
335 838 23
341 838 23
347 838 23
353 838 23
359 838 23
359 844 23
353 844 23
347 844 23
341 844 23
335 844 23
329 844 23
323 844 23
317 844 23
311 844 23
305 844 23
299 844 23
293 844 23
293 850 23
299 850 23
305 850 23
311 850 23
317 850 23
323 850 23
329 850 23
335 850 23
341 850 23
347 850 23
353 850 23
359 850 23
359 856 23
353 856 23
347 856 23
341 856 23
335 856 24
329 856 24
323 856 24
317 856 24
311 856 24
305 856 24
299 856 24
293 856 24
293 862 24
299 862 24
305 862 24
311 862 24
317 862 24
323 862 24
329 862 24
335 862 24
341 862 24
347 862 24
353 862 24
359 862 24
359 868 24
353 868 24
347 868 24
341 868 24
335 868 24
329 868 24
323 868 24
317 868 24
311 868 24
305 868 24
299 868 24
293 868 24
293 874 24
299 874 24
305 874 24
311 874 24
317 874 24
323 874 24
329 874 24
335 874 24
341 874 25
347 874 25
353 874 25
359 874 25
359 880 25
353 880 25
347 880 25
341 880 25
335 880 25
329 880 25
323 880 25
317 880 25
311 880 25
305 880 25
299 880 25
293 880 25
293 886 25
299 886 25
305 886 25
311 886 25
317 886 25
323 886 25
329 886 25
335 886 25
341 886 25
347 886 25
353 886 25
359 886 25
359 892 25
353 892 25
347 892 25
341 892 25
335 892 25
329 892 25
323 892 25
317 892 25
311 892 25
305 892 25
299 892 25
293 892 25
293 898 26
299 898 26
305 898 26
311 898 26
317 898 26
323 898 26
329 898 26
335 898 26
341 898 26
347 898 26
353 898 26
359 898 26
461 1024 26
467 1024 26
473 1024 26
479 1024 26
485 1024 26
491 1024 26
497 1024 26
503 1024 26
509 1024 26
509 1018 26
503 1018 26
497 1018 26
491 1018 26
485 1018 26
479 1018 26
473 1018 26
467 1018 26
461 1018 26
461 1012 26
467 1012 26
473 1012 26
479 1012 26
485 1012 26
491 1012 26
497 1012 26
503 1012 26
509 1012 26
509 1006 26
503 1006 27
497 1006 27
491 1006 27
485 1006 27
479 1006 27
473 1006 27
467 1006 27
461 1006 27
461 1000 27
467 1000 27
473 1000 27
479 1000 27
485 1000 27
491 1000 27
497 1000 27
503 1000 27
509 1000 27
509 994 27
503 994 27
497 994 27
491 994 27
485 994 27
479 994 27
473 994 27
467 994 27
461 994 27
461 988 27
467 988 27
473 988 27
479 988 27
485 988 27
491 988 27
497 988 27
503 988 27
509 988 27
509 982 27
503 982 27
497 982 27
491 982 27
485 982 27
479 982 28
473 982 28
467 982 28
461 982 28
461 976 28
467 976 28
473 976 28
479 976 28
485 976 28
491 976 28
497 976 28
503 976 28
509 976 28
509 970 28
503 970 28
497 970 28
491 970 28
485 970 28
479 970 28
473 970 28
467 970 28
461 970 28
461 964 28
467 964 28
473 964 28
479 964 28
485 964 28
491 964 28
497 964 28
503 964 28
509 964 28
509 958 28
503 958 28
497 958 28
491 958 28
485 958 28
479 958 28
473 958 28
467 958 28
461 958 28
461 952 29
467 952 29
473 952 29
479 952 29
485 952 29
491 952 29
497 952 29
503 952 29
509 952 29
509 946 29
503 946 29
497 946 29
491 946 29
485 946 29
479 946 29
473 946 29
467 946 29
461 946 29
461 940 29
467 940 29
473 940 29
479 940 29
485 940 29
491 940 29
497 940 29
503 940 29
509 940 29
509 934 29
503 934 29
497 934 29
491 934 29
485 934 29
479 934 29
473 934 29
467 934 29
461 934 29
461 928 29
467 928 29
473 928 29
479 928 29
485 928 30
491 928 30
497 928 30
503 928 30
509 928 30
509 922 30
503 922 30
497 922 30
491 922 30
485 922 30
479 922 30
473 922 30
467 922 30
461 922 30
461 916 30
467 916 30
473 916 30
479 916 30
485 916 30
491 916 30
497 916 30
503 916 30
509 916 30
509 910 30
503 910 30
497 910 30
491 910 30
485 910 30
479 910 30
473 910 30
467 910 30
461 910 30
461 904 30
467 904 30
473 904 30
479 904 30
485 904 30
491 904 30
497 904 30
503 904 30
509 904 31
509 898 31
503 898 31
497 898 31
491 898 31
485 898 31
479 898 31
473 898 31
467 898 31
461 898 31
455 898 31
449 898 31
443 898 31
437 898 31
431 898 31
425 898 31
419 898 31
413 898 31
407 898 31
401 898 31
395 898 31
389 898 31
383 898 31
377 898 31
371 898 31
365 898 31
365 892 31
371 892 31
377 892 31
383 892 31
389 892 31
395 892 31
401 892 31
407 892 31
413 892 31
419 892 31
425 892 31
431 892 31
437 892 31
443 892 31
449 892 32
455 892 32
461 892 32
467 892 32
473 892 32
479 892 32
485 892 32
491 892 32
497 892 32
503 892 32
509 892 32
509 886 32
503 886 32
497 886 32
491 886 32
485 886 32
479 886 32
473 886 32
467 886 32
461 886 32
455 886 32
449 886 32
443 886 32
437 886 32
431 886 32
425 886 32
419 886 32
413 886 32
407 886 32
401 886 32
395 886 32
389 886 32
383 886 32
377 886 32
371 886 32
365 886 32
365 880 32
371 880 32
377 880 32
383 880 32
389 880 33
395 880 33
401 880 33
407 880 33
413 880 33
419 880 33
425 880 33
431 880 33
437 880 33
443 880 33
449 880 33
455 880 33
461 880 33
467 880 33
473 880 33
479 880 33
485 880 33
491 880 33
497 880 33
503 880 33
509 880 33
509 874 33
503 874 33
497 874 33
491 874 33
485 874 33
479 874 33
473 874 33
467 874 33
461 874 33
455 874 33
449 874 33
443 874 33
437 874 33
431 874 33
425 874 33
419 874 33
413 874 33
407 874 33
401 874 33
395 874 34
389 874 34
383 874 34
377 874 34
371 874 34
365 874 34
365 868 34
371 868 34
377 868 34
383 868 34
389 868 34
395 868 34
401 868 34
407 868 34
413 868 34
419 868 34
425 868 34
431 868 34
437 868 34
443 868 34
449 868 34
455 868 34
461 868 34
467 868 34
473 868 34
479 868 34
485 868 34
491 868 34
497 868 34
503 868 34
509 868 34
509 862 34
503 862 34
497 862 34
491 862 34
485 862 34
479 862 34
473 862 34
467 862 34
461 862 34
455 862 35
449 862 35
443 862 35
437 862 35
431 862 35
425 862 35
419 862 35
413 862 35
407 862 35
401 862 35
395 862 35
389 862 35
383 862 35
377 862 35
371 862 35
365 862 35
365 856 35
371 856 35
377 856 35
383 856 35
389 856 35
395 856 35
401 856 35
407 856 35
413 856 35
419 856 35
425 856 35
431 856 35
437 856 35
443 856 35
449 856 35
455 856 35
461 856 35
467 856 35
473 856 35
479 856 35
485 856 35
491 856 35
497 856 35
503 856 35
509 856 36
509 850 36
503 850 36
497 850 36
491 850 36
485 850 36
479 850 36
473 850 36
467 850 36
461 850 36
455 850 36
449 850 36
443 850 36
437 850 36
431 850 36
425 850 36
419 850 36
413 850 36
407 850 36
401 850 36
395 850 36
389 850 36
383 850 36
377 850 36
371 850 36
365 850 36
365 844 36
371 844 36
377 844 36
383 844 36
389 844 36
395 844 36
401 844 36
407 844 36
413 844 36
419 844 36
425 844 36
431 844 36
437 844 36
443 844 36
449 844 37
455 844 37
461 844 37
467 844 37
473 844 37
479 844 37
485 844 37
491 844 37
497 844 37
503 844 37
509 844 37
509 838 37
503 838 37
497 838 37
491 838 37
485 838 37
479 838 37
473 838 37
467 838 37
461 838 37
455 838 37
449 838 37
443 838 37
437 838 37
431 838 37
425 838 37
419 838 37
413 838 37
407 838 37
401 838 37
395 838 37
389 838 37
383 838 37
377 838 37
371 838 37
365 838 37
365 832 37
371 832 37
377 832 37
383 832 37
389 832 38
395 832 38
401 832 38
407 832 38
413 832 38
419 832 38
425 832 38
431 832 38
437 832 38
443 832 38
449 832 38
455 832 38
461 832 38
467 832 38
473 832 38
479 832 38
485 832 38
491 832 38
497 832 38
503 832 38
509 832 38
509 826 38
503 826 38
497 826 38
491 826 38
485 826 38
479 826 38
473 826 38
467 826 38
461 826 38
455 826 38
449 826 38
443 826 38
437 826 38
431 826 38
425 826 38
419 826 38
413 826 38
407 826 38
401 826 38
395 826 39
389 826 39
383 826 39
377 826 39
371 826 39
365 826 39
365 820 39
371 820 39
377 820 39
383 820 39
389 820 39
395 820 39
401 820 39
407 820 39
413 820 39
419 820 39
425 820 39
431 820 39
437 820 39
443 820 39
449 820 39
455 820 39
461 820 39
467 820 39
473 820 39
479 820 39
485 820 39
491 820 39
497 820 39
503 820 39
509 820 39
509 814 39
503 814 39
497 814 39
491 814 39
485 814 39
479 814 39
473 814 39
467 814 39
461 814 39
455 814 40
449 814 40
443 814 40
437 814 40
431 814 40
425 814 40
419 814 40
413 814 40
407 814 40
401 814 40
395 814 40
389 814 40
383 814 40
377 814 40
371 814 40
365 814 40
365 808 40
371 808 40
377 808 40
383 808 40
389 808 40
395 808 40
401 808 40
407 808 40
413 808 40
419 808 40
425 808 40
431 808 40
437 808 40
443 808 40
449 808 40
455 808 40
461 808 40
467 808 40
473 808 40
479 808 40
485 808 40
491 808 40
497 808 40
503 808 40
509 808 41
509 802 41
503 802 41
497 802 41
491 802 41
485 802 41
479 802 41
473 802 41
467 802 41
461 802 41
455 802 41
449 802 41
443 802 41
437 802 41
431 802 41
425 802 41
419 802 41
413 802 41
407 802 41
401 802 41
395 802 41
389 802 41
383 802 41
377 802 41
371 802 41
365 802 41
365 796 41
371 796 41
377 796 41
383 796 41
389 796 41
395 796 41
401 796 41
407 796 41
413 796 41
419 796 41
425 796 41
431 796 41
437 796 41
443 796 41
449 796 42
455 796 42
461 796 42
467 796 42
473 796 42
479 796 42
485 796 42
491 796 42
497 796 42
503 796 42
509 796 42
509 790 42
503 790 42
497 790 42
491 790 42
485 790 42
479 790 42
473 790 42
467 790 42
461 790 42
455 790 42
449 790 42
443 790 42
437 790 42
431 790 42
425 790 42
419 790 42
413 790 42
407 790 42
401 790 42
395 790 42
389 790 42
383 790 42
377 790 42
371 790 42
365 790 42
365 784 42
371 784 42
377 784 42
383 784 42
389 784 43
395 784 43
401 784 43
407 784 43
413 784 43
419 784 43
425 784 43
431 784 43
437 784 43
443 784 43
449 784 43
455 784 43
461 784 43
467 784 43
473 784 43
479 784 43
485 784 43
491 784 43
497 784 43
503 784 43
509 784 43
509 778 43
503 778 43
497 778 43
491 778 43
485 778 43
479 778 43
473 778 43
467 778 43
461 778 43
455 778 43
449 778 43
443 778 43
437 778 43
431 778 43
425 778 43
419 778 43
413 778 43
407 778 43
401 778 43
395 778 44
389 778 44
383 778 44
377 778 44
371 778 44
365 778 44
365 772 44
371 772 44
377 772 44
383 772 44
389 772 44
395 772 44
401 772 44
407 772 44
413 772 44
419 772 44
425 772 44
431 772 44
437 772 44
443 772 44
449 772 44
455 772 44
461 772 44
467 772 44
473 772 44
479 772 44
485 772 44
491 772 44
497 772 44
503 772 44
509 772 44
509 766 44
503 766 44
497 766 44
491 766 44
485 766 44
479 766 44
473 766 44
467 766 44
461 766 44
455 766 45
449 766 45
443 766 45
437 766 45
431 766 45
425 766 45
419 766 45
413 766 45
407 766 45
401 766 45
395 766 45
389 766 45
383 766 45
377 766 45
371 766 45
365 766 45
365 760 45
371 760 45
377 760 45
383 760 45
389 760 45
395 760 45
401 760 45
407 760 45
413 760 45
419 760 45
425 760 45
431 760 45
437 760 45
443 760 45
449 760 45
455 760 45
461 760 45
467 760 45
473 760 45
479 760 45
485 760 45
491 760 45
497 760 45
503 760 45
509 760 46
509 754 46
503 754 46
497 754 46
491 754 46
485 754 46
479 754 46
473 754 46
467 754 46
461 754 46
455 754 46
449 754 46
443 754 46
437 754 46
431 754 46
425 754 46
419 754 46
413 754 46
407 754 46
401 754 46
395 754 46
389 754 46
383 754 46
377 754 46
371 754 46
365 754 46
365 748 46
371 748 46
377 748 46
383 748 46
389 748 46
395 748 46
401 748 46
407 748 46
413 748 46
419 748 46
425 748 46
431 748 46
437 748 46
443 748 46
449 748 47
455 748 47
461 748 47
467 748 47
473 748 47
479 748 47
485 748 47
491 748 47
497 748 47
503 748 47
509 748 47
509 742 47
503 742 47
497 742 47
491 742 47
485 742 47
479 742 47
473 742 47
467 742 47
461 742 47
455 742 47
449 742 47
443 742 47
437 742 47
431 742 47
425 742 47
419 742 47
413 742 47
407 742 47
401 742 47
395 742 47
389 742 47
383 742 47
377 742 47
371 742 47
365 742 47
365 736 47
371 736 47
377 736 47
383 736 47
389 736 48
395 736 48
401 736 48
407 736 48
413 736 48
419 736 48
425 736 48
431 736 48
437 736 48
443 736 48
449 736 48
455 736 48
461 736 48
467 736 48
473 736 48
479 736 48
485 736 48
491 736 48
497 736 48
503 736 48
509 736 48
509 730 48
503 730 48
497 730 48
491 730 48
485 730 48
479 730 48
473 730 48
467 730 48
461 730 48
455 730 48
449 730 48
443 730 48
437 730 48
431 730 48
425 730 48
419 730 48
413 730 48
407 730 48
401 730 48
395 730 49
389 730 49
383 730 49
377 730 49
371 730 49
365 730 49
365 724 49
371 724 49
377 724 49
383 724 49
389 724 49
395 724 49
401 724 49
407 724 49
413 724 49
419 724 49
425 724 49
431 724 49
437 724 49
443 724 49
449 724 49
455 724 49
461 724 49
467 724 49
473 724 49
479 724 49
485 724 49
491 724 49
497 724 49
503 724 49
509 724 49
509 718 49
503 718 49
497 718 49
491 718 49
485 718 49
479 718 49
473 718 49
467 718 49
461 718 49
455 718 50
449 718 50
443 718 50
437 718 50
431 718 50
425 718 50
419 718 50
413 718 50
407 718 50
401 718 50
395 718 50
389 718 50
383 718 50
377 718 50
371 718 50
365 718 50
365 712 50
371 712 50
377 712 50
383 712 50
389 712 50
395 712 50
401 712 50
407 712 50
413 712 50
419 712 50
425 712 50
431 712 50
437 712 50
443 712 50
449 712 50
455 712 50
461 712 50
467 712 50
473 712 50
479 712 50
485 712 50
491 712 50
497 712 50
503 712 50
509 712 51
509 706 51
503 706 51
497 706 51
491 706 51
485 706 51
479 706 51
473 706 51
467 706 51
461 706 51
455 706 51
449 706 51
443 706 51
437 706 51
431 706 51
425 706 51
419 706 51
413 706 51
407 706 51
401 706 51
395 706 51
389 706 51
383 706 51
377 706 51
371 706 51
365 706 51
365 700 51
371 700 51
377 700 51
383 700 51
389 700 51
395 700 51
401 700 51
407 700 51
413 700 51
419 700 51
425 700 51
431 700 51
437 700 51
443 700 51
449 700 52
455 700 52
461 700 52
467 700 52
473 700 52
479 700 52
485 700 52
491 700 52
497 700 52
503 700 52
509 700 52
509 694 52
503 694 52
497 694 52
491 694 52
485 694 52
479 694 52
473 694 52
467 694 52
461 694 52
455 694 52
449 694 52
443 694 52
437 694 52
431 694 52
425 694 52
419 694 52
413 694 52
407 694 52
401 694 52
395 694 52
389 694 52
383 694 52
377 694 52
371 694 52
365 694 52
365 688 52
371 688 52
377 688 52
383 688 52
389 688 53
395 688 53
401 688 53
407 688 53
413 688 53
419 688 53
425 688 53
431 688 53
437 688 53
443 688 53
449 688 53
455 688 53
461 688 53
467 688 53
473 688 53
479 688 53
485 688 53
491 688 53
497 688 53
503 688 53
509 688 53
509 682 53
503 682 53
497 682 53
491 682 53
485 682 53
479 682 53
473 682 53
467 682 53
461 682 53
455 682 53
449 682 53
443 682 53
437 682 53
431 682 53
425 682 53
419 682 53
413 682 53
407 682 53
401 682 53
395 682 54
389 682 54
383 682 54
377 682 54
371 682 54
365 682 54
365 676 54
371 676 54
377 676 54
383 676 54
389 676 54
395 676 54
401 676 54
407 676 54
413 676 54
419 676 54
425 676 54
431 676 54
437 676 54
443 676 54
449 676 54
455 676 54
461 676 54
467 676 54
473 676 54
479 676 54
485 676 54
491 676 54
497 676 54
503 676 54
509 676 54
509 670 54
503 670 54
497 670 54
491 670 54
485 670 54
479 670 54
473 670 54
467 670 54
461 670 54
455 670 55
449 670 55
443 670 55
437 670 55
431 670 55
425 670 55
419 670 55
413 670 55
407 670 55
401 670 55
395 670 55
389 670 55
383 670 55
377 670 55
371 670 55
365 670 55
365 664 55
371 664 55
377 664 55
383 664 55
389 664 55
395 664 55
401 664 55
407 664 55
413 664 55
419 664 55
425 664 55
431 664 55
437 664 55
443 664 55
449 664 55
455 664 55
461 664 55
467 664 55
473 664 55
479 664 55
485 664 55
491 664 55
497 664 55
503 664 55
509 664 56
509 658 56
503 658 56
497 658 56
491 658 56
485 658 56
479 658 56
473 658 56
467 658 56
461 658 56
455 658 56
449 658 56
443 658 56
437 658 56
431 658 56
425 658 56
419 658 56
413 658 56
407 658 56
401 658 56
395 658 56
389 658 56
383 658 56
377 658 56
371 658 56
365 658 56
365 652 56
371 652 56
377 652 56
383 652 56
389 652 56
395 652 56
401 652 56
407 652 56
413 652 56
419 652 56
425 652 56
431 652 56
437 652 56
443 652 56
449 652 57
455 652 57
461 652 57
467 652 57
473 652 57
479 652 57
485 652 57
491 652 57
497 652 57
503 652 57
509 652 57
509 646 57
503 646 57
497 646 57
491 646 57
485 646 57
479 646 57
473 646 57
467 646 57
461 646 57
455 646 57
449 646 57
443 646 57
437 646 57
431 646 57
425 646 57
419 646 57
413 646 57
407 646 57
401 646 57
395 646 57
389 646 57
383 646 57
377 646 57
371 646 57
365 646 57
365 640 57
371 640 57
377 640 57
383 640 57
389 640 58
395 640 58
401 640 58
407 640 58
413 640 58
419 640 58
425 640 58
431 640 58
437 640 58
443 640 58
449 640 58
455 640 58
461 640 58
467 640 58
473 640 58
479 640 58
485 640 58
491 640 58
497 640 58
503 640 58
509 640 58
509 634 58
503 634 58
497 634 58
491 634 58
485 634 58
479 634 58
473 634 58
467 634 58
461 634 58
455 634 58
449 634 58
443 634 58
437 634 58
431 634 58
425 634 58
419 634 58
413 634 58
407 634 58
401 634 58
395 634 59
389 634 59
383 634 59
377 634 59
371 634 59
365 634 59
365 628 59
371 628 59
377 628 59
383 628 59
389 628 59
395 628 59
401 628 59
407 628 59
413 628 59
419 628 59
425 628 59
431 628 59
437 628 59
443 628 59
449 628 59
455 628 59
461 628 59
467 628 59
473 628 59
479 628 59
485 628 59
491 628 59
497 628 59
503 628 59
509 628 59
509 622 59
503 622 59
497 622 59
491 622 59
485 622 59
479 622 59
473 622 59
467 622 59
461 622 59
455 622 60
449 622 60
443 622 60
437 622 60
431 622 60
425 622 60
419 622 60
413 622 60
407 622 60
401 622 60
395 622 60
389 622 60
383 622 60
377 622 60
371 622 60
365 622 60
365 616 60
371 616 60
377 616 60
383 616 60
389 616 60
395 616 60
401 616 60
407 616 60
413 616 60
419 616 60
425 616 60
431 616 60
437 616 60
443 616 60
449 616 60
455 616 60
461 616 60
467 616 60
473 616 60
479 616 60
485 616 60
491 616 60
497 616 60
503 616 60
509 616 61
509 610 61
503 610 61
497 610 61
491 610 61
485 610 61
479 610 61
473 610 61
467 610 61
461 610 61
455 610 61
449 610 61
443 610 61
437 610 61
431 610 61
425 610 61
419 610 61
413 610 61
407 610 61
401 610 61
395 610 61
389 610 61
383 610 61
377 610 61
371 610 61
365 610 61
365 604 61
371 604 61
377 604 61
383 604 61
389 604 61
395 604 61
401 604 61
407 604 61
413 604 61
419 604 61
425 604 61
431 604 61
437 604 61
443 604 61
449 604 62
455 604 62
461 604 62
467 604 62
473 604 62
479 604 62
485 604 62
491 604 62
497 604 62
503 604 62
509 604 62
509 598 62
503 598 62
497 598 62
491 598 62
485 598 62
479 598 62
473 598 62
467 598 62
461 598 62
455 598 62
449 598 62
443 598 62
437 598 62
431 598 62
425 598 62
419 598 62
413 598 62
407 598 62
401 598 62
395 598 62
389 598 62
383 598 62
377 598 62
371 598 62
365 598 62
365 592 62
371 592 62
377 592 62
383 592 62
389 592 63
395 592 63
401 592 63
407 592 63
413 592 63
419 592 63
425 592 63
431 592 63
437 592 63
443 592 63
449 592 63
455 592 63
461 592 63
467 592 63
473 592 63
479 592 63
485 592 63
491 592 63
497 592 63
503 592 63
509 592 63
365 586 63
371 586 63
377 586 63
383 586 63
389 586 63
395 586 63
401 586 63
407 586 63
413 586 63
419 586 63
425 586 63
431 586 63
437 586 63
443 586 63
449 586 63
455 586 63
461 586 63
467 586 63
473 586 63
479 586 64
485 586 64
491 586 64
497 586 64
503 586 64
509 586 64
515 586 64
521 586 64
527 586 64
533 586 64
539 586 64
545 586 64
551 586 64
557 586 64
563 586 64
569 586 64
575 586 64
581 586 64
587 586 64
593 586 64
599 586 64
605 586 64
611 586 64
617 586 64
623 586 64
629 586 64
635 586 64
641 586 64
641 592 64
635 592 64
629 592 64
623 592 64
617 592 64
611 592 64
605 592 64
599 592 64
593 592 64
587 592 64
581 592 64
575 592 64
569 592 65
563 592 65
557 592 65
551 592 65
545 592 65
539 592 65
533 592 65
527 592 65
521 592 65
515 592 65
515 598 65
521 598 65
527 598 65
533 598 65
539 598 65
545 598 65
551 598 65
557 598 65
563 598 65
569 598 65
575 598 65
581 598 65
587 598 65
593 598 65
599 598 65
605 598 65
611 598 65
617 598 65
623 598 65
629 598 65
635 598 65
641 598 65
641 604 65
635 604 65
629 604 65
623 604 65
617 604 65
611 604 65
605 604 65
599 604 65
593 604 66
587 604 66
581 604 66
575 604 66
569 604 66
563 604 66
557 604 66
551 604 66
545 604 66
539 604 66
533 604 66
527 604 66
521 604 66
515 604 66
515 610 66
521 610 66
527 610 66
533 610 66
539 610 66
545 610 66
551 610 66
557 610 66
563 610 66
569 610 66
575 610 66
581 610 66
587 610 66
593 610 66
599 610 66
605 610 66
611 610 66
617 610 66
623 610 66
629 610 66
635 610 66
641 610 66
641 616 66
635 616 66
629 616 66
623 616 66
617 616 67
611 616 67
605 616 67
599 616 67
593 616 67
587 616 67
581 616 67
575 616 67
569 616 67
563 616 67
557 616 67
551 616 67
545 616 67
539 616 67
533 616 67
527 616 67
521 616 67
515 616 67
515 622 67
521 622 67
527 622 67
533 622 67
539 622 67
545 622 67
551 622 67
557 622 67
563 622 67
569 622 67
575 622 67
581 622 67
587 622 67
593 622 67
599 622 67
605 622 67
611 622 67
617 622 67
623 622 67
629 622 67
635 622 67
641 622 67
641 628 68
635 628 68
629 628 68
623 628 68
617 628 68
611 628 68
605 628 68
599 628 68
593 628 68
587 628 68
581 628 68
575 628 68
569 628 68
563 628 68
557 628 68
551 628 68
545 628 68
539 628 68
533 628 68
527 628 68
521 628 68
515 628 68
515 634 68
521 634 68
527 634 68
533 634 68
539 634 68
545 634 68
551 634 68
557 634 68
563 634 68
569 634 68
575 634 68
581 634 68
587 634 68
593 634 68
599 634 68
605 634 68
611 634 68
617 634 68
623 634 69
629 634 69
635 634 69
641 634 69
641 640 69
635 640 69
629 640 69
623 640 69
617 640 69
611 640 69
605 640 69
599 640 69
593 640 69
587 640 69
581 640 69
575 640 69
569 640 69
563 640 69
557 640 69
551 640 69
545 640 69
539 640 69
533 640 69
527 640 69
521 640 69
515 640 69
515 646 69
521 646 69
527 646 69
533 646 69
539 646 69
545 646 69
551 646 69
557 646 69
563 646 69
569 646 69
575 646 69
581 646 69
587 646 69
593 646 69
599 646 70
605 646 70
611 646 70
617 646 70
623 646 70
629 646 70
635 646 70
641 646 70
641 652 70
635 652 70
629 652 70
623 652 70
617 652 70
611 652 70
605 652 70
599 652 70
593 652 70
587 652 70
581 652 70
575 652 70
569 652 70
563 652 70
557 652 70
551 652 70
545 652 70
539 652 70
533 652 70
527 652 70
521 652 70
515 652 70
515 658 70
521 658 70
527 658 70
533 658 70
539 658 70
545 658 70
551 658 70
557 658 70
563 658 70
569 658 70
575 658 71
581 658 71
587 658 71
593 658 71
599 658 71
605 658 71
611 658 71
617 658 71
623 658 71
629 658 71
635 658 71
641 658 71
641 664 71
635 664 71
629 664 71
623 664 71
617 664 71
611 664 71
605 664 71
599 664 71
593 664 71
587 664 71
581 664 71
575 664 71
569 664 71
563 664 71
557 664 71
551 664 71
545 664 71
539 664 71
533 664 71
527 664 71
521 664 71
515 664 71
515 670 71
521 670 71
527 670 71
533 670 71
539 670 71
545 670 71
551 670 72
557 670 72
563 670 72
569 670 72
575 670 72
581 670 72
587 670 72
593 670 72
599 670 72
605 670 72
611 670 72
617 670 72
623 670 72
629 670 72
635 670 72
641 670 72
641 676 72
635 676 72
629 676 72
623 676 72
617 676 72
611 676 72
605 676 72
599 676 72
593 676 72
587 676 72
581 676 72
575 676 72
569 676 72
563 676 72
557 676 72
551 676 72
545 676 72
539 676 72
533 676 72
527 676 72
521 676 72
515 676 72
515 682 72
521 682 72
527 682 73
533 682 73
539 682 73
545 682 73
551 682 73
557 682 73
563 682 73
569 682 73
575 682 73
581 682 73
587 682 73
593 682 73
599 682 73
605 682 73
611 682 73
617 682 73
623 682 73
629 682 73
635 682 73
641 682 73
641 688 73
635 688 73
629 688 73
623 688 73
617 688 73
611 688 73
605 688 73
599 688 73
593 688 73
587 688 73
581 688 73
575 688 73
569 688 73
563 688 73
557 688 73
551 688 73
545 688 73
539 688 73
533 688 73
527 688 73
521 688 74
515 688 74
515 694 74
521 694 74
527 694 74
533 694 74
539 694 74
545 694 74
551 694 74
557 694 74
563 694 74
569 694 74
575 694 74
581 694 74
587 694 74
593 694 74
599 694 74
605 694 74
611 694 74
617 694 74
623 694 74
629 694 74
635 694 74
641 694 74
641 700 74
635 700 74
629 700 74
623 700 74
617 700 74
611 700 74
605 700 74
599 700 74
593 700 74
587 700 74
581 700 74
575 700 74
569 700 74
563 700 74
557 700 74
551 700 74
545 700 75
539 700 75
533 700 75
527 700 75
521 700 75
515 700 75
515 706 75
521 706 75
527 706 75
533 706 75
539 706 75
545 706 75
551 706 75
557 706 75
563 706 75
569 706 75
575 706 75
581 706 75
587 706 75
593 706 75
599 706 75
605 706 75
611 706 75
617 706 75
623 706 75
629 706 75
635 706 75
641 706 75
641 712 75
635 712 75
629 712 75
623 712 75
617 712 75
611 712 75
605 712 75
599 712 75
593 712 75
587 712 75
581 712 75
575 712 75
569 712 76
563 712 76
557 712 76
551 712 76
545 712 76
539 712 76
533 712 76
527 712 76
521 712 76
515 712 76
515 718 76
521 718 76
527 718 76
533 718 76
539 718 76
545 718 76
551 718 76
557 718 76
563 718 76
569 718 76
575 718 76
581 718 76
587 718 76
593 718 76
599 718 76
605 718 76
611 718 76
617 718 76
623 718 76
629 718 76
635 718 76
641 718 76
641 724 76
635 724 76
629 724 76
623 724 76
617 724 76
611 724 76
605 724 76
599 724 76
593 724 77
587 724 77
581 724 77
575 724 77
569 724 77
563 724 77
557 724 77
551 724 77
545 724 77
539 724 77
533 724 77
527 724 77
521 724 77
515 724 77
515 730 77
521 730 77
527 730 77
533 730 77
539 730 77
545 730 77
551 730 77
557 730 77
563 730 77
569 730 77
575 730 77
581 730 77
587 730 77
593 730 77
599 730 77
605 730 77
611 730 77
617 730 77
623 730 77
629 730 77
635 730 77
641 730 77
641 736 77
635 736 77
629 736 77
623 736 77
617 736 78
611 736 78
605 736 78
599 736 78
593 736 78
587 736 78
581 736 78
575 736 78
569 736 78
563 736 78
557 736 78
551 736 78
545 736 78
539 736 78
533 736 78
527 736 78
521 736 78
515 736 78
515 742 78
521 742 78
527 742 78
533 742 78
539 742 78
545 742 78
551 742 78
557 742 78
563 742 78
569 742 78
575 742 78
581 742 78
587 742 78
593 742 78
599 742 78
605 742 78
611 742 78
617 742 78
623 742 78
629 742 78
635 742 78
641 742 78
641 748 79
635 748 79
629 748 79
623 748 79
617 748 79
611 748 79
605 748 79
599 748 79
593 748 79
587 748 79
581 748 79
575 748 79
569 748 79
563 748 79
557 748 79
551 748 79
545 748 79
539 748 79
533 748 79
527 748 79
521 748 79
515 748 79
515 754 79
521 754 79
527 754 79
533 754 79
539 754 79
545 754 79
551 754 79
557 754 79
563 754 79
569 754 79
575 754 79
581 754 79
587 754 79
593 754 79
599 754 79
605 754 79
611 754 79
617 754 79
623 754 80
629 754 80
635 754 80
641 754 80
641 760 80
635 760 80
629 760 80
623 760 80
617 760 80
611 760 80
605 760 80
599 760 80
593 760 80
587 760 80
581 760 80
575 760 80
569 760 80
563 760 80
557 760 80
551 760 80
545 760 80
539 760 80
533 760 80
527 760 80
521 760 80
515 760 80
515 766 80
521 766 80
527 766 80
533 766 80
539 766 80
545 766 80
551 766 80
557 766 80
563 766 80
569 766 80
575 766 80
581 766 80
587 766 80
593 766 80
599 766 81
605 766 81
611 766 81
617 766 81
623 766 81
629 766 81
635 766 81
641 766 81
641 772 81
635 772 81
629 772 81
623 772 81
617 772 81
611 772 81
605 772 81
599 772 81
593 772 81
587 772 81
581 772 81
575 772 81
569 772 81
563 772 81
557 772 81
551 772 81
545 772 81
539 772 81
533 772 81
527 772 81
521 772 81
515 772 81
515 778 81
521 778 81
527 778 81
533 778 81
539 778 81
545 778 81
551 778 81
557 778 81
563 778 81
569 778 81
575 778 82
581 778 82
587 778 82
593 778 82
599 778 82
605 778 82
611 778 82
617 778 82
623 778 82
629 778 82
635 778 82
641 778 82
641 784 82
635 784 82
629 784 82
623 784 82
617 784 82
611 784 82
605 784 82
599 784 82
593 784 82
587 784 82
581 784 82
575 784 82
569 784 82
563 784 82
557 784 82
551 784 82
545 784 82
539 784 82
533 784 82
527 784 82
521 784 82
515 784 82
515 790 82
521 790 82
527 790 82
533 790 82
539 790 82
545 790 82
551 790 83
557 790 83
563 790 83
569 790 83
575 790 83
581 790 83
587 790 83
593 790 83
599 790 83
605 790 83
611 790 83
617 790 83
623 790 83
629 790 83
635 790 83
641 790 83
641 796 83
635 796 83
629 796 83
623 796 83
617 796 83
611 796 83
605 796 83
599 796 83
593 796 83
587 796 83
581 796 83
575 796 83
569 796 83
563 796 83
557 796 83
551 796 83
545 796 83
539 796 83
533 796 83
527 796 83
521 796 83
515 796 83
515 802 83
521 802 83
527 802 84
533 802 84
539 802 84
545 802 84
551 802 84
557 802 84
563 802 84
569 802 84
575 802 84
581 802 84
587 802 84
593 802 84
599 802 84
605 802 84
611 802 84
617 802 84
623 802 84
629 802 84
635 802 84
641 802 84
641 808 84
635 808 84
629 808 84
623 808 84
617 808 84
611 808 84
605 808 84
599 808 84
593 808 84
587 808 84
581 808 84
575 808 84
569 808 84
563 808 84
557 808 84
551 808 84
545 808 84
539 808 84
533 808 84
527 808 84
521 808 85
515 808 85
515 814 85
521 814 85
527 814 85
533 814 85
539 814 85
545 814 85
551 814 85
557 814 85
563 814 85
569 814 85
575 814 85
581 814 85
587 814 85
593 814 85
599 814 85
605 814 85
611 814 85
617 814 85
623 814 85
629 814 85
635 814 85
641 814 85
641 820 85
635 820 85
629 820 85
623 820 85
617 820 85
611 820 85
605 820 85
599 820 85
593 820 85
587 820 85
581 820 85
575 820 85
569 820 85
563 820 85
557 820 85
551 820 85
545 820 86
539 820 86
533 820 86
527 820 86
521 820 86
515 820 86
515 826 86
521 826 86
527 826 86
533 826 86
539 826 86
545 826 86
551 826 86
557 826 86
563 826 86
569 826 86
575 826 86
581 826 86
587 826 86
593 826 86
599 826 86
605 826 86
611 826 86
617 826 86
623 826 86
629 826 86
635 826 86
641 826 86
641 832 86
635 832 86
629 832 86
623 832 86
617 832 86
611 832 86
605 832 86
599 832 86
593 832 86
587 832 86
581 832 86
575 832 86
569 832 87
563 832 87
557 832 87
551 832 87
545 832 87
539 832 87
533 832 87
527 832 87
521 832 87
515 832 87
515 838 87
521 838 87
527 838 87
533 838 87
539 838 87
545 838 87
551 838 87
557 838 87
563 838 87
569 838 87
575 838 87
581 838 87
587 838 87
593 838 87
599 838 87
605 838 87
611 838 87
617 838 87
623 838 87
629 838 87
635 838 87
641 838 87
641 844 87
635 844 87
629 844 87
623 844 87
617 844 87
611 844 87
605 844 87
599 844 87
593 844 88
587 844 88
581 844 88
575 844 88
569 844 88
563 844 88
557 844 88
551 844 88
545 844 88
539 844 88
533 844 88
527 844 88
521 844 88
515 844 88
515 850 88
521 850 88
527 850 88
533 850 88
539 850 88
545 850 88
551 850 88
557 850 88
563 850 88
569 850 88
575 850 88
581 850 88
587 850 88
593 850 88
599 850 88
605 850 88
611 850 88
617 850 88
623 850 88
629 850 88
635 850 88
641 850 88
641 856 88
635 856 88
629 856 88
623 856 88
617 856 89
611 856 89
605 856 89
599 856 89
593 856 89
587 856 89
581 856 89
575 856 89
569 856 89
563 856 89
557 856 89
551 856 89
545 856 89
539 856 89
533 856 89
527 856 89
521 856 89
515 856 89
515 862 89
521 862 89
527 862 89
533 862 89
539 862 89
545 862 89
551 862 89
557 862 89
563 862 89
569 862 89
575 862 89
581 862 89
587 862 89
593 862 89
599 862 89
605 862 89
611 862 89
617 862 89
623 862 89
629 862 89
635 862 89
641 862 89
641 868 90
635 868 90
629 868 90
623 868 90
617 868 90
611 868 90
605 868 90
599 868 90
593 868 90
587 868 90
581 868 90
575 868 90
569 868 90
563 868 90
557 868 90
551 868 90
545 868 90
539 868 90
533 868 90
527 868 90
521 868 90
515 868 90
515 874 90
521 874 90
527 874 90
533 874 90
539 874 90
545 874 90
551 874 90
557 874 90
563 874 90
569 874 90
575 874 90
581 874 90
587 874 90
593 874 90
599 874 90
605 874 90
611 874 90
617 874 90
623 874 91
629 874 91
635 874 91
641 874 91
641 880 91
635 880 91
629 880 91
623 880 91
617 880 91
611 880 91
605 880 91
599 880 91
593 880 91
587 880 91
581 880 91
575 880 91
569 880 91
563 880 91
557 880 91
551 880 91
545 880 91
539 880 91
533 880 91
527 880 91
521 880 91
515 880 91
515 886 91
521 886 91
527 886 91
533 886 91
539 886 91
545 886 91
551 886 91
557 886 91
563 886 91
569 886 91
575 886 91
581 886 91
587 886 91
593 886 91
599 886 92
605 886 92
611 886 92
617 886 92
623 886 92
629 886 92
635 886 92
641 886 92
641 892 92
635 892 92
629 892 92
623 892 92
617 892 92
611 892 92
605 892 92
599 892 92
593 892 92
587 892 92
581 892 92
575 892 92
569 892 92
563 892 92
557 892 92
551 892 92
545 892 92
539 892 92
533 892 92
527 892 92
521 892 92
515 892 92
515 898 92
521 898 92
527 898 92
533 898 92
539 898 92
545 898 92
551 898 92
557 898 92
563 898 92
569 898 92
575 898 93
581 898 93
587 898 93
593 898 93
599 898 93
605 898 93
611 898 93
617 898 93
623 898 93
629 898 93
635 898 93
641 898 93
641 904 93
635 904 93
629 904 93
623 904 93
617 904 93
611 904 93
605 904 93
599 904 93
593 904 93
587 904 93
581 904 93
575 904 93
569 904 93
563 904 93
557 904 93
551 904 93
545 904 93
539 904 93
533 904 93
527 904 93
521 904 93
515 904 93
515 910 93
521 910 93
527 910 93
533 910 93
539 910 93
545 910 93
551 910 94
557 910 94
563 910 94
569 910 94
575 910 94
581 910 94
587 910 94
593 910 94
599 910 94
605 910 94
611 910 94
617 910 94
623 910 94
629 910 94
635 910 94
641 910 94
641 916 94
635 916 94
629 916 94
623 916 94
617 916 94
611 916 94
605 916 94
599 916 94
593 916 94
587 916 94
581 916 94
575 916 94
569 916 94
563 916 94
557 916 94
551 916 94
545 916 94
539 916 94
533 916 94
527 916 94
521 916 94
515 916 94
515 922 94
521 922 94
527 922 95
533 922 95
539 922 95
545 922 95
551 922 95
557 922 95
563 922 95
569 922 95
575 922 95
581 922 95
587 922 95
593 922 95
599 922 95
605 922 95
611 922 95
617 922 95
623 922 95
629 922 95
635 922 95
641 922 95
641 928 95
635 928 95
629 928 95
623 928 95
617 928 95
611 928 95
605 928 95
599 928 95
593 928 95
587 928 95
581 928 95
575 928 95
569 928 95
563 928 95
557 928 95
551 928 95
545 928 95
539 928 95
533 928 95
527 928 95
521 928 96
515 928 96
515 934 96
521 934 96
527 934 96
533 934 96
539 934 96
545 934 96
551 934 96
557 934 96
563 934 96
569 934 96
575 934 96
581 934 96
587 934 96
593 934 96
599 934 96
605 934 96
611 934 96
617 934 96
623 934 96
629 934 96
635 934 96
641 934 96
641 940 96
635 940 96
629 940 96
623 940 96
617 940 96
611 940 96
605 940 96
599 940 96
593 940 96
587 940 96
581 940 96
575 940 96
569 940 96
563 940 96
557 940 96
551 940 96
545 940 97
539 940 97
533 940 97
527 940 97
521 940 97
515 940 97
515 946 97
521 946 97
527 946 97
533 946 97
539 946 97
545 946 97
551 946 97
557 946 97
563 946 97
569 946 97
575 946 97
581 946 97
587 946 97
593 946 97
599 946 97
605 946 97
611 946 97
617 946 97
623 946 97
629 946 97
635 946 97
641 946 97
641 952 97
635 952 97
629 952 97
623 952 97
617 952 97
611 952 97
605 952 97
599 952 97
593 952 97
587 952 97
581 952 97
575 952 97
569 952 98
563 952 98
557 952 98
551 952 98
545 952 98
539 952 98
533 952 98
527 952 98
521 952 98
515 952 98
515 958 98
521 958 98
527 958 98
533 958 98
539 958 98
545 958 98
551 958 98
557 958 98
563 958 98
569 958 98
575 958 98
581 958 98
587 958 98
593 958 98
599 958 98
605 958 98
611 958 98
617 958 98
623 958 98
629 958 98
635 958 98
641 958 98
641 964 98
635 964 98
629 964 98
623 964 98
617 964 98
611 964 98
605 964 98
599 964 98
593 964 99
587 964 99
581 964 99
575 964 99
569 964 99
563 964 99
557 964 99
551 964 99
545 964 99
539 964 99
533 964 99
527 964 99
521 964 99
515 964 99
515 970 99
521 970 99
527 970 99
533 970 99
539 970 99
545 970 99
551 970 99
557 970 99
563 970 99
569 970 99
575 970 99
581 970 99
587 970 99
593 970 99
599 970 99
605 970 99
611 970 99
617 970 99
623 970 99
629 970 99
635 970 99
641 970 99
641 976 99
635 976 99
629 976 99
623 976 99
617 976 100
611 976 100
605 976 100
599 976 100
593 976 100
587 976 100
581 976 100
575 976 100
569 976 100
563 976 100
557 976 100
551 976 100
545 976 100
539 976 100
533 976 100
527 976 100
521 976 100
515 976 100
515 982 100
521 982 100
527 982 100
533 982 100
539 982 100
545 982 100
551 982 100
557 982 100
563 982 100
569 982 100
575 982 100
581 982 100
587 982 100
593 982 100
599 982 100
605 982 100
611 982 100
617 982 100
623 982 100
629 982 100
635 982 100
641 982 100
641 988 101
635 988 101
629 988 101
623 988 101
617 988 101
611 988 101
605 988 101
599 988 101
593 988 101
587 988 101
581 988 101
575 988 101
569 988 101
563 988 101
557 988 101
551 988 101
545 988 101
539 988 101
533 988 101
527 988 101
521 988 101
515 988 101
515 994 101
521 994 101
527 994 101
533 994 101
539 994 101
545 994 101
551 994 101
557 994 101
563 994 101
569 994 101
575 994 101
581 994 101
587 994 101
593 994 101
599 994 101
605 994 101
611 994 101
617 994 101
623 994 102
629 994 102
635 994 102
641 994 102
641 1000 102
635 1000 102
629 1000 102
623 1000 102
617 1000 102
611 1000 102
605 1000 102
599 1000 102
593 1000 102
587 1000 102
581 1000 102
575 1000 102
569 1000 102
563 1000 102
557 1000 102
551 1000 102
545 1000 102
539 1000 102
533 1000 102
527 1000 102
521 1000 102
515 1000 102
515 1006 102
521 1006 102
527 1006 102
533 1006 102
539 1006 102
545 1006 102
551 1006 102
557 1006 102
563 1006 102
569 1006 102
575 1006 102
581 1006 102
587 1006 102
593 1006 102
599 1006 103
605 1006 103
611 1006 103
617 1006 103
623 1006 103
629 1006 103
635 1006 103
641 1006 103
641 1012 103
635 1012 103
629 1012 103
623 1012 103
617 1012 103
611 1012 103
605 1012 103
599 1012 103
593 1012 103
587 1012 103
581 1012 103
575 1012 103
569 1012 103
563 1012 103
557 1012 103
551 1012 103
545 1012 103
539 1012 103
533 1012 103
527 1012 103
521 1012 103
515 1012 103
515 1018 103
521 1018 103
527 1018 103
533 1018 103
539 1018 103
545 1018 103
551 1018 103
557 1018 103
563 1018 103
569 1018 103
575 1018 104
581 1018 104
587 1018 104
593 1018 104
599 1018 104
605 1018 104
611 1018 104
617 1018 104
623 1018 104
629 1018 104
635 1018 104
641 1018 104
515 1024 104
521 1024 104
527 1024 104
533 1024 104
539 1024 104
545 1024 104
551 1024 104
557 1024 104
563 1024 104
569 1024 104
575 1024 104
581 1024 104
587 1024 104
593 1024 104
599 1024 104
605 1024 104
611 1024 104
617 1024 104
623 1024 104
629 1024 104
635 1024 104
641 1024 104
