215 586 0
215 592 0
215 598 0
215 604 0
215 610 0
215 616 0
215 622 0
215 628 0
215 634 0
215 640 0
215 646 0
215 652 0
215 658 0
215 664 0
215 670 0
215 676 0
215 682 0
215 688 0
215 694 0
215 700 0
215 706 0
215 712 0
215 718 0
215 724 0
215 730 0
221 730 0
221 724 0
221 718 0
221 712 0
221 706 0
221 700 0
221 694 0
221 688 0
221 682 0
221 676 0
221 670 0
221 664 0
221 658 0
221 652 0
221 646 0
221 640 1
221 634 1
221 628 1
221 622 1
221 616 1
221 610 1
221 604 1
221 598 1
221 592 1
221 586 1
227 586 1
227 592 1
227 598 1
227 604 1
227 610 1
227 616 1
227 622 1
227 628 1
227 634 1
227 640 1
227 646 1
227 652 1
227 658 1
227 664 1
227 670 1
227 676 1
227 682 1
227 688 1
227 694 1
227 700 1
227 706 1
227 712 1
227 718 1
227 724 1
227 730 1
233 730 1
233 724 1
233 718 1
233 712 1
233 706 1
233 700 2
233 694 2
233 688 2
233 682 2
233 676 2
233 670 2
233 664 2
233 658 2
233 652 2
233 646 2
233 640 2
233 634 2
233 628 2
233 622 2
233 616 2
233 610 2
233 604 2
233 598 2
233 592 2
233 586 2
239 586 2
239 592 2
239 598 2
239 604 2
239 610 2
239 616 2
239 622 2
239 628 2
239 634 2
239 640 2
239 646 2
239 652 2
239 658 2
239 664 2
239 670 2
239 676 2
239 682 2
239 688 2
239 694 2
239 700 2
239 706 3
239 712 3
239 718 3
239 724 3
239 730 3
245 730 3
245 724 3
245 718 3
245 712 3
245 706 3
245 700 3
245 694 3
245 688 3
245 682 3
245 676 3
245 670 3
245 664 3
245 658 3
245 652 3
245 646 3
245 640 3
245 634 3
245 628 3
245 622 3
245 616 3
245 610 3
245 604 3
245 598 3
245 592 3
245 586 3
251 586 3
251 592 3
251 598 3
251 604 3
251 610 3
251 616 3
251 622 3
251 628 3
251 634 3
251 640 3
251 646 4
251 652 4
251 658 4
251 664 4
251 670 4
251 676 4
251 682 4
251 688 4
251 694 4
251 700 4
251 706 4
251 712 4
251 718 4
251 724 4
251 730 4
257 730 4
257 724 4
257 718 4
257 712 4
257 706 4
257 700 4
257 694 4
257 688 4
257 682 4
257 676 4
257 670 4
257 664 4
257 658 4
257 652 4
257 646 4
257 640 4
257 634 4
257 628 4
257 622 4
257 616 4
257 610 4
257 604 4
257 598 4
257 592 4
257 586 4
263 586 5
263 592 5
263 598 5
263 604 5
263 610 5
263 616 5
263 622 5
263 628 5
263 634 5
263 640 5
263 646 5
263 652 5
263 658 5
263 664 5
263 670 5
263 676 5
263 682 5
263 688 5
263 694 5
263 700 5
263 706 5
263 712 5
263 718 5
263 724 5
263 730 5
269 730 5
269 724 5
269 718 5
269 712 5
269 706 5
269 700 5
269 694 5
269 688 5
269 682 5
269 676 5
269 670 5
269 664 5
269 658 5
269 652 5
269 646 5
269 640 6
269 634 6
269 628 6
269 622 6
269 616 6
269 610 6
269 604 6
269 598 6
269 592 6
269 586 6
275 586 6
275 592 6
275 598 6
275 604 6
275 610 6
275 616 6
275 622 6
275 628 6
275 634 6
275 640 6
275 646 6
275 652 6
275 658 6
275 664 6
275 670 6
275 676 6
275 682 6
275 688 6
275 694 6
275 700 6
275 706 6
275 712 6
275 718 6
275 724 6
275 730 6
281 730 6
281 724 6
281 718 6
281 712 6
281 706 6
281 700 7
281 694 7
281 688 7
281 682 7
281 676 7
281 670 7
281 664 7
281 658 7
281 652 7
281 646 7
281 640 7
281 634 7
281 628 7
281 622 7
281 616 7
281 610 7
281 604 7
281 598 7
281 592 7
281 586 7
287 586 7
287 592 7
287 598 7
287 604 7
287 610 7
287 616 7
287 622 7
287 628 7
287 634 7
287 640 7
287 646 7
287 652 7
287 658 7
287 664 7
287 670 7
287 676 7
287 682 7
287 688 7
287 694 7
287 700 7
287 706 8
287 712 8
287 718 8
287 724 8
287 730 8
293 730 8
293 724 8
293 718 8
293 712 8
293 706 8
293 700 8
293 694 8
293 688 8
293 682 8
293 676 8
293 670 8
293 664 8
293 658 8
293 652 8
293 646 8
293 640 8
293 634 8
293 628 8
293 622 8
293 616 8
293 610 8
293 604 8
293 598 8
293 592 8
293 586 8
299 586 8
299 592 8
299 598 8
299 604 8
299 610 8
299 616 8
299 622 8
299 628 8
299 634 8
299 640 8
299 646 9
299 652 9
299 658 9
299 664 9
299 670 9
299 676 9
299 682 9
299 688 9
299 694 9
299 700 9
299 706 9
299 712 9
299 718 9
299 724 9
299 730 9
305 730 9
305 724 9
305 718 9
305 712 9
305 706 9
305 700 9
305 694 9
305 688 9
305 682 9
305 676 9
305 670 9
305 664 9
305 658 9
305 652 9
305 646 9
305 640 9
305 634 9
305 628 9
305 622 9
305 616 9
305 610 9
305 604 9
305 598 9
305 592 9
305 586 9
311 586 10
311 592 10
311 598 10
311 604 10
311 610 10
311 616 10
311 622 10
311 628 10
311 634 10
311 640 10
311 646 10
311 652 10
311 658 10
311 664 10
311 670 10
311 676 10
311 682 10
311 688 10
311 694 10
311 700 10
311 706 10
311 712 10
311 718 10
311 724 10
311 730 10
317 730 10
317 724 10
317 718 10
317 712 10
317 706 10
317 700 10
317 694 10
317 688 10
317 682 10
317 676 10
317 670 10
317 664 10
317 658 10
317 652 10
317 646 10
317 640 11
317 634 11
317 628 11
317 622 11
317 616 11
317 610 11
317 604 11
317 598 11
317 592 11
317 586 11
323 586 11
323 592 11
323 598 11
323 604 11
323 610 11
323 616 11
323 622 11
323 628 11
323 634 11
323 640 11
323 646 11
323 652 11
323 658 11
323 664 11
323 670 11
323 676 11
323 682 11
323 688 11
323 694 11
323 700 11
323 706 11
323 712 11
323 718 11
323 724 11
323 730 11
329 730 11
329 724 11
329 718 11
329 712 11
329 706 11
329 700 12
329 694 12
329 688 12
329 682 12
329 676 12
329 670 12
329 664 12
329 658 12
329 652 12
329 646 12
329 640 12
329 634 12
329 628 12
329 622 12
329 616 12
329 610 12
329 604 12
329 598 12
329 592 12
329 586 12
335 586 12
335 592 12
335 598 12
335 604 12
335 610 12
335 616 12
335 622 12
335 628 12
335 634 12
335 640 12
335 646 12
335 652 12
335 658 12
335 664 12
335 670 12
335 676 12
335 682 12
335 688 12
335 694 12
335 700 12
335 706 13
335 712 13
335 718 13
335 724 13
335 730 13
341 730 13
341 724 13
341 718 13
341 712 13
341 706 13
341 700 13
341 694 13
341 688 13
341 682 13
341 676 13
341 670 13
341 664 13
341 658 13
341 652 13
341 646 13
341 640 13
341 634 13
341 628 13
341 622 13
341 616 13
341 610 13
341 604 13
341 598 13
341 592 13
341 586 13
347 586 13
347 592 13
347 598 13
347 604 13
347 610 13
347 616 13
347 622 13
347 628 13
347 634 13
347 640 13
347 646 14
347 652 14
347 658 14
347 664 14
347 670 14
347 676 14
347 682 14
347 688 14
347 694 14
347 700 14
347 706 14
347 712 14
347 718 14
347 724 14
347 730 14
353 730 14
353 724 14
353 718 14
353 712 14
353 706 14
353 700 14
353 694 14
353 688 14
353 682 14
353 676 14
353 670 14
353 664 14
353 658 14
353 652 14
353 646 14
353 640 14
353 634 14
353 628 14
353 622 14
353 616 14
353 610 14
353 604 14
353 598 14
353 592 14
353 586 14
359 586 15
359 592 15
359 598 15
359 604 15
359 610 15
359 616 15
359 622 15
359 628 15
359 634 15
359 640 15
359 646 15
359 652 15
359 658 15
359 664 15
359 670 15
359 676 15
359 682 15
359 688 15
359 694 15
359 700 15
359 706 15
359 712 15
359 718 15
359 724 15
359 730 15
365 730 15
365 724 15
365 718 15
365 712 15
365 706 15
365 700 15
365 694 15
365 688 15
365 682 15
365 676 15
365 670 15
365 664 15
365 658 15
365 652 15
365 646 15
365 640 16
365 634 16
365 628 16
365 622 16
365 616 16
365 610 16
365 604 16
365 598 16
365 592 16
365 586 16
371 586 16
371 592 16
371 598 16
371 604 16
371 610 16
371 616 16
371 622 16
371 628 16
371 634 16
371 640 16
371 646 16
371 652 16
371 658 16
371 664 16
371 670 16
371 676 16
371 682 16
371 688 16
371 694 16
371 700 16
371 706 16
371 712 16
371 718 16
371 724 16
371 730 16
377 730 16
377 724 16
377 718 16
377 712 16
377 706 16
377 700 17
377 694 17
377 688 17
377 682 17
377 676 17
377 670 17
377 664 17
377 658 17
377 652 17
377 646 17
377 640 17
377 634 17
377 628 17
377 622 17
377 616 17
377 610 17
377 604 17
377 598 17
377 592 17
377 586 17
383 586 17
383 592 17
383 598 17
383 604 17
383 610 17
383 616 17
383 622 17
383 628 17
383 634 17
383 640 17
383 646 17
383 652 17
383 658 17
383 664 17
383 670 17
383 676 17
383 682 17
383 688 17
383 694 17
383 700 17
383 706 18
383 712 18
383 718 18
383 724 18
383 730 18
389 730 18
389 724 18
389 718 18
389 712 18
389 706 18
389 700 18
389 694 18
389 688 18
389 682 18
389 676 18
389 670 18
389 664 18
389 658 18
389 652 18
389 646 18
389 640 18
389 634 18
389 628 18
389 622 18
389 616 18
389 610 18
389 604 18
389 598 18
389 592 18
389 586 18
395 586 18
395 592 18
395 598 18
395 604 18
395 610 18
395 616 18
395 622 18
395 628 18
395 634 18
395 640 18
395 646 19
395 652 19
395 658 19
395 664 19
395 670 19
395 676 19
395 682 19
395 688 19
395 694 19
395 700 19
395 706 19
395 712 19
395 718 19
395 724 19
395 730 19
401 730 19
401 724 19
401 718 19
401 712 19
401 706 19
401 700 19
401 694 19
401 688 19
401 682 19
401 676 19
401 670 19
401 664 19
401 658 19
401 652 19
401 646 19
401 640 19
401 634 19
401 628 19
401 622 19
401 616 19
401 610 19
401 604 19
401 598 19
401 592 19
401 586 19
407 586 20
407 592 20
407 598 20
407 604 20
407 610 20
407 616 20
407 622 20
407 628 20
407 634 20
407 640 20
407 646 20
407 652 20
407 658 20
407 664 20
407 670 20
407 676 20
407 682 20
407 688 20
407 694 20
407 700 20
407 706 20
407 712 20
407 718 20
407 724 20
407 730 20
413 730 20
413 724 20
413 718 20
413 712 20
413 706 20
413 700 20
413 694 20
413 688 20
413 682 20
413 676 20
413 670 20
413 664 20
413 658 20
413 652 20
413 646 20
413 640 21
413 634 21
413 628 21
413 622 21
413 616 21
413 610 21
413 604 21
413 598 21
413 592 21
413 586 21
419 586 21
419 592 21
419 598 21
419 604 21
419 610 21
419 616 21
419 622 21
419 628 21
419 634 21
419 640 21
419 646 21
419 652 21
419 658 21
419 664 21
419 670 21
419 676 21
419 682 21
419 688 21
419 694 21
419 700 21
419 706 21
419 712 21
419 718 21
419 724 21
419 730 21
425 730 21
425 724 21
425 718 21
425 712 21
425 706 21
425 700 22
425 694 22
425 688 22
425 682 22
425 676 22
425 670 22
425 664 22
425 658 22
425 652 22
425 646 22
425 640 22
425 634 22
425 628 22
425 622 22
425 616 22
425 610 22
425 604 22
425 598 22
425 592 22
425 586 22
431 586 22
431 592 22
431 598 22
431 604 22
431 610 22
431 616 22
431 622 22
431 628 22
431 634 22
431 640 22
431 646 22
431 652 22
431 658 22
431 664 22
431 670 22
431 676 22
431 682 22
431 688 22
431 694 22
431 700 22
431 706 23
431 712 23
431 718 23
431 724 23
431 730 23
437 730 23
437 724 23
437 718 23
437 712 23
437 706 23
437 700 23
437 694 23
437 688 23
437 682 23
437 676 23
437 670 23
437 664 23
437 658 23
437 652 23
437 646 23
437 640 23
437 634 23
437 628 23
437 622 23
437 616 23
437 610 23
437 604 23
437 598 23
437 592 23
437 586 23
443 586 23
443 592 23
443 598 23
443 604 23
443 610 23
443 616 23
443 622 23
443 628 23
443 634 23
443 640 23
443 646 24
443 652 24
443 658 24
443 664 24
443 670 24
443 676 24
443 682 24
443 688 24
443 694 24
443 700 24
443 706 24
443 712 24
443 718 24
443 724 24
443 730 24
449 730 24
449 724 24
449 718 24
449 712 24
449 706 24
449 700 24
449 694 24
449 688 24
449 682 24
449 676 24
449 670 24
449 664 24
449 658 24
449 652 24
449 646 24
449 640 24
449 634 24
449 628 24
449 622 24
449 616 24
449 610 24
449 604 24
449 598 24
449 592 24
449 586 24
455 586 25
455 592 25
455 598 25
455 604 25
455 610 25
455 616 25
455 622 25
455 628 25
455 634 25
455 640 25
455 646 25
455 652 25
455 658 25
455 664 25
455 670 25
455 676 25
455 682 25
455 688 25
455 694 25
455 700 25
455 706 25
455 712 25
455 718 25
455 724 25
455 730 25
461 730 25
461 724 25
461 718 25
461 712 25
461 706 25
461 700 25
461 694 25
461 688 25
461 682 25
461 676 25
461 670 25
461 664 25
461 658 25
461 652 25
461 646 25
461 640 26
461 634 26
461 628 26
461 622 26
461 616 26
461 610 26
461 604 26
461 598 26
461 592 26
461 586 26
467 586 26
467 592 26
467 598 26
467 604 26
467 610 26
467 616 26
467 622 26
467 628 26
467 634 26
467 640 26
467 646 26
467 652 26
467 658 26
467 664 26
467 670 26
467 676 26
467 682 26
467 688 26
467 694 26
467 700 26
467 706 26
467 712 26
467 718 26
467 724 26
467 730 26
473 730 26
473 724 26
473 718 26
473 712 26
473 706 26
473 700 27
473 694 27
473 688 27
473 682 27
473 676 27
473 670 27
473 664 27
473 658 27
473 652 27
473 646 27
473 640 27
473 634 27
473 628 27
473 622 27
473 616 27
473 610 27
473 604 27
473 598 27
473 592 27
473 586 27
479 586 27
479 592 27
479 598 27
479 604 27
479 610 27
479 616 27
479 622 27
479 628 27
479 634 27
479 640 27
479 646 27
479 652 27
479 658 27
479 664 27
479 670 27
479 676 27
479 682 27
479 688 27
479 694 27
479 700 27
479 706 28
479 712 28
479 718 28
479 724 28
479 730 28
485 730 28
485 724 28
485 718 28
485 712 28
485 706 28
485 700 28
485 694 28
485 688 28
485 682 28
485 676 28
485 670 28
485 664 28
485 658 28
485 652 28
485 646 28
485 640 28
485 634 28
485 628 28
485 622 28
485 616 28
485 610 28
485 604 28
485 598 28
485 592 28
485 586 28
491 586 28
491 592 28
491 598 28
491 604 28
491 610 28
491 616 28
491 622 28
491 628 28
491 634 28
491 640 28
491 646 29
491 652 29
491 658 29
491 664 29
491 670 29
491 676 29
491 682 29
491 688 29
491 694 29
491 700 29
491 706 29
491 712 29
491 718 29
491 724 29
491 730 29
497 730 29
497 724 29
497 718 29
497 712 29
497 706 29
497 700 29
497 694 29
497 688 29
497 682 29
497 676 29
497 670 29
497 664 29
497 658 29
497 652 29
497 646 29
497 640 29
497 634 29
497 628 29
497 622 29
497 616 29
497 610 29
497 604 29
497 598 29
497 592 29
497 586 29
503 586 30
503 592 30
503 598 30
503 604 30
503 610 30
503 616 30
503 622 30
503 628 30
503 634 30
503 640 30
503 646 30
503 652 30
503 658 30
503 664 30
503 670 30
503 676 30
503 682 30
503 688 30
503 694 30
503 700 30
503 706 30
503 712 30
503 718 30
503 724 30
503 730 30
509 730 30
509 724 30
509 718 30
509 712 30
509 706 30
509 700 30
509 694 30
509 688 30
509 682 30
509 676 30
509 670 30
509 664 30
509 658 30
509 652 30
509 646 30
509 640 31
509 634 31
509 628 31
509 622 31
509 616 31
509 610 31
509 604 31
509 598 31
509 592 31
509 586 31
515 586 31
515 592 31
515 598 31
515 604 31
515 610 31
515 616 31
515 622 31
515 628 31
515 634 31
515 640 31
515 646 31
515 652 31
515 658 31
515 664 31
515 670 31
515 676 31
515 682 31
515 688 31
515 694 31
515 700 31
515 706 31
515 712 31
515 718 31
515 724 31
515 730 31
521 730 31
521 724 31
521 718 31
521 712 31
521 706 31
521 700 32
521 694 32
521 688 32
521 682 32
521 676 32
521 670 32
521 664 32
521 658 32
521 652 32
521 646 32
521 640 32
521 634 32
521 628 32
521 622 32
521 616 32
521 610 32
521 604 32
521 598 32
521 592 32
521 586 32
527 586 32
527 592 32
527 598 32
527 604 32
527 610 32
527 616 32
527 622 32
527 628 32
527 634 32
527 640 32
527 646 32
527 652 32
527 658 32
527 664 32
527 670 32
527 676 32
527 682 32
527 688 32
527 694 32
527 700 32
527 706 33
527 712 33
527 718 33
527 724 33
527 730 33
533 730 33
533 724 33
533 718 33
533 712 33
533 706 33
533 700 33
533 694 33
533 688 33
533 682 33
533 676 33
533 670 33
533 664 33
533 658 33
533 652 33
533 646 33
533 640 33
533 634 33
533 628 33
533 622 33
533 616 33
533 610 33
533 604 33
533 598 33
533 592 33
533 586 33
539 586 33
539 592 33
539 598 33
539 604 33
539 610 33
539 616 33
539 622 33
539 628 33
539 634 33
539 640 33
539 646 34
539 652 34
539 658 34
539 664 34
539 670 34
539 676 34
539 682 34
539 688 34
539 694 34
539 700 34
539 706 34
539 712 34
539 718 34
539 724 34
539 730 34
545 730 34
545 724 34
545 718 34
545 712 34
545 706 34
545 700 34
545 694 34
545 688 34
545 682 34
545 676 34
545 670 34
545 664 34
545 658 34
545 652 34
545 646 34
545 640 34
545 634 34
545 628 34
545 622 34
545 616 34
545 610 34
545 604 34
545 598 34
545 592 34
545 586 34
551 586 35
551 592 35
551 598 35
551 604 35
551 610 35
551 616 35
551 622 35
551 628 35
551 634 35
551 640 35
551 646 35
551 652 35
551 658 35
551 664 35
551 670 35
551 676 35
551 682 35
551 688 35
551 694 35
551 700 35
551 706 35
551 712 35
551 718 35
551 724 35
551 730 35
557 730 35
557 724 35
557 718 35
557 712 35
557 706 35
557 700 35
557 694 35
557 688 35
557 682 35
557 676 35
557 670 35
557 664 35
557 658 35
557 652 35
557 646 35
557 640 36
557 634 36
557 628 36
557 622 36
557 616 36
557 610 36
557 604 36
557 598 36
557 592 36
557 586 36
563 586 36
563 592 36
563 598 36
563 604 36
563 610 36
563 616 36
563 622 36
563 628 36
563 634 36
563 640 36
563 646 36
563 652 36
563 658 36
563 664 36
563 670 36
563 676 36
563 682 36
563 688 36
563 694 36
563 700 36
563 706 36
563 712 36
563 718 36
563 724 36
563 730 36
569 730 36
569 724 36
569 718 36
569 712 36
569 706 36
569 700 37
569 694 37
569 688 37
569 682 37
569 676 37
569 670 37
569 664 37
569 658 37
569 652 37
569 646 37
569 640 37
569 634 37
569 628 37
569 622 37
569 616 37
569 610 37
569 604 37
569 598 37
569 592 37
569 586 37
575 586 37
575 592 37
575 598 37
575 604 37
575 610 37
575 616 37
575 622 37
575 628 37
575 634 37
575 640 37
575 646 37
575 652 37
575 658 37
575 664 37
575 670 37
575 676 37
575 682 37
575 688 37
575 694 37
575 700 37
575 706 38
575 712 38
575 718 38
575 724 38
575 730 38
581 730 38
581 724 38
581 718 38
581 712 38
581 706 38
581 700 38
581 694 38
581 688 38
581 682 38
581 676 38
581 670 38
581 664 38
581 658 38
581 652 38
581 646 38
581 640 38
581 634 38
581 628 38
581 622 38
581 616 38
581 610 38
581 604 38
581 598 38
581 592 38
581 586 38
587 586 38
587 592 38
587 598 38
587 604 38
587 610 38
587 616 38
587 622 38
587 628 38
587 634 38
587 640 38
587 646 39
587 652 39
587 658 39
587 664 39
587 670 39
587 676 39
587 682 39
587 688 39
587 694 39
587 700 39
587 706 39
587 712 39
587 718 39
587 724 39
587 730 39
593 730 39
593 724 39
593 718 39
593 712 39
593 706 39
593 700 39
593 694 39
593 688 39
593 682 39
593 676 39
593 670 39
593 664 39
593 658 39
593 652 39
593 646 39
593 640 39
593 634 39
593 628 39
593 622 39
593 616 39
593 610 39
593 604 39
593 598 39
593 592 39
593 586 39
599 586 40
599 592 40
599 598 40
599 604 40
599 610 40
599 616 40
599 622 40
599 628 40
599 634 40
599 640 40
599 646 40
599 652 40
599 658 40
599 664 40
599 670 40
599 676 40
599 682 40
599 688 40
599 694 40
599 700 40
599 706 40
599 712 40
599 718 40
599 724 40
599 730 40
605 730 40
605 724 40
605 718 40
605 712 40
605 706 40
605 700 40
605 694 40
605 688 40
605 682 40
605 676 40
605 670 40
605 664 40
605 658 40
605 652 40
605 646 40
605 640 41
605 634 41
605 628 41
605 622 41
605 616 41
605 610 41
605 604 41
605 598 41
605 592 41
605 586 41
611 586 41
611 592 41
611 598 41
611 604 41
611 610 41
611 616 41
611 622 41
611 628 41
611 634 41
611 640 41
611 646 41
611 652 41
611 658 41
611 664 41
611 670 41
611 676 41
611 682 41
611 688 41
611 694 41
611 700 41
611 706 41
611 712 41
611 718 41
611 724 41
611 730 41
617 730 41
617 724 41
617 718 41
617 712 41
617 706 41
617 700 42
617 694 42
617 688 42
617 682 42
617 676 42
617 670 42
617 664 42
617 658 42
617 652 42
617 646 42
617 640 42
617 634 42
617 628 42
617 622 42
617 616 42
617 610 42
617 604 42
617 598 42
617 592 42
617 586 42
623 586 42
623 592 42
623 598 42
623 604 42
623 610 42
623 616 42
623 622 42
623 628 42
623 634 42
623 640 42
623 646 42
623 652 42
623 658 42
623 664 42
623 670 42
623 676 42
623 682 42
623 688 42
623 694 42
623 700 42
623 706 43
623 712 43
623 718 43
623 724 43
623 730 43
629 730 43
629 724 43
629 718 43
629 712 43
629 706 43
629 700 43
629 694 43
629 688 43
629 682 43
629 676 43
629 670 43
629 664 43
629 658 43
629 652 43
629 646 43
629 640 43
629 634 43
629 628 43
629 622 43
629 616 43
629 610 43
629 604 43
629 598 43
629 592 43
629 586 43
635 586 43
635 592 43
635 598 43
635 604 43
635 610 43
635 616 43
635 622 43
635 628 43
635 634 43
635 640 43
635 646 44
635 652 44
635 658 44
635 664 44
635 670 44
635 676 44
635 682 44
635 688 44
635 694 44
635 700 44
635 706 44
635 712 44
635 718 44
635 724 44
635 730 44
641 586 44
641 592 44
641 598 44
641 604 44
641 610 44
641 616 44
641 622 44
641 628 44
641 634 44
641 640 44
641 646 44
641 652 44
641 658 44
641 664 44
641 670 44
641 676 44
641 682 44
641 688 44
641 694 44
641 700 44
641 706 44
641 712 44
641 718 44
641 724 44
641 730 44
641 736 45
641 742 45
641 748 45
641 754 45
641 760 45
641 766 45
641 772 45
641 778 45
641 784 45
641 790 45
641 796 45
641 802 45
641 808 45
641 814 45
641 820 45
641 826 45
641 832 45
641 838 45
641 844 45
641 850 45
641 856 45
641 862 45
641 868 45
641 874 45
641 880 45
635 880 45
635 874 45
635 868 45
635 862 45
635 856 45
635 850 45
635 844 45
635 838 45
635 832 45
635 826 45
635 820 45
635 814 45
635 808 45
635 802 45
635 796 45
635 790 46
635 784 46
635 778 46
635 772 46
635 766 46
635 760 46
635 754 46
635 748 46
635 742 46
635 736 46
629 736 46
629 742 46
629 748 46
629 754 46
629 760 46
629 766 46
629 772 46
629 778 46
629 784 46
629 790 46
629 796 46
629 802 46
629 808 46
629 814 46
629 820 46
629 826 46
629 832 46
629 838 46
629 844 46
629 850 46
629 856 46
629 862 46
629 868 46
629 874 46
629 880 46
623 880 46
623 874 46
623 868 46
623 862 46
623 856 46
623 850 47
623 844 47
623 838 47
623 832 47
623 826 47
623 820 47
623 814 47
623 808 47
623 802 47
623 796 47
623 790 47
623 784 47
623 778 47
623 772 47
623 766 47
623 760 47
623 754 47
623 748 47
623 742 47
623 736 47
617 736 47
617 742 47
617 748 47
617 754 47
617 760 47
617 766 47
617 772 47
617 778 47
617 784 47
617 790 47
617 796 47
617 802 47
617 808 47
617 814 47
617 820 47
617 826 47
617 832 47
617 838 47
617 844 47
617 850 47
617 856 48
617 862 48
617 868 48
617 874 48
617 880 48
611 880 48
611 874 48
611 868 48
611 862 48
611 856 48
611 850 48
611 844 48
611 838 48
611 832 48
611 826 48
611 820 48
611 814 48
611 808 48
611 802 48
611 796 48
611 790 48
611 784 48
611 778 48
611 772 48
611 766 48
611 760 48
611 754 48
611 748 48
611 742 48
611 736 48
605 736 48
605 742 48
605 748 48
605 754 48
605 760 48
605 766 48
605 772 48
605 778 48
605 784 48
605 790 48
605 796 49
605 802 49
605 808 49
605 814 49
605 820 49
605 826 49
605 832 49
605 838 49
605 844 49
605 850 49
605 856 49
605 862 49
605 868 49
605 874 49
605 880 49
599 880 49
599 874 49
599 868 49
599 862 49
599 856 49
599 850 49
599 844 49
599 838 49
599 832 49
599 826 49
599 820 49
599 814 49
599 808 49
599 802 49
599 796 49
599 790 49
599 784 49
599 778 49
599 772 49
599 766 49
599 760 49
599 754 49
599 748 49
599 742 49
599 736 49
593 736 50
593 742 50
593 748 50
593 754 50
593 760 50
593 766 50
593 772 50
593 778 50
593 784 50
593 790 50
593 796 50
593 802 50
593 808 50
593 814 50
593 820 50
593 826 50
593 832 50
593 838 50
593 844 50
593 850 50
593 856 50
593 862 50
593 868 50
593 874 50
593 880 50
587 880 50
587 874 50
587 868 50
587 862 50
587 856 50
587 850 50
587 844 50
587 838 50
587 832 50
587 826 50
587 820 50
587 814 50
587 808 50
587 802 50
587 796 50
587 790 51
587 784 51
587 778 51
587 772 51
587 766 51
587 760 51
587 754 51
587 748 51
587 742 51
587 736 51
581 736 51
581 742 51
581 748 51
581 754 51
581 760 51
581 766 51
581 772 51
581 778 51
581 784 51
581 790 51
581 796 51
581 802 51
581 808 51
581 814 51
581 820 51
581 826 51
581 832 51
581 838 51
581 844 51
581 850 51
581 856 51
581 862 51
581 868 51
581 874 51
581 880 51
575 880 51
575 874 51
575 868 51
575 862 51
575 856 51
575 850 52
575 844 52
575 838 52
575 832 52
575 826 52
575 820 52
575 814 52
575 808 52
575 802 52
575 796 52
575 790 52
575 784 52
575 778 52
575 772 52
575 766 52
575 760 52
575 754 52
575 748 52
575 742 52
575 736 52
569 736 52
569 742 52
569 748 52
569 754 52
569 760 52
569 766 52
569 772 52
569 778 52
569 784 52
569 790 52
569 796 52
569 802 52
569 808 52
569 814 52
569 820 52
569 826 52
569 832 52
569 838 52
569 844 52
569 850 52
569 856 53
569 862 53
569 868 53
569 874 53
569 880 53
563 880 53
563 874 53
563 868 53
563 862 53
563 856 53
563 850 53
563 844 53
563 838 53
563 832 53
563 826 53
563 820 53
563 814 53
563 808 53
563 802 53
563 796 53
563 790 53
563 784 53
563 778 53
563 772 53
563 766 53
563 760 53
563 754 53
563 748 53
563 742 53
563 736 53
557 736 53
557 742 53
557 748 53
557 754 53
557 760 53
557 766 53
557 772 53
557 778 53
557 784 53
557 790 53
557 796 54
557 802 54
557 808 54
557 814 54
557 820 54
557 826 54
557 832 54
557 838 54
557 844 54
557 850 54
557 856 54
557 862 54
557 868 54
557 874 54
557 880 54
551 880 54
551 874 54
551 868 54
551 862 54
551 856 54
551 850 54
551 844 54
551 838 54
551 832 54
551 826 54
551 820 54
551 814 54
551 808 54
551 802 54
551 796 54
551 790 54
551 784 54
551 778 54
551 772 54
551 766 54
551 760 54
551 754 54
551 748 54
551 742 54
551 736 54
545 736 55
545 742 55
545 748 55
545 754 55
545 760 55
545 766 55
545 772 55
545 778 55
545 784 55
545 790 55
545 796 55
545 802 55
545 808 55
545 814 55
545 820 55
545 826 55
545 832 55
545 838 55
545 844 55
545 850 55
545 856 55
545 862 55
545 868 55
545 874 55
545 880 55
539 880 55
539 874 55
539 868 55
539 862 55
539 856 55
539 850 55
539 844 55
539 838 55
539 832 55
539 826 55
539 820 55
539 814 55
539 808 55
539 802 55
539 796 55
539 790 56
539 784 56
539 778 56
539 772 56
539 766 56
539 760 56
539 754 56
539 748 56
539 742 56
539 736 56
533 736 56
533 742 56
533 748 56
533 754 56
533 760 56
533 766 56
533 772 56
533 778 56
533 784 56
533 790 56
533 796 56
533 802 56
533 808 56
533 814 56
533 820 56
533 826 56
533 832 56
533 838 56
533 844 56
533 850 56
533 856 56
533 862 56
533 868 56
533 874 56
533 880 56
527 880 56
527 874 56
527 868 56
527 862 56
527 856 56
527 850 57
527 844 57
527 838 57
527 832 57
527 826 57
527 820 57
527 814 57
527 808 57
527 802 57
527 796 57
527 790 57
527 784 57
527 778 57
527 772 57
527 766 57
527 760 57
527 754 57
527 748 57
527 742 57
527 736 57
521 736 57
521 742 57
521 748 57
521 754 57
521 760 57
521 766 57
521 772 57
521 778 57
521 784 57
521 790 57
521 796 57
521 802 57
521 808 57
521 814 57
521 820 57
521 826 57
521 832 57
521 838 57
521 844 57
521 850 57
521 856 58
521 862 58
521 868 58
521 874 58
521 880 58
515 880 58
515 874 58
515 868 58
515 862 58
515 856 58
515 850 58
515 844 58
515 838 58
515 832 58
515 826 58
515 820 58
515 814 58
515 808 58
515 802 58
515 796 58
515 790 58
515 784 58
515 778 58
515 772 58
515 766 58
515 760 58
515 754 58
515 748 58
515 742 58
515 736 58
509 736 58
509 742 58
509 748 58
509 754 58
509 760 58
509 766 58
509 772 58
509 778 58
509 784 58
509 790 58
509 796 59
509 802 59
509 808 59
509 814 59
509 820 59
509 826 59
509 832 59
509 838 59
509 844 59
509 850 59
509 856 59
509 862 59
509 868 59
509 874 59
509 880 59
503 880 59
503 874 59
503 868 59
503 862 59
503 856 59
503 850 59
503 844 59
503 838 59
503 832 59
503 826 59
503 820 59
503 814 59
503 808 59
503 802 59
503 796 59
503 790 59
503 784 59
503 778 59
503 772 59
503 766 59
503 760 59
503 754 59
503 748 59
503 742 59
503 736 59
497 736 60
497 742 60
497 748 60
497 754 60
497 760 60
497 766 60
497 772 60
497 778 60
497 784 60
497 790 60
497 796 60
497 802 60
497 808 60
497 814 60
497 820 60
497 826 60
497 832 60
497 838 60
497 844 60
497 850 60
497 856 60
497 862 60
497 868 60
497 874 60
497 880 60
491 880 60
491 874 60
491 868 60
491 862 60
491 856 60
491 850 60
491 844 60
491 838 60
491 832 60
491 826 60
491 820 60
491 814 60
491 808 60
491 802 60
491 796 60
491 790 61
491 784 61
491 778 61
491 772 61
491 766 61
491 760 61
491 754 61
491 748 61
491 742 61
491 736 61
485 736 61
485 742 61
485 748 61
485 754 61
485 760 61
485 766 61
485 772 61
485 778 61
485 784 61
485 790 61
485 796 61
485 802 61
485 808 61
485 814 61
485 820 61
485 826 61
485 832 61
485 838 61
485 844 61
485 850 61
485 856 61
485 862 61
485 868 61
485 874 61
485 880 61
479 880 61
479 874 61
479 868 61
479 862 61
479 856 61
479 850 62
479 844 62
479 838 62
479 832 62
479 826 62
479 820 62
479 814 62
479 808 62
479 802 62
479 796 62
479 790 62
479 784 62
479 778 62
479 772 62
479 766 62
479 760 62
479 754 62
479 748 62
479 742 62
479 736 62
473 736 62
473 742 62
473 748 62
473 754 62
473 760 62
473 766 62
473 772 62
473 778 62
473 784 62
473 790 62
473 796 62
473 802 62
473 808 62
473 814 62
473 820 62
473 826 62
473 832 62
473 838 62
473 844 62
473 850 62
473 856 63
473 862 63
473 868 63
473 874 63
473 880 63
467 880 63
467 874 63
467 868 63
467 862 63
467 856 63
467 850 63
467 844 63
467 838 63
467 832 63
467 826 63
467 820 63
467 814 63
467 808 63
467 802 63
467 796 63
467 790 63
467 784 63
467 778 63
467 772 63
467 766 63
467 760 63
467 754 63
467 748 63
467 742 63
467 736 63
461 736 63
461 742 63
461 748 63
461 754 63
461 760 63
461 766 63
461 772 63
461 778 63
461 784 63
461 790 63
461 796 64
461 802 64
461 808 64
461 814 64
461 820 64
461 826 64
461 832 64
461 838 64
461 844 64
461 850 64
461 856 64
461 862 64
461 868 64
461 874 64
461 880 64
455 880 64
455 874 64
455 868 64
455 862 64
455 856 64
455 850 64
455 844 64
455 838 64
455 832 64
455 826 64
455 820 64
455 814 64
455 808 64
455 802 64
455 796 64
455 790 64
455 784 64
455 778 64
455 772 64
455 766 64
455 760 64
455 754 64
455 748 64
455 742 64
455 736 64
449 736 65
449 742 65
449 748 65
449 754 65
449 760 65
449 766 65
449 772 65
449 778 65
449 784 65
449 790 65
449 796 65
449 802 65
449 808 65
449 814 65
449 820 65
449 826 65
449 832 65
449 838 65
449 844 65
449 850 65
449 856 65
449 862 65
449 868 65
449 874 65
449 880 65
443 880 65
443 874 65
443 868 65
443 862 65
443 856 65
443 850 65
443 844 65
443 838 65
443 832 65
443 826 65
443 820 65
443 814 65
443 808 65
443 802 65
443 796 65
443 790 66
443 784 66
443 778 66
443 772 66
443 766 66
443 760 66
443 754 66
443 748 66
443 742 66
443 736 66
437 736 66
437 742 66
437 748 66
437 754 66
437 760 66
437 766 66
437 772 66
437 778 66
437 784 66
437 790 66
437 796 66
437 802 66
437 808 66
437 814 66
437 820 66
437 826 66
437 832 66
437 838 66
437 844 66
437 850 66
437 856 66
437 862 66
437 868 66
437 874 66
437 880 66
431 880 66
431 874 66
431 868 66
431 862 66
431 856 66
431 850 67
431 844 67
431 838 67
431 832 67
431 826 67
431 820 67
431 814 67
431 808 67
431 802 67
431 796 67
431 790 67
431 784 67
431 778 67
431 772 67
431 766 67
431 760 67
431 754 67
431 748 67
431 742 67
431 736 67
425 736 67
425 742 67
425 748 67
425 754 67
425 760 67
425 766 67
425 772 67
425 778 67
425 784 67
425 790 67
425 796 67
425 802 67
425 808 67
425 814 67
425 820 67
425 826 67
425 832 67
425 838 67
425 844 67
425 850 67
425 856 68
425 862 68
425 868 68
425 874 68
425 880 68
419 880 68
419 874 68
419 868 68
419 862 68
419 856 68
419 850 68
419 844 68
419 838 68
419 832 68
419 826 68
419 820 68
419 814 68
419 808 68
419 802 68
419 796 68
419 790 68
419 784 68
419 778 68
419 772 68
419 766 68
419 760 68
419 754 68
419 748 68
419 742 68
419 736 68
413 736 68
413 742 68
413 748 68
413 754 68
413 760 68
413 766 68
413 772 68
413 778 68
413 784 68
413 790 68
413 796 69
413 802 69
413 808 69
413 814 69
413 820 69
413 826 69
413 832 69
413 838 69
413 844 69
413 850 69
413 856 69
413 862 69
413 868 69
413 874 69
413 880 69
407 880 69
407 874 69
407 868 69
407 862 69
407 856 69
407 850 69
407 844 69
407 838 69
407 832 69
407 826 69
407 820 69
407 814 69
407 808 69
407 802 69
407 796 69
407 790 69
407 784 69
407 778 69
407 772 69
407 766 69
407 760 69
407 754 69
407 748 69
407 742 69
407 736 69
401 736 70
401 742 70
401 748 70
401 754 70
401 760 70
401 766 70
401 772 70
401 778 70
401 784 70
401 790 70
401 796 70
401 802 70
401 808 70
401 814 70
401 820 70
401 826 70
401 832 70
401 838 70
401 844 70
401 850 70
401 856 70
401 862 70
401 868 70
401 874 70
401 880 70
395 880 70
395 874 70
395 868 70
395 862 70
395 856 70
395 850 70
395 844 70
395 838 70
395 832 70
395 826 70
395 820 70
395 814 70
395 808 70
395 802 70
395 796 70
395 790 71
395 784 71
395 778 71
395 772 71
395 766 71
395 760 71
395 754 71
395 748 71
395 742 71
395 736 71
389 736 71
389 742 71
389 748 71
389 754 71
389 760 71
389 766 71
389 772 71
389 778 71
389 784 71
389 790 71
389 796 71
389 802 71
389 808 71
389 814 71
389 820 71
389 826 71
389 832 71
389 838 71
389 844 71
389 850 71
389 856 71
389 862 71
389 868 71
389 874 71
389 880 71
383 880 71
383 874 71
383 868 71
383 862 71
383 856 71
383 850 72
383 844 72
383 838 72
383 832 72
383 826 72
383 820 72
383 814 72
383 808 72
383 802 72
383 796 72
383 790 72
383 784 72
383 778 72
383 772 72
383 766 72
383 760 72
383 754 72
383 748 72
383 742 72
383 736 72
377 736 72
377 742 72
377 748 72
377 754 72
377 760 72
377 766 72
377 772 72
377 778 72
377 784 72
377 790 72
377 796 72
377 802 72
377 808 72
377 814 72
377 820 72
377 826 72
377 832 72
377 838 72
377 844 72
377 850 72
377 856 73
377 862 73
377 868 73
377 874 73
377 880 73
371 880 73
371 874 73
371 868 73
371 862 73
371 856 73
371 850 73
371 844 73
371 838 73
371 832 73
371 826 73
371 820 73
371 814 73
371 808 73
371 802 73
371 796 73
371 790 73
371 784 73
371 778 73
371 772 73
371 766 73
371 760 73
371 754 73
371 748 73
371 742 73
371 736 73
365 736 73
365 742 73
365 748 73
365 754 73
365 760 73
365 766 73
365 772 73
365 778 73
365 784 73
365 790 73
365 796 74
365 802 74
365 808 74
365 814 74
365 820 74
365 826 74
365 832 74
365 838 74
365 844 74
365 850 74
365 856 74
365 862 74
365 868 74
365 874 74
365 880 74
359 880 74
359 874 74
359 868 74
359 862 74
359 856 74
359 850 74
359 844 74
359 838 74
359 832 74
359 826 74
359 820 74
359 814 74
359 808 74
359 802 74
359 796 74
359 790 74
359 784 74
359 778 74
359 772 74
359 766 74
359 760 74
359 754 74
359 748 74
359 742 74
359 736 74
353 736 75
353 742 75
353 748 75
353 754 75
353 760 75
353 766 75
353 772 75
353 778 75
353 784 75
353 790 75
353 796 75
353 802 75
353 808 75
353 814 75
353 820 75
353 826 75
353 832 75
353 838 75
353 844 75
353 850 75
353 856 75
353 862 75
353 868 75
353 874 75
353 880 75
347 880 75
347 874 75
347 868 75
347 862 75
347 856 75
347 850 75
347 844 75
347 838 75
347 832 75
347 826 75
347 820 75
347 814 75
347 808 75
347 802 75
347 796 75
347 790 76
347 784 76
347 778 76
347 772 76
347 766 76
347 760 76
347 754 76
347 748 76
347 742 76
347 736 76
341 736 76
341 742 76
341 748 76
341 754 76
341 760 76
341 766 76
341 772 76
341 778 76
341 784 76
341 790 76
341 796 76
341 802 76
341 808 76
341 814 76
341 820 76
341 826 76
341 832 76
341 838 76
341 844 76
341 850 76
341 856 76
341 862 76
341 868 76
341 874 76
341 880 76
335 880 76
335 874 76
335 868 76
335 862 76
335 856 76
335 850 77
335 844 77
335 838 77
335 832 77
335 826 77
335 820 77
335 814 77
335 808 77
335 802 77
335 796 77
335 790 77
335 784 77
335 778 77
335 772 77
335 766 77
335 760 77
335 754 77
335 748 77
335 742 77
335 736 77
329 736 77
329 742 77
329 748 77
329 754 77
329 760 77
329 766 77
329 772 77
329 778 77
329 784 77
329 790 77
329 796 77
329 802 77
329 808 77
329 814 77
329 820 77
329 826 77
329 832 77
329 838 77
329 844 77
329 850 77
329 856 78
329 862 78
329 868 78
329 874 78
329 880 78
323 880 78
323 874 78
323 868 78
323 862 78
323 856 78
323 850 78
323 844 78
323 838 78
323 832 78
323 826 78
323 820 78
323 814 78
323 808 78
323 802 78
323 796 78
323 790 78
323 784 78
323 778 78
323 772 78
323 766 78
323 760 78
323 754 78
323 748 78
323 742 78
323 736 78
317 736 78
317 742 78
317 748 78
317 754 78
317 760 78
317 766 78
317 772 78
317 778 78
317 784 78
317 790 78
317 796 79
317 802 79
317 808 79
317 814 79
317 820 79
317 826 79
317 832 79
317 838 79
317 844 79
317 850 79
317 856 79
317 862 79
317 868 79
317 874 79
317 880 79
311 880 79
311 874 79
311 868 79
311 862 79
311 856 79
311 850 79
311 844 79
311 838 79
311 832 79
311 826 79
311 820 79
311 814 79
311 808 79
311 802 79
311 796 79
311 790 79
311 784 79
311 778 79
311 772 79
311 766 79
311 760 79
311 754 79
311 748 79
311 742 79
311 736 79
305 736 80
305 742 80
305 748 80
305 754 80
305 760 80
305 766 80
305 772 80
305 778 80
305 784 80
305 790 80
305 796 80
305 802 80
305 808 80
305 814 80
305 820 80
305 826 80
305 832 80
305 838 80
305 844 80
305 850 80
305 856 80
305 862 80
305 868 80
305 874 80
305 880 80
299 880 80
299 874 80
299 868 80
299 862 80
299 856 80
299 850 80
299 844 80
299 838 80
299 832 80
299 826 80
299 820 80
299 814 80
299 808 80
299 802 80
299 796 80
299 790 81
299 784 81
299 778 81
299 772 81
299 766 81
299 760 81
299 754 81
299 748 81
299 742 81
299 736 81
293 736 81
293 742 81
293 748 81
293 754 81
293 760 81
293 766 81
293 772 81
293 778 81
293 784 81
293 790 81
293 796 81
293 802 81
293 808 81
293 814 81
293 820 81
293 826 81
293 832 81
293 838 81
293 844 81
293 850 81
293 856 81
293 862 81
293 868 81
293 874 81
293 880 81
287 772 81
287 766 81
287 760 81
287 754 81
287 748 81
287 742 82
287 736 82
281 736 82
281 742 82
281 748 82
281 754 82
281 760 82
281 766 82
281 772 82
275 772 82
275 766 82
275 760 82
275 754 82
275 748 82
275 742 82
275 736 82
269 736 82
269 742 82
269 748 82
269 754 82
269 760 82
269 766 82
269 772 82
263 772 82
263 766 82
263 760 82
263 754 82
263 748 82
263 742 82
263 736 82
257 736 82
257 742 82
257 748 82
257 754 82
257 760 82
257 766 82
257 772 82
251 772 82
251 766 82
251 760 82
251 754 83
251 748 83
251 742 83
251 736 83
245 736 83
245 742 83
245 748 83
245 754 83
245 760 83
245 766 83
245 772 83
239 772 83
239 766 83
239 760 83
239 754 83
239 748 83
239 742 83
239 736 83
233 736 83
233 742 83
233 748 83
233 754 83
233 760 83
233 766 83
233 772 83
227 772 83
227 766 83
227 760 83
227 754 83
227 748 83
227 742 83
227 736 83
221 736 83
221 742 83
221 748 83
221 754 83
221 760 83
221 766 83
221 772 83
215 736 83
215 742 84
215 748 84
215 754 84
215 760 84
215 766 84
215 772 84
293 898 84
293 892 84
293 886 84
299 886 84
299 892 84
299 898 84
305 898 84
305 892 84
305 886 84
311 886 84
311 892 84
311 898 84
317 898 84
317 892 84
317 886 84
323 886 84
323 892 84
323 898 84
329 898 84
329 892 84
329 886 84
335 886 84
335 892 84
335 898 84
341 898 84
341 892 84
341 886 84
347 886 84
347 892 84
347 898 84
353 898 84
353 892 84
353 886 84
359 886 84
359 892 85
359 898 85
365 898 85
365 892 85
365 886 85
371 886 85
371 892 85
371 898 85
377 898 85
377 892 85
377 886 85
383 886 85
383 892 85
383 898 85
389 898 85
389 892 85
389 886 85
395 886 85
395 892 85
395 898 85
401 898 85
401 892 85
401 886 85
407 886 85
407 892 85
407 898 85
413 898 85
413 892 85
413 886 85
419 886 85
419 892 85
419 898 85
425 898 85
425 892 85
425 886 85
431 886 85
431 892 85
431 898 85
437 898 85
437 892 85
437 886 86
443 886 86
443 892 86
443 898 86
449 898 86
449 892 86
449 886 86
455 886 86
455 892 86
455 898 86
461 1024 86
461 1018 86
461 1012 86
461 1006 86
461 1000 86
461 994 86
461 988 86
461 982 86
461 976 86
461 970 86
461 964 86
461 958 86
461 952 86
461 946 86
461 940 86
461 934 86
461 928 86
461 922 86
461 916 86
461 910 86
461 904 86
461 898 86
461 892 86
461 886 86
467 886 86
467 892 86
467 898 86
467 904 86
467 910 86
467 916 86
467 922 87
467 928 87
467 934 87
467 940 87
467 946 87
467 952 87
467 958 87
467 964 87
467 970 87
467 976 87
467 982 87
467 988 87
467 994 87
467 1000 87
467 1006 87
467 1012 87
467 1018 87
467 1024 87
473 1024 87
473 1018 87
473 1012 87
473 1006 87
473 1000 87
473 994 87
473 988 87
473 982 87
473 976 87
473 970 87
473 964 87
473 958 87
473 952 87
473 946 87
473 940 87
473 934 87
473 928 87
473 922 87
473 916 87
473 910 87
473 904 87
473 898 87
473 892 88
473 886 88
479 886 88
479 892 88
479 898 88
479 904 88
479 910 88
479 916 88
479 922 88
479 928 88
479 934 88
479 940 88
479 946 88
479 952 88
479 958 88
479 964 88
479 970 88
479 976 88
479 982 88
479 988 88
479 994 88
479 1000 88
479 1006 88
479 1012 88
479 1018 88
479 1024 88
485 1024 88
485 1018 88
485 1012 88
485 1006 88
485 1000 88
485 994 88
485 988 88
485 982 88
485 976 88
485 970 88
485 964 88
485 958 88
485 952 88
485 946 88
485 940 89
485 934 89
485 928 89
485 922 89
485 916 89
485 910 89
485 904 89
485 898 89
485 892 89
485 886 89
491 886 89
491 892 89
491 898 89
491 904 89
491 910 89
491 916 89
491 922 89
491 928 89
491 934 89
491 940 89
491 946 89
491 952 89
491 958 89
491 964 89
491 970 89
491 976 89
491 982 89
491 988 89
491 994 89
491 1000 89
491 1006 89
491 1012 89
491 1018 89
491 1024 89
497 1024 89
497 1018 89
497 1012 89
497 1006 89
497 1000 89
497 994 89
497 988 90
497 982 90
497 976 90
497 970 90
497 964 90
497 958 90
497 952 90
497 946 90
497 940 90
497 934 90
497 928 90
497 922 90
497 916 90
497 910 90
497 904 90
497 898 90
497 892 90
497 886 90
503 886 90
503 892 90
503 898 90
503 904 90
503 910 90
503 916 90
503 922 90
503 928 90
503 934 90
503 940 90
503 946 90
503 952 90
503 958 90
503 964 90
503 970 90
503 976 90
503 982 90
503 988 90
503 994 90
503 1000 90
503 1006 90
503 1012 90
503 1018 91
503 1024 91
509 1024 91
509 1018 91
509 1012 91
509 1006 91
509 1000 91
509 994 91
509 988 91
509 982 91
509 976 91
509 970 91
509 964 91
509 958 91
509 952 91
509 946 91
509 940 91
509 934 91
509 928 91
509 922 91
509 916 91
509 910 91
509 904 91
509 898 91
509 892 91
509 886 91
515 886 91
515 892 91
515 898 91
515 904 91
515 910 91
515 916 91
515 922 91
515 928 91
515 934 91
515 940 91
515 946 91
515 952 91
515 958 91
515 964 91
515 970 92
515 976 92
515 982 92
515 988 92
515 994 92
515 1000 92
515 1006 92
515 1012 92
515 1018 92
515 1024 92
521 1024 92
521 1018 92
521 1012 92
521 1006 92
521 1000 92
521 994 92
521 988 92
521 982 92
521 976 92
521 970 92
521 964 92
521 958 92
521 952 92
521 946 92
521 940 92
521 934 92
521 928 92
521 922 92
521 916 92
521 910 92
521 904 92
521 898 92
521 892 92
521 886 92
527 886 92
527 892 92
527 898 92
527 904 92
527 910 92
527 916 92
527 922 93
527 928 93
527 934 93
527 940 93
527 946 93
527 952 93
527 958 93
527 964 93
527 970 93
527 976 93
527 982 93
527 988 93
527 994 93
527 1000 93
527 1006 93
527 1012 93
527 1018 93
527 1024 93
533 1024 93
533 1018 93
533 1012 93
533 1006 93
533 1000 93
533 994 93
533 988 93
533 982 93
533 976 93
533 970 93
533 964 93
533 958 93
533 952 93
533 946 93
533 940 93
533 934 93
533 928 93
533 922 93
533 916 93
533 910 93
533 904 93
533 898 93
533 892 94
533 886 94
539 886 94
539 892 94
539 898 94
539 904 94
539 910 94
539 916 94
539 922 94
539 928 94
539 934 94
539 940 94
539 946 94
539 952 94
539 958 94
539 964 94
539 970 94
539 976 94
539 982 94
539 988 94
539 994 94
539 1000 94
539 1006 94
539 1012 94
539 1018 94
539 1024 94
545 1024 94
545 1018 94
545 1012 94
545 1006 94
545 1000 94
545 994 94
545 988 94
545 982 94
545 976 94
545 970 94
545 964 94
545 958 94
545 952 94
545 946 94
545 940 95
545 934 95
545 928 95
545 922 95
545 916 95
545 910 95
545 904 95
545 898 95
545 892 95
545 886 95
551 886 95
551 892 95
551 898 95
551 904 95
551 910 95
551 916 95
551 922 95
551 928 95
551 934 95
551 940 95
551 946 95
551 952 95
551 958 95
551 964 95
551 970 95
551 976 95
551 982 95
551 988 95
551 994 95
551 1000 95
551 1006 95
551 1012 95
551 1018 95
551 1024 95
557 1024 95
557 1018 95
557 1012 95
557 1006 95
557 1000 95
557 994 95
557 988 96
557 982 96
557 976 96
557 970 96
557 964 96
557 958 96
557 952 96
557 946 96
557 940 96
557 934 96
557 928 96
557 922 96
557 916 96
557 910 96
557 904 96
557 898 96
557 892 96
557 886 96
563 886 96
563 892 96
563 898 96
563 904 96
563 910 96
563 916 96
563 922 96
563 928 96
563 934 96
563 940 96
563 946 96
563 952 96
563 958 96
563 964 96
563 970 96
563 976 96
563 982 96
563 988 96
563 994 96
563 1000 96
563 1006 96
563 1012 96
563 1018 97
563 1024 97
569 1024 97
569 1018 97
569 1012 97
569 1006 97
569 1000 97
569 994 97
569 988 97
569 982 97
569 976 97
569 970 97
569 964 97
569 958 97
569 952 97
569 946 97
569 940 97
569 934 97
569 928 97
569 922 97
569 916 97
569 910 97
569 904 97
569 898 97
569 892 97
569 886 97
575 886 97
575 892 97
575 898 97
575 904 97
575 910 97
575 916 97
575 922 97
575 928 97
575 934 97
575 940 97
575 946 97
575 952 97
575 958 97
575 964 97
575 970 98
575 976 98
575 982 98
575 988 98
575 994 98
575 1000 98
575 1006 98
575 1012 98
575 1018 98
575 1024 98
581 1024 98
581 1018 98
581 1012 98
581 1006 98
581 1000 98
581 994 98
581 988 98
581 982 98
581 976 98
581 970 98
581 964 98
581 958 98
581 952 98
581 946 98
581 940 98
581 934 98
581 928 98
581 922 98
581 916 98
581 910 98
581 904 98
581 898 98
581 892 98
581 886 98
587 886 98
587 892 98
587 898 98
587 904 98
587 910 98
587 916 98
587 922 99
587 928 99
587 934 99
587 940 99
587 946 99
587 952 99
587 958 99
587 964 99
587 970 99
587 976 99
587 982 99
587 988 99
587 994 99
587 1000 99
587 1006 99
587 1012 99
587 1018 99
587 1024 99
593 1024 99
593 1018 99
593 1012 99
593 1006 99
593 1000 99
593 994 99
593 988 99
593 982 99
593 976 99
593 970 99
593 964 99
593 958 99
593 952 99
593 946 99
593 940 99
593 934 99
593 928 99
593 922 99
593 916 99
593 910 99
593 904 99
593 898 99
593 892 100
593 886 100
599 886 100
599 892 100
599 898 100
599 904 100
599 910 100
599 916 100
599 922 100
599 928 100
599 934 100
599 940 100
599 946 100
599 952 100
599 958 100
599 964 100
599 970 100
599 976 100
599 982 100
599 988 100
599 994 100
599 1000 100
599 1006 100
599 1012 100
599 1018 100
599 1024 100
605 1024 100
605 1018 100
605 1012 100
605 1006 100
605 1000 100
605 994 100
605 988 100
605 982 100
605 976 100
605 970 100
605 964 100
605 958 100
605 952 100
605 946 100
605 940 101
605 934 101
605 928 101
605 922 101
605 916 101
605 910 101
605 904 101
605 898 101
605 892 101
605 886 101
611 886 101
611 892 101
611 898 101
611 904 101
611 910 101
611 916 101
611 922 101
611 928 101
611 934 101
611 940 101
611 946 101
611 952 101
611 958 101
611 964 101
611 970 101
611 976 101
611 982 101
611 988 101
611 994 101
611 1000 101
611 1006 101
611 1012 101
611 1018 101
611 1024 101
617 1024 101
617 1018 101
617 1012 101
617 1006 101
617 1000 101
617 994 101
617 988 102
617 982 102
617 976 102
617 970 102
617 964 102
617 958 102
617 952 102
617 946 102
617 940 102
617 934 102
617 928 102
617 922 102
617 916 102
617 910 102
617 904 102
617 898 102
617 892 102
617 886 102
623 886 102
623 892 102
623 898 102
623 904 102
623 910 102
623 916 102
623 922 102
623 928 102
623 934 102
623 940 102
623 946 102
623 952 102
623 958 102
623 964 102
623 970 102
623 976 102
623 982 102
623 988 102
623 994 102
623 1000 102
623 1006 102
623 1012 102
623 1018 103
623 1024 103
629 1024 103
629 1018 103
629 1012 103
629 1006 103
629 1000 103
629 994 103
629 988 103
629 982 103
629 976 103
629 970 103
629 964 103
629 958 103
629 952 103
629 946 103
629 940 103
629 934 103
629 928 103
629 922 103
629 916 103
629 910 103
629 904 103
629 898 103
629 892 103
629 886 103
635 886 103
635 892 103
635 898 103
635 904 103
635 910 103
635 916 103
635 922 103
635 928 103
635 934 103
635 940 103
635 946 103
635 952 103
635 958 103
635 964 103
635 970 104
635 976 104
635 982 104
635 988 104
635 994 104
635 1000 104
635 1006 104
635 1012 104
635 1018 104
635 1024 104
641 886 104
641 892 104
641 898 104
641 904 104
641 910 104
641 916 104
641 922 104
641 928 104
641 934 104
641 940 104
641 946 104
641 952 104
641 958 104
641 964 104
641 970 104
641 976 104
641 982 104
641 988 104
641 994 104
641 1000 104
641 1006 104
641 1012 104
641 1018 104
641 1024 104
