641 1024 0
635 1024 0
629 1024 0
623 1024 0
617 1024 0
611 1024 0
605 1024 0
599 1024 0
593 1024 0
587 1024 0
581 1024 0
575 1024 0
569 1024 0
563 1024 0
557 1024 0
551 1024 0
545 1024 0
539 1024 0
533 1024 0
527 1024 0
521 1024 0
515 1024 0
509 1024 0
503 1024 0
497 1024 0
491 1024 0
485 1024 0
479 1024 0
473 1024 0
467 1024 0
461 1024 0
461 1018 0
467 1018 0
473 1018 0
479 1018 0
485 1018 0
491 1018 0
497 1018 0
503 1018 0
509 1018 0
515 1018 1
521 1018 1
527 1018 1
533 1018 1
539 1018 1
545 1018 1
551 1018 1
557 1018 1
563 1018 1
569 1018 1
575 1018 1
581 1018 1
587 1018 1
593 1018 1
599 1018 1
605 1018 1
611 1018 1
617 1018 1
623 1018 1
629 1018 1
635 1018 1
641 1018 1
641 1012 1
635 1012 1
629 1012 1
623 1012 1
617 1012 1
611 1012 1
605 1012 1
599 1012 1
593 1012 1
587 1012 1
581 1012 1
575 1012 1
569 1012 1
563 1012 1
557 1012 1
551 1012 1
545 1012 1
539 1012 1
533 1012 2
527 1012 2
521 1012 2
515 1012 2
509 1012 2
503 1012 2
497 1012 2
491 1012 2
485 1012 2
479 1012 2
473 1012 2
467 1012 2
461 1012 2
461 1006 2
467 1006 2
473 1006 2
479 1006 2
485 1006 2
491 1006 2
497 1006 2
503 1006 2
509 1006 2
515 1006 2
521 1006 2
527 1006 2
533 1006 2
539 1006 2
545 1006 2
551 1006 2
557 1006 2
563 1006 2
569 1006 2
575 1006 2
581 1006 2
587 1006 2
593 1006 2
599 1006 2
605 1006 2
611 1006 2
617 1006 2
623 1006 3
629 1006 3
635 1006 3
641 1006 3
641 1000 3
635 1000 3
629 1000 3
623 1000 3
617 1000 3
611 1000 3
605 1000 3
599 1000 3
593 1000 3
587 1000 3
581 1000 3
575 1000 3
569 1000 3
563 1000 3
557 1000 3
551 1000 3
545 1000 3
539 1000 3
533 1000 3
527 1000 3
521 1000 3
515 1000 3
509 1000 3
503 1000 3
497 1000 3
491 1000 3
485 1000 3
479 1000 3
473 1000 3
467 1000 3
461 1000 3
461 994 3
467 994 3
473 994 3
479 994 3
485 994 3
491 994 4
497 994 4
503 994 4
509 994 4
515 994 4
521 994 4
527 994 4
533 994 4
539 994 4
545 994 4
551 994 4
557 994 4
563 994 4
569 994 4
575 994 4
581 994 4
587 994 4
593 994 4
599 994 4
605 994 4
611 994 4
617 994 4
623 994 4
629 994 4
635 994 4
641 994 4
641 988 4
635 988 4
629 988 4
623 988 4
617 988 4
611 988 4
605 988 4
599 988 4
593 988 4
587 988 4
581 988 4
575 988 4
569 988 4
563 988 4
557 988 5
551 988 5
545 988 5
539 988 5
533 988 5
527 988 5
521 988 5
515 988 5
509 988 5
503 988 5
497 988 5
491 988 5
485 988 5
479 988 5
473 988 5
467 988 5
461 988 5
461 982 5
467 982 5
473 982 5
479 982 5
485 982 5
491 982 5
497 982 5
503 982 5
509 982 5
515 982 5
521 982 5
527 982 5
533 982 5
539 982 5
545 982 5
551 982 5
557 982 5
563 982 5
569 982 5
575 982 5
581 982 5
587 982 5
593 982 5
599 982 6
605 982 6
611 982 6
617 982 6
623 982 6
629 982 6
635 982 6
641 982 6
641 976 6
635 976 6
629 976 6
623 976 6
617 976 6
611 976 6
605 976 6
599 976 6
593 976 6
587 976 6
581 976 6
575 976 6
569 976 6
563 976 6
557 976 6
551 976 6
545 976 6
539 976 6
533 976 6
527 976 6
521 976 6
515 976 6
509 976 6
503 976 6
497 976 6
491 976 6
485 976 6
479 976 6
473 976 6
467 976 6
461 976 6
461 970 6
467 970 7
473 970 7
479 970 7
485 970 7
491 970 7
497 970 7
503 970 7
509 970 7
515 970 7
521 970 7
527 970 7
533 970 7
539 970 7
545 970 7
551 970 7
557 970 7
563 970 7
569 970 7
575 970 7
581 970 7
587 970 7
593 970 7
599 970 7
605 970 7
611 970 7
617 970 7
623 970 7
629 970 7
635 970 7
641 970 7
641 964 7
635 964 7
629 964 7
623 964 7
617 964 7
611 964 7
605 964 7
599 964 7
593 964 7
587 964 7
581 964 8
575 964 8
569 964 8
563 964 8
557 964 8
551 964 8
545 964 8
539 964 8
533 964 8
527 964 8
521 964 8
515 964 8
509 964 8
503 964 8
497 964 8
491 964 8
485 964 8
479 964 8
473 964 8
467 964 8
461 964 8
461 958 8
467 958 8
473 958 8
479 958 8
485 958 8
491 958 8
497 958 8
503 958 8
509 958 8
515 958 8
521 958 8
527 958 8
533 958 8
539 958 8
545 958 8
551 958 8
557 958 8
563 958 8
569 958 8
575 958 9
581 958 9
587 958 9
593 958 9
599 958 9
605 958 9
611 958 9
617 958 9
623 958 9
629 958 9
635 958 9
641 958 9
641 952 9
635 952 9
629 952 9
623 952 9
617 952 9
611 952 9
605 952 9
599 952 9
593 952 9
587 952 9
581 952 9
575 952 9
569 952 9
563 952 9
557 952 9
551 952 9
545 952 9
539 952 9
533 952 9
527 952 9
521 952 9
515 952 9
509 952 9
503 952 9
497 952 9
491 952 9
485 952 9
479 952 9
473 952 10
467 952 10
461 952 10
461 946 10
467 946 10
473 946 10
479 946 10
485 946 10
491 946 10
497 946 10
503 946 10
509 946 10
515 946 10
521 946 10
527 946 10
533 946 10
539 946 10
545 946 10
551 946 10
557 946 10
563 946 10
569 946 10
575 946 10
581 946 10
587 946 10
593 946 10
599 946 10
605 946 10
611 946 10
617 946 10
623 946 10
629 946 10
635 946 10
641 946 10
641 940 10
635 940 10
629 940 10
623 940 10
617 940 10
611 940 10
605 940 11
599 940 11
593 940 11
587 940 11
581 940 11
575 940 11
569 940 11
563 940 11
557 940 11
551 940 11
545 940 11
539 940 11
533 940 11
527 940 11
521 940 11
515 940 11
509 940 11
503 940 11
497 940 11
491 940 11
485 940 11
479 940 11
473 940 11
467 940 11
461 940 11
461 934 11
467 934 11
473 934 11
479 934 11
485 934 11
491 934 11
497 934 11
503 934 11
509 934 11
515 934 11
521 934 11
527 934 11
533 934 11
539 934 11
545 934 11
551 934 12
557 934 12
563 934 12
569 934 12
575 934 12
581 934 12
587 934 12
593 934 12
599 934 12
605 934 12
611 934 12
617 934 12
623 934 12
629 934 12
635 934 12
641 934 12
641 928 12
635 928 12
629 928 12
623 928 12
617 928 12
611 928 12
605 928 12
599 928 12
593 928 12
587 928 12
581 928 12
575 928 12
569 928 12
563 928 12
557 928 12
551 928 12
545 928 12
539 928 12
533 928 12
527 928 12
521 928 12
515 928 12
509 928 12
503 928 12
497 928 13
491 928 13
485 928 13
479 928 13
473 928 13
467 928 13
461 928 13
461 922 13
467 922 13
473 922 13
479 922 13
485 922 13
491 922 13
497 922 13
503 922 13
509 922 13
515 922 13
521 922 13
527 922 13
533 922 13
539 922 13
545 922 13
551 922 13
557 922 13
563 922 13
569 922 13
575 922 13
581 922 13
587 922 13
593 922 13
599 922 13
605 922 13
611 922 13
617 922 13
623 922 13
629 922 13
635 922 13
641 922 13
641 916 13
635 916 13
629 916 14
623 916 14
617 916 14
611 916 14
605 916 14
599 916 14
593 916 14
587 916 14
581 916 14
575 916 14
569 916 14
563 916 14
557 916 14
551 916 14
545 916 14
539 916 14
533 916 14
527 916 14
521 916 14
515 916 14
509 916 14
503 916 14
497 916 14
491 916 14
485 916 14
479 916 14
473 916 14
467 916 14
461 916 14
461 910 14
467 910 14
473 910 14
479 910 14
485 910 14
491 910 14
497 910 14
503 910 14
509 910 14
515 910 14
521 910 14
527 910 15
533 910 15
539 910 15
545 910 15
551 910 15
557 910 15
563 910 15
569 910 15
575 910 15
581 910 15
587 910 15
593 910 15
599 910 15
605 910 15
611 910 15
617 910 15
623 910 15
629 910 15
635 910 15
641 910 15
641 904 15
635 904 15
629 904 15
623 904 15
617 904 15
611 904 15
605 904 15
599 904 15
593 904 15
587 904 15
581 904 15
575 904 15
569 904 15
563 904 15
557 904 15
551 904 15
545 904 15
539 904 15
533 904 15
527 904 15
521 904 16
515 904 16
509 904 16
503 904 16
497 904 16
491 904 16
485 904 16
479 904 16
473 904 16
467 904 16
461 904 16
443 898 16
449 898 16
455 898 16
461 898 16
467 898 16
473 898 16
479 898 16
485 898 16
491 898 16
497 898 16
503 898 16
509 898 16
515 898 16
521 898 16
527 898 16
533 898 16
539 898 16
545 898 16
551 898 16
557 898 16
563 898 16
569 898 16
575 898 16
581 898 16
587 898 16
593 898 16
599 898 16
605 898 16
611 898 16
617 898 17
623 898 17
629 898 17
635 898 17
641 898 17
641 892 17
635 892 17
629 892 17
623 892 17
617 892 17
611 892 17
605 892 17
599 892 17
593 892 17
587 892 17
581 892 17
575 892 17
569 892 17
563 892 17
557 892 17
551 892 17
545 892 17
539 892 17
533 892 17
527 892 17
521 892 17
515 892 17
509 892 17
503 892 17
497 892 17
491 892 17
485 892 17
479 892 17
473 892 17
467 892 17
461 892 17
455 892 17
449 892 17
443 892 17
443 886 17
449 886 18
455 886 18
461 886 18
467 886 18
473 886 18
479 886 18
485 886 18
491 886 18
497 886 18
503 886 18
509 886 18
515 886 18
521 886 18
527 886 18
533 886 18
539 886 18
545 886 18
551 886 18
557 886 18
563 886 18
569 886 18
575 886 18
581 886 18
587 886 18
593 886 18
599 886 18
605 886 18
611 886 18
617 886 18
623 886 18
629 886 18
635 886 18
641 886 18
641 880 18
635 880 18
629 880 18
623 880 18
617 880 18
611 880 18
605 880 18
599 880 19
593 880 19
587 880 19
581 880 19
575 880 19
569 880 19
563 880 19
557 880 19
551 880 19
545 880 19
539 880 19
533 880 19
527 880 19
521 880 19
515 880 19
509 880 19
503 880 19
497 880 19
491 880 19
485 880 19
479 880 19
473 880 19
467 880 19
461 880 19
455 880 19
449 880 19
443 880 19
443 874 19
449 874 19
455 874 19
461 874 19
467 874 19
473 874 19
479 874 19
485 874 19
491 874 19
497 874 19
503 874 19
509 874 19
515 874 19
521 874 20
527 874 20
533 874 20
539 874 20
545 874 20
551 874 20
557 874 20
563 874 20
569 874 20
575 874 20
581 874 20
587 874 20
593 874 20
599 874 20
605 874 20
611 874 20
617 874 20
623 874 20
629 874 20
635 874 20
641 874 20
641 868 20
635 868 20
629 868 20
623 868 20
617 868 20
611 868 20
605 868 20
599 868 20
593 868 20
587 868 20
581 868 20
575 868 20
569 868 20
563 868 20
557 868 20
551 868 20
545 868 20
539 868 20
533 868 20
527 868 21
521 868 21
515 868 21
509 868 21
503 868 21
497 868 21
491 868 21
485 868 21
479 868 21
473 868 21
467 868 21
461 868 21
455 868 21
449 868 21
443 868 21
443 862 21
449 862 21
455 862 21
461 862 21
467 862 21
473 862 21
479 862 21
485 862 21
491 862 21
497 862 21
503 862 21
509 862 21
515 862 21
521 862 21
527 862 21
533 862 21
539 862 21
545 862 21
551 862 21
557 862 21
563 862 21
569 862 21
575 862 21
581 862 21
587 862 21
593 862 22
599 862 22
605 862 22
611 862 22
617 862 22
623 862 22
629 862 22
635 862 22
641 862 22
641 856 22
635 856 22
629 856 22
623 856 22
617 856 22
611 856 22
605 856 22
599 856 22
593 856 22
587 856 22
581 856 22
575 856 22
569 856 22
563 856 22
557 856 22
551 856 22
545 856 22
539 856 22
533 856 22
527 856 22
521 856 22
515 856 22
509 856 22
503 856 22
497 856 22
491 856 22
485 856 22
479 856 22
473 856 22
467 856 22
461 856 22
455 856 23
449 856 23
443 856 23
443 850 23
449 850 23
455 850 23
461 850 23
467 850 23
473 850 23
479 850 23
485 850 23
491 850 23
497 850 23
503 850 23
509 850 23
515 850 23
521 850 23
527 850 23
533 850 23
539 850 23
545 850 23
551 850 23
557 850 23
563 850 23
569 850 23
575 850 23
581 850 23
587 850 23
593 850 23
599 850 23
605 850 23
611 850 23
617 850 23
623 850 23
629 850 23
635 850 23
641 850 23
641 844 23
635 844 23
629 844 23
623 844 24
617 844 24
611 844 24
605 844 24
599 844 24
593 844 24
587 844 24
581 844 24
575 844 24
569 844 24
563 844 24
557 844 24
551 844 24
545 844 24
539 844 24
533 844 24
527 844 24
521 844 24
515 844 24
509 844 24
503 844 24
497 844 24
491 844 24
485 844 24
479 844 24
473 844 24
467 844 24
461 844 24
455 844 24
449 844 24
443 844 24
443 838 24
449 838 24
455 838 24
461 838 24
467 838 24
473 838 24
479 838 24
485 838 24
491 838 24
497 838 25
503 838 25
509 838 25
515 838 25
521 838 25
527 838 25
533 838 25
539 838 25
545 838 25
551 838 25
557 838 25
563 838 25
569 838 25
575 838 25
581 838 25
587 838 25
593 838 25
599 838 25
605 838 25
611 838 25
617 838 25
623 838 25
629 838 25
635 838 25
641 838 25
641 832 25
635 832 25
629 832 25
623 832 25
617 832 25
611 832 25
605 832 25
599 832 25
593 832 25
587 832 25
581 832 25
575 832 25
569 832 25
563 832 25
557 832 25
551 832 26
545 832 26
539 832 26
533 832 26
527 832 26
521 832 26
515 832 26
509 832 26
503 832 26
497 832 26
491 832 26
485 832 26
479 832 26
473 832 26
467 832 26
461 832 26
455 832 26
449 832 26
443 832 26
443 826 26
449 826 26
455 826 26
461 826 26
467 826 26
473 826 26
479 826 26
485 826 26
491 826 26
497 826 26
503 826 26
509 826 26
515 826 26
521 826 26
527 826 26
533 826 26
539 826 26
545 826 26
551 826 26
557 826 26
563 826 26
569 826 27
575 826 27
581 826 27
587 826 27
593 826 27
599 826 27
605 826 27
611 826 27
617 826 27
623 826 27
629 826 27
635 826 27
641 826 27
641 820 27
635 820 27
629 820 27
623 820 27
617 820 27
611 820 27
605 820 27
599 820 27
593 820 27
587 820 27
581 820 27
575 820 27
569 820 27
563 820 27
557 820 27
551 820 27
545 820 27
539 820 27
533 820 27
527 820 27
521 820 27
515 820 27
509 820 27
503 820 27
497 820 27
491 820 27
485 820 27
479 820 28
473 820 28
467 820 28
461 820 28
455 820 28
449 820 28
443 820 28
443 814 28
449 814 28
455 814 28
461 814 28
467 814 28
473 814 28
479 814 28
485 814 28
491 814 28
497 814 28
503 814 28
509 814 28
515 814 28
521 814 28
527 814 28
533 814 28
539 814 28
545 814 28
551 814 28
557 814 28
563 814 28
569 814 28
575 814 28
581 814 28
587 814 28
593 814 28
599 814 28
605 814 28
611 814 28
617 814 28
623 814 28
629 814 28
635 814 28
641 814 29
641 808 29
635 808 29
629 808 29
623 808 29
617 808 29
611 808 29
605 808 29
599 808 29
593 808 29
587 808 29
581 808 29
575 808 29
569 808 29
563 808 29
557 808 29
551 808 29
545 808 29
539 808 29
533 808 29
527 808 29
521 808 29
515 808 29
509 808 29
503 808 29
497 808 29
491 808 29
485 808 29
479 808 29
473 808 29
467 808 29
461 808 29
455 808 29
449 808 29
443 808 29
443 802 29
449 802 29
455 802 29
461 802 29
467 802 29
473 802 30
479 802 30
485 802 30
491 802 30
497 802 30
503 802 30
509 802 30
515 802 30
521 802 30
527 802 30
533 802 30
539 802 30
545 802 30
551 802 30
557 802 30
563 802 30
569 802 30
575 802 30
581 802 30
587 802 30
593 802 30
599 802 30
605 802 30
611 802 30
617 802 30
623 802 30
629 802 30
635 802 30
641 802 30
641 796 30
635 796 30
629 796 30
623 796 30
617 796 30
611 796 30
605 796 30
599 796 30
593 796 30
587 796 30
581 796 30
575 796 31
569 796 31
563 796 31
557 796 31
551 796 31
545 796 31
539 796 31
533 796 31
527 796 31
521 796 31
515 796 31
509 796 31
503 796 31
497 796 31
491 796 31
485 796 31
479 796 31
473 796 31
467 796 31
461 796 31
455 796 31
449 796 31
443 796 31
443 790 31
449 790 31
455 790 31
461 790 31
467 790 31
473 790 31
479 790 31
485 790 31
491 790 31
497 790 31
503 790 31
509 790 31
515 790 31
521 790 31
527 790 31
533 790 31
539 790 31
545 790 32
551 790 32
557 790 32
563 790 32
569 790 32
575 790 32
581 790 32
587 790 32
593 790 32
599 790 32
605 790 32
611 790 32
617 790 32
623 790 32
629 790 32
635 790 32
641 790 32
641 784 32
635 784 32
629 784 32
623 784 32
617 784 32
611 784 32
605 784 32
599 784 32
593 784 32
587 784 32
581 784 32
575 784 32
569 784 32
563 784 32
557 784 32
551 784 32
545 784 32
539 784 32
533 784 32
527 784 32
521 784 32
515 784 32
509 784 32
503 784 33
497 784 33
491 784 33
485 784 33
479 784 33
473 784 33
467 784 33
461 784 33
455 784 33
449 784 33
443 784 33
443 778 33
449 778 33
455 778 33
461 778 33
467 778 33
473 778 33
479 778 33
485 778 33
491 778 33
497 778 33
503 778 33
509 778 33
515 778 33
521 778 33
527 778 33
533 778 33
539 778 33
545 778 33
551 778 33
557 778 33
563 778 33
569 778 33
575 778 33
581 778 33
587 778 33
593 778 33
599 778 33
605 778 33
611 778 33
617 778 34
623 778 34
629 778 34
635 778 34
641 778 34
641 772 34
635 772 34
629 772 34
623 772 34
617 772 34
611 772 34
605 772 34
599 772 34
593 772 34
587 772 34
581 772 34
575 772 34
569 772 34
563 772 34
557 772 34
551 772 34
545 772 34
539 772 34
533 772 34
527 772 34
521 772 34
515 772 34
509 772 34
503 772 34
497 772 34
491 772 34
485 772 34
479 772 34
473 772 34
467 772 34
461 772 34
455 772 34
449 772 34
443 772 34
443 766 34
449 766 35
455 766 35
461 766 35
467 766 35
473 766 35
479 766 35
485 766 35
491 766 35
497 766 35
503 766 35
509 766 35
515 766 35
521 766 35
527 766 35
533 766 35
539 766 35
545 766 35
551 766 35
557 766 35
563 766 35
569 766 35
575 766 35
581 766 35
587 766 35
593 766 35
599 766 35
605 766 35
611 766 35
617 766 35
623 766 35
629 766 35
635 766 35
641 766 35
641 760 35
635 760 35
629 760 35
623 760 35
617 760 35
611 760 35
605 760 35
599 760 36
593 760 36
587 760 36
581 760 36
575 760 36
569 760 36
563 760 36
557 760 36
551 760 36
545 760 36
539 760 36
533 760 36
527 760 36
521 760 36
515 760 36
509 760 36
503 760 36
497 760 36
491 760 36
485 760 36
479 760 36
473 760 36
467 760 36
461 760 36
455 760 36
449 760 36
443 760 36
443 754 36
449 754 36
455 754 36
461 754 36
467 754 36
473 754 36
479 754 36
485 754 36
491 754 36
497 754 36
503 754 36
509 754 36
515 754 36
521 754 37
527 754 37
533 754 37
539 754 37
545 754 37
551 754 37
557 754 37
563 754 37
569 754 37
575 754 37
581 754 37
587 754 37
593 754 37
599 754 37
605 754 37
611 754 37
617 754 37
623 754 37
629 754 37
635 754 37
641 754 37
641 748 37
635 748 37
629 748 37
623 748 37
617 748 37
611 748 37
605 748 37
599 748 37
593 748 37
587 748 37
581 748 37
575 748 37
569 748 37
563 748 37
557 748 37
551 748 37
545 748 37
539 748 37
533 748 37
527 748 38
521 748 38
515 748 38
509 748 38
503 748 38
497 748 38
491 748 38
485 748 38
479 748 38
473 748 38
467 748 38
461 748 38
455 748 38
449 748 38
443 748 38
443 742 38
449 742 38
455 742 38
461 742 38
467 742 38
473 742 38
479 742 38
485 742 38
491 742 38
497 742 38
503 742 38
509 742 38
515 742 38
521 742 38
527 742 38
533 742 38
539 742 38
545 742 38
551 742 38
557 742 38
563 742 38
569 742 38
575 742 38
581 742 38
587 742 38
593 742 39
599 742 39
605 742 39
611 742 39
617 742 39
623 742 39
629 742 39
635 742 39
641 742 39
641 736 39
635 736 39
629 736 39
623 736 39
617 736 39
611 736 39
605 736 39
599 736 39
593 736 39
587 736 39
581 736 39
575 736 39
569 736 39
563 736 39
557 736 39
551 736 39
545 736 39
539 736 39
533 736 39
527 736 39
521 736 39
515 736 39
509 736 39
503 736 39
497 736 39
491 736 39
485 736 39
479 736 39
473 736 39
467 736 39
461 736 39
455 736 40
449 736 40
443 736 40
443 730 40
449 730 40
455 730 40
461 730 40
467 730 40
473 730 40
479 730 40
485 730 40
491 730 40
497 730 40
503 730 40
509 730 40
515 730 40
521 730 40
527 730 40
533 730 40
539 730 40
545 730 40
551 730 40
557 730 40
563 730 40
569 730 40
575 730 40
581 730 40
587 730 40
593 730 40
599 730 40
605 730 40
611 730 40
617 730 40
623 730 40
629 730 40
635 730 40
641 730 40
641 724 40
635 724 40
629 724 40
623 724 41
617 724 41
611 724 41
605 724 41
599 724 41
593 724 41
587 724 41
581 724 41
575 724 41
569 724 41
563 724 41
557 724 41
551 724 41
545 724 41
539 724 41
533 724 41
527 724 41
521 724 41
515 724 41
509 724 41
503 724 41
497 724 41
491 724 41
485 724 41
479 724 41
473 724 41
467 724 41
461 724 41
455 724 41
449 724 41
443 724 41
443 718 41
449 718 41
455 718 41
461 718 41
467 718 41
473 718 41
479 718 41
485 718 41
491 718 41
497 718 42
503 718 42
509 718 42
515 718 42
521 718 42
527 718 42
533 718 42
539 718 42
545 718 42
551 718 42
557 718 42
563 718 42
569 718 42
575 718 42
581 718 42
587 718 42
593 718 42
599 718 42
605 718 42
611 718 42
617 718 42
623 718 42
629 718 42
635 718 42
641 718 42
641 712 42
635 712 42
629 712 42
623 712 42
617 712 42
611 712 42
605 712 42
599 712 42
593 712 42
587 712 42
581 712 42
575 712 42
569 712 42
563 712 42
557 712 42
551 712 43
545 712 43
539 712 43
533 712 43
527 712 43
521 712 43
515 712 43
509 712 43
503 712 43
497 712 43
491 712 43
485 712 43
479 712 43
473 712 43
467 712 43
461 712 43
455 712 43
449 712 43
443 712 43
443 706 43
449 706 43
455 706 43
461 706 43
467 706 43
473 706 43
479 706 43
485 706 43
491 706 43
497 706 43
503 706 43
509 706 43
515 706 43
521 706 43
527 706 43
533 706 43
539 706 43
545 706 43
551 706 43
557 706 43
563 706 43
569 706 44
575 706 44
581 706 44
587 706 44
593 706 44
599 706 44
605 706 44
611 706 44
617 706 44
623 706 44
629 706 44
635 706 44
641 706 44
641 700 44
635 700 44
629 700 44
623 700 44
617 700 44
611 700 44
605 700 44
599 700 44
593 700 44
587 700 44
581 700 44
575 700 44
569 700 44
563 700 44
557 700 44
551 700 44
545 700 44
539 700 44
533 700 44
527 700 44
521 700 44
515 700 44
509 700 44
503 700 44
497 700 44
491 700 44
485 700 44
479 700 45
473 700 45
467 700 45
461 700 45
455 700 45
449 700 45
443 700 45
443 694 45
449 694 45
455 694 45
461 694 45
467 694 45
473 694 45
479 694 45
485 694 45
491 694 45
497 694 45
503 694 45
509 694 45
515 694 45
521 694 45
527 694 45
533 694 45
539 694 45
545 694 45
551 694 45
557 694 45
563 694 45
569 694 45
575 694 45
581 694 45
587 694 45
593 694 45
599 694 45
605 694 45
611 694 45
617 694 45
623 694 45
629 694 45
635 694 45
641 694 46
641 688 46
635 688 46
629 688 46
623 688 46
617 688 46
611 688 46
605 688 46
599 688 46
593 688 46
587 688 46
581 688 46
575 688 46
569 688 46
563 688 46
557 688 46
551 688 46
545 688 46
539 688 46
533 688 46
527 688 46
521 688 46
515 688 46
509 688 46
503 688 46
497 688 46
491 688 46
485 688 46
479 688 46
473 688 46
467 688 46
461 688 46
455 688 46
449 688 46
443 688 46
443 682 46
449 682 46
455 682 46
461 682 46
467 682 46
473 682 47
479 682 47
485 682 47
491 682 47
497 682 47
503 682 47
509 682 47
515 682 47
521 682 47
527 682 47
533 682 47
539 682 47
545 682 47
551 682 47
557 682 47
563 682 47
569 682 47
575 682 47
581 682 47
587 682 47
593 682 47
599 682 47
605 682 47
611 682 47
617 682 47
623 682 47
629 682 47
635 682 47
641 682 47
641 676 47
635 676 47
629 676 47
623 676 47
617 676 47
611 676 47
605 676 47
599 676 47
593 676 47
587 676 47
581 676 47
575 676 48
569 676 48
563 676 48
557 676 48
551 676 48
545 676 48
539 676 48
533 676 48
527 676 48
521 676 48
515 676 48
509 676 48
503 676 48
497 676 48
491 676 48
485 676 48
479 676 48
473 676 48
467 676 48
461 676 48
455 676 48
449 676 48
443 676 48
443 670 48
449 670 48
455 670 48
461 670 48
467 670 48
473 670 48
479 670 48
485 670 48
491 670 48
497 670 48
503 670 48
509 670 48
515 670 48
521 670 48
527 670 48
533 670 48
539 670 48
545 670 49
551 670 49
557 670 49
563 670 49
569 670 49
575 670 49
581 670 49
587 670 49
593 670 49
599 670 49
605 670 49
611 670 49
617 670 49
623 670 49
629 670 49
635 670 49
641 670 49
641 664 49
635 664 49
629 664 49
623 664 49
617 664 49
611 664 49
605 664 49
599 664 49
593 664 49
587 664 49
581 664 49
575 664 49
569 664 49
563 664 49
557 664 49
551 664 49
545 664 49
539 664 49
533 664 49
527 664 49
521 664 49
515 664 49
509 664 49
503 664 50
497 664 50
491 664 50
485 664 50
479 664 50
473 664 50
467 664 50
461 664 50
455 664 50
449 664 50
443 664 50
443 658 50
449 658 50
455 658 50
461 658 50
467 658 50
473 658 50
479 658 50
485 658 50
491 658 50
497 658 50
503 658 50
509 658 50
515 658 50
521 658 50
527 658 50
533 658 50
539 658 50
545 658 50
551 658 50
557 658 50
563 658 50
569 658 50
575 658 50
581 658 50
587 658 50
593 658 50
599 658 50
605 658 50
611 658 50
617 658 51
623 658 51
629 658 51
635 658 51
641 658 51
641 652 51
635 652 51
629 652 51
623 652 51
617 652 51
611 652 51
605 652 51
599 652 51
593 652 51
587 652 51
581 652 51
575 652 51
569 652 51
563 652 51
557 652 51
551 652 51
545 652 51
539 652 51
533 652 51
527 652 51
521 652 51
515 652 51
509 652 51
503 652 51
497 652 51
491 652 51
485 652 51
479 652 51
473 652 51
467 652 51
461 652 51
455 652 51
449 652 51
443 652 51
443 646 51
449 646 52
455 646 52
461 646 52
467 646 52
473 646 52
479 646 52
485 646 52
491 646 52
497 646 52
503 646 52
509 646 52
515 646 52
521 646 52
527 646 52
533 646 52
539 646 52
545 646 52
551 646 52
557 646 52
563 646 52
569 646 52
575 646 52
581 646 52
587 646 52
593 646 52
599 646 52
605 646 52
611 646 52
617 646 52
623 646 52
629 646 52
635 646 52
641 646 52
641 640 52
635 640 52
629 640 52
623 640 52
617 640 52
611 640 52
605 640 52
599 640 53
593 640 53
587 640 53
581 640 53
575 640 53
569 640 53
563 640 53
557 640 53
551 640 53
545 640 53
539 640 53
533 640 53
527 640 53
521 640 53
515 640 53
509 640 53
503 640 53
497 640 53
491 640 53
485 640 53
479 640 53
473 640 53
467 640 53
461 640 53
455 640 53
449 640 53
443 640 53
443 634 53
449 634 53
455 634 53
461 634 53
467 634 53
473 634 53
479 634 53
485 634 53
491 634 53
497 634 53
503 634 53
509 634 53
515 634 53
521 634 54
527 634 54
533 634 54
539 634 54
545 634 54
551 634 54
557 634 54
563 634 54
569 634 54
575 634 54
581 634 54
587 634 54
593 634 54
599 634 54
605 634 54
611 634 54
617 634 54
623 634 54
629 634 54
635 634 54
641 634 54
641 628 54
635 628 54
629 628 54
623 628 54
617 628 54
611 628 54
605 628 54
599 628 54
593 628 54
587 628 54
581 628 54
575 628 54
569 628 54
563 628 54
557 628 54
551 628 54
545 628 54
539 628 54
533 628 54
527 628 55
521 628 55
515 628 55
509 628 55
503 628 55
497 628 55
491 628 55
485 628 55
479 628 55
473 628 55
467 628 55
461 628 55
455 628 55
449 628 55
443 628 55
443 622 55
449 622 55
455 622 55
461 622 55
467 622 55
473 622 55
479 622 55
485 622 55
491 622 55
497 622 55
503 622 55
509 622 55
515 622 55
521 622 55
527 622 55
533 622 55
539 622 55
545 622 55
551 622 55
557 622 55
563 622 55
569 622 55
575 622 55
581 622 55
587 622 55
593 622 56
599 622 56
605 622 56
611 622 56
617 622 56
623 622 56
629 622 56
635 622 56
641 622 56
641 616 56
635 616 56
629 616 56
623 616 56
617 616 56
611 616 56
605 616 56
599 616 56
593 616 56
587 616 56
581 616 56
575 616 56
569 616 56
563 616 56
557 616 56
551 616 56
545 616 56
539 616 56
533 616 56
527 616 56
521 616 56
515 616 56
509 616 56
503 616 56
497 616 56
491 616 56
485 616 56
479 616 56
473 616 56
467 616 56
461 616 56
455 616 57
449 616 57
443 616 57
443 610 57
449 610 57
455 610 57
461 610 57
467 610 57
473 610 57
479 610 57
485 610 57
491 610 57
497 610 57
503 610 57
509 610 57
515 610 57
521 610 57
527 610 57
533 610 57
539 610 57
545 610 57
551 610 57
557 610 57
563 610 57
569 610 57
575 610 57
581 610 57
587 610 57
593 610 57
599 610 57
605 610 57
611 610 57
617 610 57
623 610 57
629 610 57
635 610 57
641 610 57
641 604 57
635 604 57
629 604 57
623 604 58
617 604 58
611 604 58
605 604 58
599 604 58
593 604 58
587 604 58
581 604 58
575 604 58
569 604 58
563 604 58
557 604 58
551 604 58
545 604 58
539 604 58
533 604 58
527 604 58
521 604 58
515 604 58
509 604 58
503 604 58
497 604 58
491 604 58
485 604 58
479 604 58
473 604 58
467 604 58
461 604 58
455 604 58
449 604 58
443 604 58
443 598 58
449 598 58
455 598 58
461 598 58
467 598 58
473 598 58
479 598 58
485 598 58
491 598 58
497 598 59
503 598 59
509 598 59
515 598 59
521 598 59
527 598 59
533 598 59
539 598 59
545 598 59
551 598 59
557 598 59
563 598 59
569 598 59
575 598 59
581 598 59
587 598 59
593 598 59
599 598 59
605 598 59
611 598 59
617 598 59
623 598 59
629 598 59
635 598 59
641 598 59
641 592 59
635 592 59
629 592 59
623 592 59
617 592 59
611 592 59
605 592 59
599 592 59
593 592 59
587 592 59
581 592 59
575 592 59
569 592 59
563 592 59
557 592 59
551 592 60
545 592 60
539 592 60
533 592 60
527 592 60
521 592 60
515 592 60
509 592 60
503 592 60
497 592 60
491 592 60
485 592 60
479 592 60
473 592 60
467 592 60
461 592 60
455 592 60
449 592 60
443 592 60
641 586 60
635 586 60
629 586 60
623 586 60
617 586 60
611 586 60
605 586 60
599 586 60
593 586 60
587 586 60
581 586 60
575 586 60
569 586 60
563 586 60
557 586 60
551 586 60
545 586 60
539 586 60
533 586 60
527 586 60
521 586 60
515 586 61
509 586 61
503 586 61
497 586 61
491 586 61
485 586 61
479 586 61
473 586 61
467 586 61
461 586 61
455 586 61
449 586 61
443 586 61
437 586 61
431 586 61
425 586 61
419 586 61
413 586 61
407 586 61
401 586 61
395 586 61
389 586 61
383 586 61
377 586 61
371 586 61
365 586 61
359 586 61
353 586 61
347 586 61
341 586 61
335 586 61
329 586 61
323 586 61
317 586 61
311 586 61
305 586 61
299 586 61
293 586 61
287 586 61
281 586 61
275 586 62
269 586 62
263 586 62
257 586 62
251 586 62
245 586 62
239 586 62
233 586 62
227 586 62
221 586 62
215 586 62
215 592 62
221 592 62
227 592 62
233 592 62
239 592 62
245 592 62
251 592 62
257 592 62
263 592 62
269 592 62
275 592 62
281 592 62
287 592 62
293 592 62
299 592 62
305 592 62
311 592 62
317 592 62
323 592 62
329 592 62
335 592 62
341 592 62
347 592 62
353 592 62
359 592 62
365 592 62
371 592 62
377 592 62
383 592 62
389 592 63
395 592 63
401 592 63
407 592 63
413 592 63
419 592 63
425 592 63
431 592 63
437 592 63
437 598 63
431 598 63
425 598 63
419 598 63
413 598 63
407 598 63
401 598 63
395 598 63
389 598 63
383 598 63
377 598 63
371 598 63
365 598 63
359 598 63
353 598 63
347 598 63
341 598 63
335 598 63
329 598 63
323 598 63
317 598 63
311 598 63
305 598 63
299 598 63
293 598 63
287 598 63
281 598 63
275 598 63
269 598 63
263 598 63
257 598 63
251 598 64
245 598 64
239 598 64
233 598 64
227 598 64
221 598 64
215 598 64
215 604 64
221 604 64
227 604 64
233 604 64
239 604 64
245 604 64
251 604 64
257 604 64
263 604 64
269 604 64
275 604 64
281 604 64
287 604 64
293 604 64
299 604 64
305 604 64
311 604 64
317 604 64
323 604 64
329 604 64
335 604 64
341 604 64
347 604 64
353 604 64
359 604 64
365 604 64
371 604 64
377 604 64
383 604 64
389 604 64
395 604 64
401 604 64
407 604 64
413 604 65
419 604 65
425 604 65
431 604 65
437 604 65
437 610 65
431 610 65
425 610 65
419 610 65
413 610 65
407 610 65
401 610 65
395 610 65
389 610 65
383 610 65
377 610 65
371 610 65
365 610 65
359 610 65
353 610 65
347 610 65
341 610 65
335 610 65
329 610 65
323 610 65
317 610 65
311 610 65
305 610 65
299 610 65
293 610 65
287 610 65
281 610 65
275 610 65
269 610 65
263 610 65
257 610 65
251 610 65
245 610 65
239 610 65
233 610 65
227 610 66
221 610 66
215 610 66
215 616 66
221 616 66
227 616 66
233 616 66
239 616 66
245 616 66
251 616 66
257 616 66
263 616 66
269 616 66
275 616 66
281 616 66
287 616 66
293 616 66
299 616 66
305 616 66
311 616 66
317 616 66
323 616 66
329 616 66
335 616 66
341 616 66
347 616 66
353 616 66
359 616 66
365 616 66
371 616 66
377 616 66
383 616 66
389 616 66
395 616 66
401 616 66
407 616 66
413 616 66
419 616 66
425 616 66
431 616 66
437 616 67
437 622 67
431 622 67
425 622 67
419 622 67
413 622 67
407 622 67
401 622 67
395 622 67
389 622 67
383 622 67
377 622 67
371 622 67
365 622 67
359 622 67
353 622 67
347 622 67
341 622 67
335 622 67
329 622 67
323 622 67
317 622 67
311 622 67
305 622 67
299 622 67
293 622 67
287 622 67
281 622 67
275 622 67
269 622 67
263 622 67
257 622 67
251 622 67
245 622 67
239 622 67
233 622 67
227 622 67
221 622 67
215 622 67
215 628 67
221 628 68
227 628 68
233 628 68
239 628 68
245 628 68
251 628 68
257 628 68
263 628 68
269 628 68
275 628 68
281 628 68
287 628 68
293 628 68
299 628 68
305 628 68
311 628 68
317 628 68
323 628 68
329 628 68
335 628 68
341 628 68
347 628 68
353 628 68
359 628 68
365 628 68
371 628 68
377 628 68
383 628 68
389 628 68
395 628 68
401 628 68
407 628 68
413 628 68
419 628 68
425 628 68
431 628 68
437 628 68
437 634 68
431 634 68
425 634 68
419 634 69
413 634 69
407 634 69
401 634 69
395 634 69
389 634 69
383 634 69
377 634 69
371 634 69
365 634 69
359 634 69
353 634 69
347 634 69
341 634 69
335 634 69
329 634 69
323 634 69
317 634 69
311 634 69
305 634 69
299 634 69
293 634 69
287 634 69
281 634 69
275 634 69
269 634 69
263 634 69
257 634 69
251 634 69
245 634 69
239 634 69
233 634 69
227 634 69
221 634 69
215 634 69
215 640 69
221 640 69
227 640 69
233 640 69
239 640 69
245 640 70
251 640 70
257 640 70
263 640 70
269 640 70
275 640 70
281 640 70
287 640 70
293 640 70
299 640 70
305 640 70
311 640 70
317 640 70
323 640 70
329 640 70
335 640 70
341 640 70
347 640 70
353 640 70
359 640 70
365 640 70
371 640 70
377 640 70
383 640 70
389 640 70
395 640 70
401 640 70
407 640 70
413 640 70
419 640 70
425 640 70
431 640 70
437 640 70
437 646 70
431 646 70
425 646 70
419 646 70
413 646 70
407 646 70
401 646 70
395 646 71
389 646 71
383 646 71
377 646 71
371 646 71
365 646 71
359 646 71
353 646 71
347 646 71
341 646 71
335 646 71
329 646 71
323 646 71
317 646 71
311 646 71
305 646 71
299 646 71
293 646 71
287 646 71
281 646 71
275 646 71
269 646 71
263 646 71
257 646 71
251 646 71
245 646 71
239 646 71
233 646 71
227 646 71
221 646 71
215 646 71
215 652 71
221 652 71
227 652 71
233 652 71
239 652 71
245 652 71
251 652 71
257 652 71
263 652 71
269 652 72
275 652 72
281 652 72
287 652 72
293 652 72
299 652 72
305 652 72
311 652 72
317 652 72
323 652 72
329 652 72
335 652 72
341 652 72
347 652 72
353 652 72
359 652 72
365 652 72
371 652 72
377 652 72
383 652 72
389 652 72
395 652 72
401 652 72
407 652 72
413 652 72
419 652 72
425 652 72
431 652 72
437 652 72
437 658 72
431 658 72
425 658 72
419 658 72
413 658 72
407 658 72
401 658 72
395 658 72
389 658 72
383 658 72
377 658 72
371 658 73
365 658 73
359 658 73
353 658 73
347 658 73
341 658 73
335 658 73
329 658 73
323 658 73
317 658 73
311 658 73
305 658 73
299 658 73
293 658 73
287 658 73
281 658 73
275 658 73
269 658 73
263 658 73
257 658 73
251 658 73
245 658 73
239 658 73
233 658 73
227 658 73
221 658 73
215 658 73
215 664 73
221 664 73
227 664 73
233 664 73
239 664 73
245 664 73
251 664 73
257 664 73
263 664 73
269 664 73
275 664 73
281 664 73
287 664 73
293 664 74
299 664 74
305 664 74
311 664 74
317 664 74
323 664 74
329 664 74
335 664 74
341 664 74
347 664 74
353 664 74
359 664 74
365 664 74
371 664 74
377 664 74
383 664 74
389 664 74
395 664 74
401 664 74
407 664 74
413 664 74
419 664 74
425 664 74
431 664 74
437 664 74
437 670 74
431 670 74
425 670 74
419 670 74
413 670 74
407 670 74
401 670 74
395 670 74
389 670 74
383 670 74
377 670 74
371 670 74
365 670 74
359 670 74
353 670 74
347 670 75
341 670 75
335 670 75
329 670 75
323 670 75
317 670 75
311 670 75
305 670 75
299 670 75
293 670 75
287 670 75
281 670 75
275 670 75
269 670 75
263 670 75
257 670 75
251 670 75
245 670 75
239 670 75
233 670 75
227 670 75
221 670 75
215 670 75
215 676 75
221 676 75
227 676 75
233 676 75
239 676 75
245 676 75
251 676 75
257 676 75
263 676 75
269 676 75
275 676 75
281 676 75
287 676 75
293 676 75
299 676 75
305 676 75
311 676 75
317 676 76
323 676 76
329 676 76
335 676 76
341 676 76
347 676 76
353 676 76
359 676 76
365 676 76
371 676 76
377 676 76
383 676 76
389 676 76
395 676 76
401 676 76
407 676 76
413 676 76
419 676 76
425 676 76
431 676 76
437 676 76
437 682 76
431 682 76
425 682 76
419 682 76
413 682 76
407 682 76
401 682 76
395 682 76
389 682 76
383 682 76
377 682 76
371 682 76
365 682 76
359 682 76
353 682 76
347 682 76
341 682 76
335 682 76
329 682 76
323 682 77
317 682 77
311 682 77
305 682 77
299 682 77
293 682 77
287 682 77
281 682 77
275 682 77
269 682 77
263 682 77
257 682 77
251 682 77
245 682 77
239 682 77
233 682 77
227 682 77
221 682 77
215 682 77
215 688 77
221 688 77
227 688 77
233 688 77
239 688 77
245 688 77
251 688 77
257 688 77
263 688 77
269 688 77
275 688 77
281 688 77
287 688 77
293 688 77
299 688 77
305 688 77
311 688 77
317 688 77
323 688 77
329 688 77
335 688 77
341 688 78
347 688 78
353 688 78
359 688 78
365 688 78
371 688 78
377 688 78
383 688 78
389 688 78
395 688 78
401 688 78
407 688 78
413 688 78
419 688 78
425 688 78
431 688 78
437 688 78
437 694 78
431 694 78
425 694 78
419 694 78
413 694 78
407 694 78
401 694 78
395 694 78
389 694 78
383 694 78
377 694 78
371 694 78
365 694 78
359 694 78
353 694 78
347 694 78
341 694 78
335 694 78
329 694 78
323 694 78
317 694 78
311 694 78
305 694 78
299 694 79
293 694 79
287 694 79
281 694 79
275 694 79
269 694 79
263 694 79
257 694 79
251 694 79
245 694 79
239 694 79
233 694 79
227 694 79
221 694 79
215 694 79
215 700 79
221 700 79
227 700 79
233 700 79
239 700 79
245 700 79
251 700 79
257 700 79
263 700 79
269 700 79
275 700 79
281 700 79
287 700 79
293 700 79
299 700 79
305 700 79
311 700 79
317 700 79
323 700 79
329 700 79
335 700 79
341 700 79
347 700 79
353 700 79
359 700 79
365 700 80
371 700 80
377 700 80
383 700 80
389 700 80
395 700 80
401 700 80
407 700 80
413 700 80
419 700 80
425 700 80
431 700 80
437 700 80
437 706 80
431 706 80
425 706 80
419 706 80
413 706 80
407 706 80
401 706 80
395 706 80
389 706 80
383 706 80
377 706 80
371 706 80
365 706 80
359 706 80
353 706 80
347 706 80
341 706 80
335 706 80
329 706 80
323 706 80
317 706 80
311 706 80
305 706 80
299 706 80
293 706 80
287 706 80
281 706 80
275 706 81
269 706 81
263 706 81
257 706 81
251 706 81
245 706 81
239 706 81
233 706 81
227 706 81
221 706 81
215 706 81
215 712 81
221 712 81
227 712 81
233 712 81
239 712 81
245 712 81
251 712 81
257 712 81
263 712 81
269 712 81
275 712 81
281 712 81
287 712 81
293 712 81
299 712 81
305 712 81
311 712 81
317 712 81
323 712 81
329 712 81
335 712 81
341 712 81
347 712 81
353 712 81
359 712 81
365 712 81
371 712 81
377 712 81
383 712 81
389 712 82
395 712 82
401 712 82
407 712 82
413 712 82
419 712 82
425 712 82
431 712 82
437 712 82
437 718 82
431 718 82
425 718 82
419 718 82
413 718 82
407 718 82
401 718 82
395 718 82
389 718 82
383 718 82
377 718 82
371 718 82
365 718 82
359 718 82
353 718 82
347 718 82
341 718 82
335 718 82
329 718 82
323 718 82
317 718 82
311 718 82
305 718 82
299 718 82
293 718 82
287 718 82
281 718 82
275 718 82
269 718 82
263 718 82
257 718 82
251 718 83
245 718 83
239 718 83
233 718 83
227 718 83
221 718 83
215 718 83
215 724 83
221 724 83
227 724 83
233 724 83
239 724 83
245 724 83
251 724 83
257 724 83
263 724 83
269 724 83
275 724 83
281 724 83
287 724 83
293 724 83
299 724 83
305 724 83
311 724 83
317 724 83
323 724 83
329 724 83
335 724 83
341 724 83
347 724 83
353 724 83
359 724 83
365 724 83
371 724 83
377 724 83
383 724 83
389 724 83
395 724 83
401 724 83
407 724 83
413 724 84
419 724 84
425 724 84
431 724 84
437 724 84
437 730 84
431 730 84
425 730 84
419 730 84
413 730 84
407 730 84
401 730 84
395 730 84
389 730 84
383 730 84
377 730 84
371 730 84
365 730 84
359 730 84
353 730 84
347 730 84
341 730 84
335 730 84
329 730 84
323 730 84
317 730 84
311 730 84
305 730 84
299 730 84
293 730 84
287 730 84
281 730 84
275 730 84
269 730 84
263 730 84
257 730 84
251 730 84
245 730 84
239 730 84
233 730 84
227 730 85
221 730 85
215 730 85
215 736 85
221 736 85
227 736 85
233 736 85
239 736 85
245 736 85
251 736 85
257 736 85
263 736 85
269 736 85
275 736 85
281 736 85
287 736 85
293 736 85
299 736 85
305 736 85
311 736 85
317 736 85
323 736 85
329 736 85
335 736 85
341 736 85
347 736 85
353 736 85
359 736 85
365 736 85
371 736 85
377 736 85
383 736 85
389 736 85
395 736 85
401 736 85
407 736 85
413 736 85
419 736 85
425 736 85
431 736 85
437 736 86
437 742 86
431 742 86
425 742 86
419 742 86
413 742 86
407 742 86
401 742 86
395 742 86
389 742 86
383 742 86
377 742 86
371 742 86
365 742 86
359 742 86
353 742 86
347 742 86
341 742 86
335 742 86
329 742 86
323 742 86
317 742 86
311 742 86
305 742 86
299 742 86
293 742 86
287 742 86
281 742 86
275 742 86
269 742 86
263 742 86
257 742 86
251 742 86
245 742 86
239 742 86
233 742 86
227 742 86
221 742 86
215 742 86
215 748 86
221 748 87
227 748 87
233 748 87
239 748 87
245 748 87
251 748 87
257 748 87
263 748 87
269 748 87
275 748 87
281 748 87
287 748 87
293 748 87
299 748 87
305 748 87
311 748 87
317 748 87
323 748 87
329 748 87
335 748 87
341 748 87
347 748 87
353 748 87
359 748 87
365 748 87
371 748 87
377 748 87
383 748 87
389 748 87
395 748 87
401 748 87
407 748 87
413 748 87
419 748 87
425 748 87
431 748 87
437 748 87
437 754 87
431 754 87
425 754 87
419 754 88
413 754 88
407 754 88
401 754 88
395 754 88
389 754 88
383 754 88
377 754 88
371 754 88
365 754 88
359 754 88
353 754 88
347 754 88
341 754 88
335 754 88
329 754 88
323 754 88
317 754 88
311 754 88
305 754 88
299 754 88
293 754 88
287 754 88
281 754 88
275 754 88
269 754 88
263 754 88
257 754 88
251 754 88
245 754 88
239 754 88
233 754 88
227 754 88
221 754 88
215 754 88
215 760 88
221 760 88
227 760 88
233 760 88
239 760 88
245 760 89
251 760 89
257 760 89
263 760 89
269 760 89
275 760 89
281 760 89
287 760 89
293 760 89
299 760 89
305 760 89
311 760 89
317 760 89
323 760 89
329 760 89
335 760 89
341 760 89
347 760 89
353 760 89
359 760 89
365 760 89
371 760 89
377 760 89
383 760 89
389 760 89
395 760 89
401 760 89
407 760 89
413 760 89
419 760 89
425 760 89
431 760 89
437 760 89
437 766 89
431 766 89
425 766 89
419 766 89
413 766 89
407 766 89
401 766 89
395 766 90
389 766 90
383 766 90
377 766 90
371 766 90
365 766 90
359 766 90
353 766 90
347 766 90
341 766 90
335 766 90
329 766 90
323 766 90
317 766 90
311 766 90
305 766 90
299 766 90
293 766 90
287 766 90
281 766 90
275 766 90
269 766 90
263 766 90
257 766 90
251 766 90
245 766 90
239 766 90
233 766 90
227 766 90
221 766 90
215 766 90
215 772 90
221 772 90
227 772 90
233 772 90
239 772 90
245 772 90
251 772 90
257 772 90
263 772 90
269 772 91
275 772 91
281 772 91
287 772 91
293 772 91
299 772 91
305 772 91
311 772 91
317 772 91
323 772 91
329 772 91
335 772 91
341 772 91
347 772 91
353 772 91
359 772 91
365 772 91
371 772 91
377 772 91
383 772 91
389 772 91
395 772 91
401 772 91
407 772 91
413 772 91
419 772 91
425 772 91
431 772 91
437 772 91
437 778 91
431 778 91
425 778 91
419 778 91
413 778 91
407 778 91
401 778 91
395 778 91
389 778 91
383 778 91
377 778 91
371 778 92
365 778 92
359 778 92
353 778 92
347 778 92
341 778 92
335 778 92
329 778 92
323 778 92
317 778 92
311 778 92
305 778 92
299 778 92
293 778 92
293 784 92
299 784 92
305 784 92
311 784 92
317 784 92
323 784 92
329 784 92
335 784 92
341 784 92
347 784 92
353 784 92
359 784 92
365 784 92
371 784 92
377 784 92
383 784 92
389 784 92
395 784 92
401 784 92
407 784 92
413 784 92
419 784 92
425 784 92
431 784 92
437 784 92
437 790 92
431 790 93
425 790 93
419 790 93
413 790 93
407 790 93
401 790 93
395 790 93
389 790 93
383 790 93
377 790 93
371 790 93
365 790 93
359 790 93
353 790 93
347 790 93
341 790 93
335 790 93
329 790 93
323 790 93
317 790 93
311 790 93
305 790 93
299 790 93
293 790 93
293 796 93
299 796 93
305 796 93
311 796 93
317 796 93
323 796 93
329 796 93
335 796 93
341 796 93
347 796 93
353 796 93
359 796 93
365 796 93
371 796 93
377 796 93
383 796 93
389 796 94
395 796 94
401 796 94
407 796 94
413 796 94
419 796 94
425 796 94
431 796 94
437 796 94
437 802 94
431 802 94
425 802 94
419 802 94
413 802 94
407 802 94
401 802 94
395 802 94
389 802 94
383 802 94
377 802 94
371 802 94
365 802 94
359 802 94
353 802 94
347 802 94
341 802 94
335 802 94
329 802 94
323 802 94
317 802 94
311 802 94
305 802 94
299 802 94
293 802 94
293 808 94
299 808 94
305 808 94
311 808 94
317 808 94
323 808 94
329 808 95
335 808 95
341 808 95
347 808 95
353 808 95
359 808 95
365 808 95
371 808 95
377 808 95
383 808 95
389 808 95
395 808 95
401 808 95
407 808 95
413 808 95
419 808 95
425 808 95
431 808 95
437 808 95
437 814 95
431 814 95
425 814 95
419 814 95
413 814 95
407 814 95
401 814 95
395 814 95
389 814 95
383 814 95
377 814 95
371 814 95
365 814 95
359 814 95
353 814 95
347 814 95
341 814 95
335 814 95
329 814 95
323 814 95
317 814 95
311 814 96
305 814 96
299 814 96
293 814 96
293 820 96
299 820 96
305 820 96
311 820 96
317 820 96
323 820 96
329 820 96
335 820 96
341 820 96
347 820 96
353 820 96
359 820 96
365 820 96
371 820 96
377 820 96
383 820 96
389 820 96
395 820 96
401 820 96
407 820 96
413 820 96
419 820 96
425 820 96
431 820 96
437 820 96
437 826 96
431 826 96
425 826 96
419 826 96
413 826 96
407 826 96
401 826 96
395 826 96
389 826 96
383 826 96
377 826 96
371 826 97
365 826 97
359 826 97
353 826 97
347 826 97
341 826 97
335 826 97
329 826 97
323 826 97
317 826 97
311 826 97
305 826 97
299 826 97
293 826 97
293 832 97
299 832 97
305 832 97
311 832 97
317 832 97
323 832 97
329 832 97
335 832 97
341 832 97
347 832 97
353 832 97
359 832 97
365 832 97
371 832 97
377 832 97
383 832 97
389 832 97
395 832 97
401 832 97
407 832 97
413 832 97
419 832 97
425 832 97
431 832 97
437 832 97
437 838 97
431 838 98
425 838 98
419 838 98
413 838 98
407 838 98
401 838 98
395 838 98
389 838 98
383 838 98
377 838 98
371 838 98
365 838 98
359 838 98
353 838 98
347 838 98
341 838 98
335 838 98
329 838 98
323 838 98
317 838 98
311 838 98
305 838 98
299 838 98
293 838 98
293 844 98
299 844 98
305 844 98
311 844 98
317 844 98
323 844 98
329 844 98
335 844 98
341 844 98
347 844 98
353 844 98
359 844 98
365 844 98
371 844 98
377 844 98
383 844 98
389 844 99
395 844 99
401 844 99
407 844 99
413 844 99
419 844 99
425 844 99
431 844 99
437 844 99
437 850 99
431 850 99
425 850 99
419 850 99
413 850 99
407 850 99
401 850 99
395 850 99
389 850 99
383 850 99
377 850 99
371 850 99
365 850 99
359 850 99
353 850 99
347 850 99
341 850 99
335 850 99
329 850 99
323 850 99
317 850 99
311 850 99
305 850 99
299 850 99
293 850 99
293 856 99
299 856 99
305 856 99
311 856 99
317 856 99
323 856 99
329 856 100
335 856 100
341 856 100
347 856 100
353 856 100
359 856 100
365 856 100
371 856 100
377 856 100
383 856 100
389 856 100
395 856 100
401 856 100
407 856 100
413 856 100
419 856 100
425 856 100
431 856 100
437 856 100
437 862 100
431 862 100
425 862 100
419 862 100
413 862 100
407 862 100
401 862 100
395 862 100
389 862 100
383 862 100
377 862 100
371 862 100
365 862 100
359 862 100
353 862 100
347 862 100
341 862 100
335 862 100
329 862 100
323 862 100
317 862 100
311 862 101
305 862 101
299 862 101
293 862 101
293 868 101
299 868 101
305 868 101
311 868 101
317 868 101
323 868 101
329 868 101
335 868 101
341 868 101
347 868 101
353 868 101
359 868 101
365 868 101
371 868 101
377 868 101
383 868 101
389 868 101
395 868 101
401 868 101
407 868 101
413 868 101
419 868 101
425 868 101
431 868 101
437 868 101
437 874 101
431 874 101
425 874 101
419 874 101
413 874 101
407 874 101
401 874 101
395 874 101
389 874 101
383 874 101
377 874 101
371 874 102
365 874 102
359 874 102
353 874 102
347 874 102
341 874 102
335 874 102
329 874 102
323 874 102
317 874 102
311 874 102
305 874 102
299 874 102
293 874 102
293 880 102
299 880 102
305 880 102
311 880 102
317 880 102
323 880 102
329 880 102
335 880 102
341 880 102
347 880 102
353 880 102
359 880 102
365 880 102
371 880 102
377 880 102
383 880 102
389 880 102
395 880 102
401 880 102
407 880 102
413 880 102
419 880 102
425 880 102
431 880 102
437 880 102
437 886 102
431 886 103
425 886 103
419 886 103
413 886 103
407 886 103
401 886 103
395 886 103
389 886 103
383 886 103
377 886 103
371 886 103
365 886 103
359 886 103
353 886 103
347 886 103
341 886 103
335 886 103
329 886 103
323 886 103
317 886 103
311 886 103
305 886 103
299 886 103
293 886 103
293 892 103
299 892 103
305 892 103
311 892 103
317 892 103
323 892 103
329 892 103
335 892 103
341 892 103
347 892 103
353 892 103
359 892 103
365 892 103
371 892 103
377 892 103
383 892 103
389 892 104
395 892 104
401 892 104
407 892 104
413 892 104
419 892 104
425 892 104
431 892 104
437 892 104
437 898 104
431 898 104
425 898 104
419 898 104
413 898 104
407 898 104
401 898 104
395 898 104
389 898 104
383 898 104
377 898 104
371 898 104
365 898 104
359 898 104
353 898 104
347 898 104
341 898 104
335 898 104
329 898 104
323 898 104
317 898 104
311 898 104
305 898 104
299 898 104
293 898 104
