641 586 0
641 592 0
641 598 0
641 604 0
641 610 0
641 616 0
641 622 0
641 628 0
641 634 0
641 640 0
641 646 0
641 652 0
641 658 0
641 664 0
641 670 0
641 676 0
641 682 0
641 688 0
641 694 0
641 700 0
641 706 0
641 712 0
641 718 0
641 724 0
641 730 0
641 736 0
641 742 0
641 748 0
641 754 0
641 760 0
641 766 0
641 772 0
641 778 0
641 784 0
641 790 0
641 796 0
641 802 0
641 808 0
635 808 0
635 802 0
635 796 1
635 790 1
635 784 1
635 778 1
635 772 1
635 766 1
635 760 1
635 754 1
635 748 1
635 742 1
635 736 1
635 730 1
635 724 1
635 718 1
635 712 1
635 706 1
635 700 1
635 694 1
635 688 1
635 682 1
635 676 1
635 670 1
635 664 1
635 658 1
635 652 1
635 646 1
635 640 1
635 634 1
635 628 1
635 622 1
635 616 1
635 610 1
635 604 1
635 598 1
635 592 1
635 586 1
629 586 1
629 592 1
629 598 1
629 604 1
629 610 2
629 616 2
629 622 2
629 628 2
629 634 2
629 640 2
629 646 2
629 652 2
629 658 2
629 664 2
629 670 2
629 676 2
629 682 2
629 688 2
629 694 2
629 700 2
629 706 2
629 712 2
629 718 2
629 724 2
629 730 2
629 736 2
629 742 2
629 748 2
629 754 2
629 760 2
629 766 2
629 772 2
629 778 2
629 784 2
629 790 2
629 796 2
629 802 2
629 808 2
623 808 2
623 802 2
623 796 2
623 790 2
623 784 2
623 778 2
623 772 3
623 766 3
623 760 3
623 754 3
623 748 3
623 742 3
623 736 3
623 730 3
623 724 3
623 718 3
623 712 3
623 706 3
623 700 3
623 694 3
623 688 3
623 682 3
623 676 3
623 670 3
623 664 3
623 658 3
623 652 3
623 646 3
623 640 3
623 634 3
623 628 3
623 622 3
623 616 3
623 610 3
623 604 3
623 598 3
623 592 3
623 586 3
617 586 3
617 592 3
617 598 3
617 604 3
617 610 3
617 616 3
617 622 3
617 628 3
617 634 4
617 640 4
617 646 4
617 652 4
617 658 4
617 664 4
617 670 4
617 676 4
617 682 4
617 688 4
617 694 4
617 700 4
617 706 4
617 712 4
617 718 4
617 724 4
617 730 4
617 736 4
617 742 4
617 748 4
617 754 4
617 760 4
617 766 4
617 772 4
617 778 4
617 784 4
617 790 4
617 796 4
617 802 4
617 808 4
611 808 4
611 802 4
611 796 4
611 790 4
611 784 4
611 778 4
611 772 4
611 766 4
611 760 4
611 754 4
611 748 5
611 742 5
611 736 5
611 730 5
611 724 5
611 718 5
611 712 5
611 706 5
611 700 5
611 694 5
611 688 5
611 682 5
611 676 5
611 670 5
611 664 5
611 658 5
611 652 5
611 646 5
611 640 5
611 634 5
611 628 5
611 622 5
611 616 5
611 610 5
611 604 5
611 598 5
611 592 5
611 586 5
605 586 5
605 592 5
605 598 5
605 604 5
605 610 5
605 616 5
605 622 5
605 628 5
605 634 5
605 640 5
605 646 5
605 652 5
605 658 6
605 664 6
605 670 6
605 676 6
605 682 6
605 688 6
605 694 6
605 700 6
605 706 6
605 712 6
605 718 6
605 724 6
605 730 6
605 736 6
605 742 6
605 748 6
605 754 6
605 760 6
605 766 6
605 772 6
605 778 6
605 784 6
605 790 6
605 796 6
605 802 6
605 808 6
599 808 6
599 802 6
599 796 6
599 790 6
599 784 6
599 778 6
599 772 6
599 766 6
599 760 6
599 754 6
599 748 6
599 742 6
599 736 6
599 730 6
599 724 7
599 718 7
599 712 7
599 706 7
599 700 7
599 694 7
599 688 7
599 682 7
599 676 7
599 670 7
599 664 7
599 658 7
599 652 7
599 646 7
599 640 7
599 634 7
599 628 7
599 622 7
599 616 7
599 610 7
599 604 7
599 598 7
599 592 7
599 586 7
593 586 7
593 592 7
593 598 7
593 604 7
593 610 7
593 616 7
593 622 7
593 628 7
593 634 7
593 640 7
593 646 7
593 652 7
593 658 7
593 664 7
593 670 7
593 676 7
593 682 8
593 688 8
593 694 8
593 700 8
593 706 8
593 712 8
593 718 8
593 724 8
593 730 8
593 736 8
593 742 8
593 748 8
593 754 8
593 760 8
593 766 8
593 772 8
593 778 8
593 784 8
593 790 8
593 796 8
593 802 8
593 808 8
587 808 8
587 802 8
587 796 8
587 790 8
587 784 8
587 778 8
587 772 8
587 766 8
587 760 8
587 754 8
587 748 8
587 742 8
587 736 8
587 730 8
587 724 8
587 718 8
587 712 8
587 706 8
587 700 9
587 694 9
587 688 9
587 682 9
587 676 9
587 670 9
587 664 9
587 658 9
587 652 9
587 646 9
587 640 9
587 634 9
587 628 9
587 622 9
587 616 9
587 610 9
587 604 9
587 598 9
587 592 9
587 586 9
581 586 9
581 592 9
581 598 9
581 604 9
581 610 9
581 616 9
581 622 9
581 628 9
581 634 9
581 640 9
581 646 9
581 652 9
581 658 9
581 664 9
581 670 9
581 676 9
581 682 9
581 688 9
581 694 9
581 700 9
581 706 10
581 712 10
581 718 10
581 724 10
581 730 10
581 736 10
581 742 10
581 748 10
581 754 10
581 760 10
581 766 10
581 772 10
581 778 10
581 784 10
581 790 10
581 796 10
581 802 10
581 808 10
575 808 10
575 802 10
575 796 10
575 790 10
575 784 10
575 778 10
575 772 10
575 766 10
575 760 10
575 754 10
575 748 10
575 742 10
575 736 10
575 730 10
575 724 10
575 718 10
575 712 10
575 706 10
575 700 10
575 694 10
575 688 10
575 682 10
575 676 11
575 670 11
575 664 11
575 658 11
575 652 11
575 646 11
575 640 11
575 634 11
575 628 11
575 622 11
575 616 11
575 610 11
575 604 11
575 598 11
575 592 11
575 586 11
569 586 11
569 592 11
569 598 11
569 604 11
569 610 11
569 616 11
569 622 11
569 628 11
569 634 11
569 640 11
569 646 11
569 652 11
569 658 11
569 664 11
569 670 11
569 676 11
569 682 11
569 688 11
569 694 11
569 700 11
569 706 11
569 712 11
569 718 11
569 724 11
569 730 12
569 736 12
569 742 12
569 748 12
569 754 12
569 760 12
569 766 12
569 772 12
569 778 12
569 784 12
569 790 12
569 796 12
569 802 12
569 808 12
563 808 12
563 802 12
563 796 12
563 790 12
563 784 12
563 778 12
563 772 12
563 766 12
563 760 12
563 754 12
563 748 12
563 742 12
563 736 12
563 730 12
563 724 12
563 718 12
563 712 12
563 706 12
563 700 12
563 694 12
563 688 12
563 682 12
563 676 12
563 670 12
563 664 12
563 658 12
563 652 13
563 646 13
563 640 13
563 634 13
563 628 13
563 622 13
563 616 13
563 610 13
563 604 13
563 598 13
563 592 13
563 586 13
557 586 13
557 592 13
557 598 13
557 604 13
557 610 13
557 616 13
557 622 13
557 628 13
557 634 13
557 640 13
557 646 13
557 652 13
557 658 13
557 664 13
557 670 13
557 676 13
557 682 13
557 688 13
557 694 13
557 700 13
557 706 13
557 712 13
557 718 13
557 724 13
557 730 13
557 736 13
557 742 13
557 748 13
557 754 14
557 760 14
557 766 14
557 772 14
557 778 14
557 784 14
557 790 14
557 796 14
557 802 14
557 808 14
551 808 14
551 802 14
551 796 14
551 790 14
551 784 14
551 778 14
551 772 14
551 766 14
551 760 14
551 754 14
551 748 14
551 742 14
551 736 14
551 730 14
551 724 14
551 718 14
551 712 14
551 706 14
551 700 14
551 694 14
551 688 14
551 682 14
551 676 14
551 670 14
551 664 14
551 658 14
551 652 14
551 646 14
551 640 14
551 634 14
551 628 15
551 622 15
551 616 15
551 610 15
551 604 15
551 598 15
551 592 15
551 586 15
545 586 15
545 592 15
545 598 15
545 604 15
545 610 15
545 616 15
545 622 15
545 628 15
545 634 15
545 640 15
545 646 15
545 652 15
545 658 15
545 664 15
545 670 15
545 676 15
545 682 15
545 688 15
545 694 15
545 700 15
545 706 15
545 712 15
545 718 15
545 724 15
545 730 15
545 736 15
545 742 15
545 748 15
545 754 15
545 760 15
545 766 15
545 772 15
545 778 16
545 784 16
545 790 16
545 796 16
545 802 16
545 808 16
539 808 16
539 802 16
539 796 16
539 790 16
539 784 16
539 778 16
539 772 16
539 766 16
539 760 16
539 754 16
539 748 16
539 742 16
539 736 16
539 730 16
539 724 16
539 718 16
539 712 16
539 706 16
539 700 16
539 694 16
539 688 16
539 682 16
539 676 16
539 670 16
539 664 16
539 658 16
539 652 16
539 646 16
539 640 16
539 634 16
539 628 16
539 622 16
539 616 16
539 610 16
539 604 17
539 598 17
539 592 17
539 586 17
533 586 17
533 592 17
533 598 17
533 604 17
533 610 17
533 616 17
533 622 17
533 628 17
533 634 17
533 640 17
533 646 17
533 652 17
533 658 17
533 664 17
533 670 17
533 676 17
533 682 17
533 688 17
533 694 17
533 700 17
533 706 17
533 712 17
533 718 17
533 724 17
533 730 17
533 736 17
533 742 17
533 748 17
533 754 17
533 760 17
533 766 17
533 772 17
533 778 17
533 784 17
533 790 17
533 796 17
533 802 18
533 808 18
527 808 18
527 802 18
527 796 18
527 790 18
527 784 18
527 778 18
527 772 18
527 766 18
527 760 18
527 754 18
527 748 18
527 742 18
527 736 18
527 730 18
527 724 18
527 718 18
527 712 18
527 706 18
527 700 18
527 694 18
527 688 18
527 682 18
527 676 18
527 670 18
527 664 18
527 658 18
527 652 18
527 646 18
527 640 18
527 634 18
527 628 18
527 622 18
527 616 18
527 610 18
527 604 18
527 598 18
527 592 18
527 586 18
521 586 19
521 592 19
521 598 19
521 604 19
521 610 19
521 616 19
521 622 19
521 628 19
521 634 19
521 640 19
521 646 19
521 652 19
521 658 19
521 664 19
521 670 19
521 676 19
521 682 19
521 688 19
521 694 19
521 700 19
521 706 19
521 712 19
521 718 19
521 724 19
521 730 19
521 736 19
521 742 19
521 748 19
521 754 19
521 760 19
521 766 19
521 772 19
521 778 19
521 784 19
521 790 19
521 796 19
521 802 19
521 808 19
515 808 19
515 802 19
515 796 20
515 790 20
515 784 20
515 778 20
515 772 20
515 766 20
515 760 20
515 754 20
515 748 20
515 742 20
515 736 20
515 730 20
515 724 20
515 718 20
515 712 20
515 706 20
515 700 20
515 694 20
515 688 20
515 682 20
515 676 20
515 670 20
515 664 20
515 658 20
515 652 20
515 646 20
515 640 20
515 634 20
515 628 20
515 622 20
515 616 20
515 610 20
515 604 20
515 598 20
515 592 20
515 586 20
509 586 20
509 592 20
509 598 20
509 604 20
509 610 21
509 616 21
509 622 21
509 628 21
509 634 21
509 640 21
509 646 21
509 652 21
509 658 21
509 664 21
509 670 21
509 676 21
509 682 21
509 688 21
509 694 21
509 700 21
509 706 21
509 712 21
509 718 21
509 724 21
509 730 21
509 736 21
509 742 21
509 748 21
509 754 21
509 760 21
509 766 21
509 772 21
509 778 21
509 784 21
509 790 21
509 796 21
509 802 21
509 808 21
503 808 21
503 802 21
503 796 21
503 790 21
503 784 21
503 778 21
503 772 22
503 766 22
503 760 22
503 754 22
503 748 22
503 742 22
503 736 22
503 730 22
503 724 22
503 718 22
503 712 22
503 706 22
503 700 22
503 694 22
503 688 22
503 682 22
503 676 22
503 670 22
503 664 22
503 658 22
503 652 22
503 646 22
503 640 22
503 634 22
503 628 22
503 622 22
503 616 22
503 610 22
503 604 22
503 598 22
503 592 22
503 586 22
497 586 22
497 592 22
497 598 22
497 604 22
497 610 22
497 616 22
497 622 22
497 628 22
497 634 23
497 640 23
497 646 23
497 652 23
497 658 23
497 664 23
497 670 23
497 676 23
497 682 23
497 688 23
497 694 23
497 700 23
497 706 23
497 712 23
497 718 23
497 724 23
497 730 23
497 736 23
497 742 23
497 748 23
497 754 23
497 760 23
497 766 23
497 772 23
497 778 23
497 784 23
497 790 23
497 796 23
497 802 23
497 808 23
491 808 23
491 802 23
491 796 23
491 790 23
491 784 23
491 778 23
491 772 23
491 766 23
491 760 23
491 754 23
491 748 24
491 742 24
491 736 24
491 730 24
491 724 24
491 718 24
491 712 24
491 706 24
491 700 24
491 694 24
491 688 24
491 682 24
491 676 24
491 670 24
491 664 24
491 658 24
491 652 24
491 646 24
491 640 24
491 634 24
491 628 24
491 622 24
491 616 24
491 610 24
491 604 24
491 598 24
491 592 24
491 586 24
485 586 24
485 592 24
485 598 24
485 604 24
485 610 24
485 616 24
485 622 24
485 628 24
485 634 24
485 640 24
485 646 24
485 652 24
485 658 25
485 664 25
485 670 25
485 676 25
485 682 25
485 688 25
485 694 25
485 700 25
485 706 25
485 712 25
485 718 25
485 724 25
485 730 25
485 736 25
485 742 25
485 748 25
485 754 25
485 760 25
485 766 25
485 772 25
485 778 25
485 784 25
485 790 25
485 796 25
485 802 25
485 808 25
479 808 25
479 802 25
479 796 25
479 790 25
479 784 25
479 778 25
479 772 25
479 766 25
479 760 25
479 754 25
479 748 25
479 742 25
479 736 25
479 730 25
479 724 26
479 718 26
479 712 26
479 706 26
479 700 26
479 694 26
479 688 26
479 682 26
479 676 26
479 670 26
479 664 26
479 658 26
479 652 26
479 646 26
479 640 26
479 634 26
479 628 26
479 622 26
479 616 26
479 610 26
479 604 26
479 598 26
479 592 26
479 586 26
473 586 26
473 592 26
473 598 26
473 604 26
473 610 26
473 616 26
473 622 26
473 628 26
473 634 26
473 640 26
473 646 26
473 652 26
473 658 26
473 664 26
473 670 26
473 676 26
473 682 27
473 688 27
473 694 27
473 700 27
473 706 27
473 712 27
473 718 27
473 724 27
473 730 27
473 736 27
473 742 27
473 748 27
473 754 27
473 760 27
473 766 27
473 772 27
473 778 27
473 784 27
473 790 27
473 796 27
473 802 27
473 808 27
467 808 27
467 802 27
467 796 27
467 790 27
467 784 27
467 778 27
467 772 27
467 766 27
467 760 27
467 754 27
467 748 27
467 742 27
467 736 27
467 730 27
467 724 27
467 718 27
467 712 27
467 706 27
467 700 28
467 694 28
467 688 28
467 682 28
467 676 28
467 670 28
467 664 28
467 658 28
467 652 28
467 646 28
467 640 28
467 634 28
467 628 28
467 622 28
467 616 28
467 610 28
467 604 28
467 598 28
467 592 28
467 586 28
461 586 28
461 592 28
461 598 28
461 604 28
461 610 28
461 616 28
461 622 28
461 628 28
461 634 28
461 640 28
461 646 28
461 652 28
461 658 28
461 664 28
461 670 28
461 676 28
461 682 28
461 688 28
461 694 28
461 700 28
461 706 29
461 712 29
461 718 29
461 724 29
461 730 29
461 736 29
461 742 29
461 748 29
461 754 29
461 760 29
461 766 29
461 772 29
461 778 29
461 784 29
461 790 29
461 796 29
461 802 29
461 808 29
455 808 29
455 802 29
455 796 29
455 790 29
455 784 29
455 778 29
455 772 29
455 766 29
455 760 29
455 754 29
455 748 29
455 742 29
455 736 29
455 730 29
455 724 29
455 718 29
455 712 29
455 706 29
455 700 29
455 694 29
455 688 29
455 682 29
455 676 30
455 670 30
455 664 30
455 658 30
455 652 30
455 646 30
455 640 30
455 634 30
455 628 30
455 622 30
455 616 30
455 610 30
455 604 30
455 598 30
455 592 30
455 586 30
449 586 30
449 592 30
449 598 30
449 604 30
449 610 30
449 616 30
449 622 30
449 628 30
449 634 30
449 640 30
449 646 30
449 652 30
449 658 30
449 664 30
449 670 30
449 676 30
449 682 30
449 688 30
449 694 30
449 700 30
449 706 30
449 712 30
449 718 30
449 724 30
449 730 31
449 736 31
449 742 31
449 748 31
449 754 31
449 760 31
449 766 31
449 772 31
449 778 31
449 784 31
449 790 31
449 796 31
449 802 31
449 808 31
443 808 31
443 802 31
443 796 31
443 790 31
443 784 31
443 778 31
443 772 31
443 766 31
443 760 31
443 754 31
443 748 31
443 742 31
443 736 31
443 730 31
443 724 31
443 718 31
443 712 31
443 706 31
443 700 31
443 694 31
443 688 31
443 682 31
443 676 31
443 670 31
443 664 31
443 658 31
443 652 32
443 646 32
443 640 32
443 634 32
443 628 32
443 622 32
443 616 32
443 610 32
443 604 32
443 598 32
443 592 32
443 586 32
437 586 32
437 592 32
437 598 32
437 604 32
437 610 32
437 616 32
437 622 32
437 628 32
437 634 32
437 640 32
437 646 32
437 652 32
437 658 32
437 664 32
437 670 32
437 676 32
437 682 32
437 688 32
437 694 32
437 700 32
437 706 32
437 712 32
437 718 32
437 724 32
437 730 32
437 736 32
437 742 32
437 748 32
437 754 33
437 760 33
437 766 33
437 772 33
437 778 33
437 784 33
437 790 33
437 796 33
437 802 33
437 808 33
431 808 33
431 802 33
431 796 33
431 790 33
431 784 33
431 778 33
431 772 33
431 766 33
431 760 33
431 754 33
431 748 33
431 742 33
431 736 33
431 730 33
431 724 33
431 718 33
431 712 33
431 706 33
431 700 33
431 694 33
431 688 33
431 682 33
431 676 33
431 670 33
431 664 33
431 658 33
431 652 33
431 646 33
431 640 33
431 634 33
431 628 34
431 622 34
431 616 34
431 610 34
431 604 34
431 598 34
431 592 34
431 586 34
425 586 34
425 592 34
425 598 34
425 604 34
425 610 34
425 616 34
425 622 34
425 628 34
425 634 34
425 640 34
425 646 34
425 652 34
425 658 34
425 664 34
425 670 34
425 676 34
425 682 34
425 688 34
425 694 34
425 700 34
425 706 34
425 712 34
425 718 34
425 724 34
425 730 34
425 736 34
425 742 34
425 748 34
425 754 34
425 760 34
425 766 34
425 772 34
425 778 35
425 784 35
425 790 35
425 796 35
425 802 35
425 808 35
419 808 35
419 802 35
419 796 35
419 790 35
419 784 35
419 778 35
419 772 35
419 766 35
419 760 35
419 754 35
419 748 35
419 742 35
419 736 35
419 730 35
419 724 35
419 718 35
419 712 35
419 706 35
419 700 35
419 694 35
419 688 35
419 682 35
419 676 35
419 670 35
419 664 35
419 658 35
419 652 35
419 646 35
419 640 35
419 634 35
419 628 35
419 622 35
419 616 35
419 610 35
419 604 36
419 598 36
419 592 36
419 586 36
413 586 36
413 592 36
413 598 36
413 604 36
413 610 36
413 616 36
413 622 36
413 628 36
413 634 36
413 640 36
413 646 36
413 652 36
413 658 36
413 664 36
413 670 36
413 676 36
413 682 36
413 688 36
413 694 36
413 700 36
413 706 36
413 712 36
413 718 36
413 724 36
413 730 36
413 736 36
413 742 36
413 748 36
413 754 36
413 760 36
413 766 36
413 772 36
413 778 36
413 784 36
413 790 36
413 796 36
413 802 37
413 808 37
407 808 37
407 802 37
407 796 37
407 790 37
407 784 37
407 778 37
407 772 37
407 766 37
407 760 37
407 754 37
407 748 37
407 742 37
407 736 37
407 730 37
407 724 37
407 718 37
407 712 37
407 706 37
407 700 37
407 694 37
407 688 37
407 682 37
407 676 37
407 670 37
407 664 37
407 658 37
407 652 37
407 646 37
407 640 37
407 634 37
407 628 37
407 622 37
407 616 37
407 610 37
407 604 37
407 598 37
407 592 37
407 586 37
401 586 38
401 592 38
401 598 38
401 604 38
401 610 38
401 616 38
401 622 38
401 628 38
401 634 38
401 640 38
401 646 38
401 652 38
401 658 38
401 664 38
401 670 38
401 676 38
401 682 38
401 688 38
401 694 38
401 700 38
401 706 38
401 712 38
401 718 38
401 724 38
401 730 38
401 736 38
401 742 38
401 748 38
401 754 38
401 760 38
401 766 38
401 772 38
401 778 38
401 784 38
401 790 38
401 796 38
401 802 38
401 808 38
395 808 38
395 802 38
395 796 39
395 790 39
395 784 39
395 778 39
395 772 39
395 766 39
395 760 39
395 754 39
395 748 39
395 742 39
395 736 39
395 730 39
395 724 39
395 718 39
395 712 39
395 706 39
395 700 39
395 694 39
395 688 39
395 682 39
395 676 39
395 670 39
395 664 39
395 658 39
395 652 39
395 646 39
395 640 39
395 634 39
395 628 39
395 622 39
395 616 39
395 610 39
395 604 39
395 598 39
395 592 39
395 586 39
389 586 39
389 592 39
389 598 39
389 604 39
389 610 40
389 616 40
389 622 40
389 628 40
389 634 40
389 640 40
389 646 40
389 652 40
389 658 40
389 664 40
389 670 40
389 676 40
389 682 40
389 688 40
389 694 40
389 700 40
389 706 40
389 712 40
389 718 40
389 724 40
389 730 40
389 736 40
389 742 40
389 748 40
389 754 40
389 760 40
389 766 40
389 772 40
389 778 40
389 784 40
389 790 40
389 796 40
389 802 40
389 808 40
383 808 40
383 802 40
383 796 40
383 790 40
383 784 40
383 778 40
383 772 41
383 766 41
383 760 41
383 754 41
383 748 41
383 742 41
383 736 41
383 730 41
383 724 41
383 718 41
383 712 41
383 706 41
383 700 41
383 694 41
383 688 41
383 682 41
383 676 41
383 670 41
383 664 41
383 658 41
383 652 41
383 646 41
383 640 41
383 634 41
383 628 41
383 622 41
383 616 41
383 610 41
383 604 41
383 598 41
383 592 41
383 586 41
377 586 41
377 592 41
377 598 41
377 604 41
377 610 41
377 616 41
377 622 41
377 628 41
377 634 42
377 640 42
377 646 42
377 652 42
377 658 42
377 664 42
377 670 42
377 676 42
377 682 42
377 688 42
377 694 42
377 700 42
377 706 42
377 712 42
377 718 42
377 724 42
377 730 42
377 736 42
377 742 42
377 748 42
377 754 42
377 760 42
377 766 42
377 772 42
377 778 42
377 784 42
377 790 42
377 796 42
377 802 42
377 808 42
371 808 42
371 802 42
371 796 42
371 790 42
371 784 42
371 778 42
371 772 42
371 766 42
371 760 42
371 754 42
371 748 43
371 742 43
371 736 43
371 730 43
371 724 43
371 718 43
371 712 43
371 706 43
371 700 43
371 694 43
371 688 43
371 682 43
371 676 43
371 670 43
371 664 43
371 658 43
371 652 43
371 646 43
371 640 43
371 634 43
371 628 43
371 622 43
371 616 43
371 610 43
371 604 43
371 598 43
371 592 43
371 586 43
365 586 43
365 592 43
365 598 43
365 604 43
365 610 43
365 616 43
365 622 43
365 628 43
365 634 43
365 640 43
365 646 43
365 652 43
365 658 44
365 664 44
365 670 44
365 676 44
365 682 44
365 688 44
365 694 44
365 700 44
365 706 44
365 712 44
365 718 44
365 724 44
365 730 44
365 736 44
365 742 44
365 748 44
365 754 44
365 760 44
365 766 44
365 772 44
365 778 44
365 784 44
365 790 44
365 796 44
365 802 44
365 808 44
359 808 44
359 802 44
359 796 44
359 790 44
359 784 44
359 778 44
359 772 44
359 766 44
359 760 44
359 754 44
359 748 44
359 742 44
359 736 44
359 730 44
359 724 45
359 718 45
359 712 45
359 706 45
359 700 45
359 694 45
359 688 45
359 682 45
359 676 45
359 670 45
359 664 45
359 658 45
359 652 45
359 646 45
359 640 45
359 634 45
359 628 45
359 622 45
359 616 45
359 610 45
359 604 45
359 598 45
359 592 45
359 586 45
353 586 45
353 592 45
353 598 45
353 604 45
353 610 45
353 616 45
353 622 45
353 628 45
353 634 45
353 640 45
353 646 45
353 652 45
353 658 45
353 664 45
353 670 45
353 676 45
353 682 46
353 688 46
353 694 46
353 700 46
353 706 46
353 712 46
353 718 46
353 724 46
353 730 46
353 736 46
353 742 46
353 748 46
353 754 46
353 760 46
353 766 46
353 772 46
353 778 46
353 784 46
353 790 46
353 796 46
353 802 46
353 808 46
347 808 46
347 802 46
347 796 46
347 790 46
347 784 46
347 778 46
347 772 46
347 766 46
347 760 46
347 754 46
347 748 46
347 742 46
347 736 46
347 730 46
347 724 46
347 718 46
347 712 46
347 706 46
347 700 47
347 694 47
347 688 47
347 682 47
347 676 47
347 670 47
347 664 47
347 658 47
347 652 47
347 646 47
347 640 47
347 634 47
347 628 47
347 622 47
347 616 47
347 610 47
347 604 47
347 598 47
347 592 47
347 586 47
341 586 47
341 592 47
341 598 47
341 604 47
341 610 47
341 616 47
341 622 47
341 628 47
341 634 47
341 640 47
341 646 47
341 652 47
341 658 47
341 664 47
341 670 47
341 676 47
341 682 47
341 688 47
341 694 47
341 700 47
341 706 48
341 712 48
341 718 48
341 724 48
341 730 48
341 736 48
341 742 48
341 748 48
341 754 48
341 760 48
341 766 48
341 772 48
341 778 48
341 784 48
341 790 48
341 796 48
341 802 48
341 808 48
335 808 48
335 802 48
335 796 48
335 790 48
335 784 48
335 778 48
335 772 48
335 766 48
335 760 48
335 754 48
335 748 48
335 742 48
335 736 48
335 730 48
335 724 48
335 718 48
335 712 48
335 706 48
335 700 48
335 694 48
335 688 48
335 682 48
335 676 49
335 670 49
335 664 49
335 658 49
335 652 49
335 646 49
335 640 49
335 634 49
335 628 49
335 622 49
335 616 49
335 610 49
335 604 49
335 598 49
335 592 49
335 586 49
329 586 49
329 592 49
329 598 49
329 604 49
329 610 49
329 616 49
329 622 49
329 628 49
329 634 49
329 640 49
329 646 49
329 652 49
329 658 49
329 664 49
329 670 49
329 676 49
329 682 49
329 688 49
329 694 49
329 700 49
329 706 49
329 712 49
329 718 49
329 724 49
329 730 50
329 736 50
329 742 50
329 748 50
329 754 50
329 760 50
329 766 50
329 772 50
329 778 50
329 784 50
329 790 50
329 796 50
329 802 50
329 808 50
323 808 50
323 802 50
323 796 50
323 790 50
323 784 50
323 778 50
323 772 50
323 766 50
323 760 50
323 754 50
323 748 50
323 742 50
323 736 50
323 730 50
323 724 50
323 718 50
323 712 50
323 706 50
323 700 50
323 694 50
323 688 50
323 682 50
323 676 50
323 670 50
323 664 50
323 658 50
323 652 51
323 646 51
323 640 51
323 634 51
323 628 51
323 622 51
323 616 51
323 610 51
323 604 51
323 598 51
323 592 51
323 586 51
317 586 51
317 592 51
317 598 51
317 604 51
317 610 51
317 616 51
317 622 51
317 628 51
317 634 51
317 640 51
317 646 51
317 652 51
317 658 51
317 664 51
317 670 51
317 676 51
317 682 51
317 688 51
317 694 51
317 700 51
317 706 51
317 712 51
317 718 51
317 724 51
317 730 51
317 736 51
317 742 51
317 748 51
317 754 52
317 760 52
317 766 52
317 772 52
317 778 52
317 784 52
317 790 52
317 796 52
317 802 52
317 808 52
311 808 52
311 802 52
311 796 52
311 790 52
311 784 52
311 778 52
311 772 52
311 766 52
311 760 52
311 754 52
311 748 52
311 742 52
311 736 52
311 730 52
311 724 52
311 718 52
311 712 52
311 706 52
311 700 52
311 694 52
311 688 52
311 682 52
311 676 52
311 670 52
311 664 52
311 658 52
311 652 52
311 646 52
311 640 52
311 634 52
311 628 53
311 622 53
311 616 53
311 610 53
311 604 53
311 598 53
311 592 53
311 586 53
305 586 53
305 592 53
305 598 53
305 604 53
305 610 53
305 616 53
305 622 53
305 628 53
305 634 53
305 640 53
305 646 53
305 652 53
305 658 53
305 664 53
305 670 53
305 676 53
305 682 53
305 688 53
305 694 53
305 700 53
305 706 53
305 712 53
305 718 53
305 724 53
305 730 53
305 736 53
305 742 53
305 748 53
305 754 53
305 760 53
305 766 53
305 772 53
305 778 54
305 784 54
305 790 54
305 796 54
305 802 54
305 808 54
299 808 54
299 802 54
299 796 54
299 790 54
299 784 54
299 778 54
299 772 54
299 766 54
299 760 54
299 754 54
299 748 54
299 742 54
299 736 54
299 730 54
299 724 54
299 718 54
299 712 54
299 706 54
299 700 54
299 694 54
299 688 54
299 682 54
299 676 54
299 670 54
299 664 54
299 658 54
299 652 54
299 646 54
299 640 54
299 634 54
299 628 54
299 622 54
299 616 54
299 610 54
299 604 55
299 598 55
299 592 55
299 586 55
293 586 55
293 592 55
293 598 55
293 604 55
293 610 55
293 616 55
293 622 55
293 628 55
293 634 55
293 640 55
293 646 55
293 652 55
293 658 55
293 664 55
293 670 55
293 676 55
293 682 55
293 688 55
293 694 55
293 700 55
293 706 55
293 712 55
293 718 55
293 724 55
293 730 55
293 736 55
293 742 55
293 748 55
293 754 55
293 760 55
293 766 55
293 772 55
293 778 55
293 784 55
293 790 55
293 796 55
293 802 56
293 808 56
287 772 56
287 766 56
287 760 56
287 754 56
287 748 56
287 742 56
287 736 56
287 730 56
287 724 56
287 718 56
287 712 56
287 706 56
287 700 56
287 694 56
287 688 56
287 682 56
287 676 56
287 670 56
287 664 56
287 658 56
287 652 56
287 646 56
287 640 56
287 634 56
287 628 56
287 622 56
287 616 56
287 610 56
287 604 56
287 598 56
287 592 56
287 586 56
281 586 56
281 592 56
281 598 56
281 604 56
281 610 56
281 616 56
281 622 57
281 628 57
281 634 57
281 640 57
281 646 57
281 652 57
281 658 57
281 664 57
281 670 57
281 676 57
281 682 57
281 688 57
281 694 57
281 700 57
281 706 57
281 712 57
281 718 57
281 724 57
281 730 57
281 736 57
281 742 57
281 748 57
281 754 57
281 760 57
281 766 57
281 772 57
275 772 57
275 766 57
275 760 57
275 754 57
275 748 57
275 742 57
275 736 57
275 730 57
275 724 57
275 718 57
275 712 57
275 706 57
275 700 57
275 694 57
275 688 58
275 682 58
275 676 58
275 670 58
275 664 58
275 658 58
275 652 58
275 646 58
275 640 58
275 634 58
275 628 58
275 622 58
275 616 58
275 610 58
275 604 58
275 598 58
275 592 58
275 586 58
269 586 58
269 592 58
269 598 58
269 604 58
269 610 58
269 616 58
269 622 58
269 628 58
269 634 58
269 640 58
269 646 58
269 652 58
269 658 58
269 664 58
269 670 58
269 676 58
269 682 58
269 688 58
269 694 58
269 700 58
269 706 58
269 712 58
269 718 59
269 724 59
269 730 59
269 736 59
269 742 59
269 748 59
269 754 59
269 760 59
269 766 59
269 772 59
263 772 59
263 766 59
263 760 59
263 754 59
263 748 59
263 742 59
263 736 59
263 730 59
263 724 59
263 718 59
263 712 59
263 706 59
263 700 59
263 694 59
263 688 59
263 682 59
263 676 59
263 670 59
263 664 59
263 658 59
263 652 59
263 646 59
263 640 59
263 634 59
263 628 59
263 622 59
263 616 59
263 610 59
263 604 59
263 598 59
263 592 60
263 586 60
257 586 60
257 592 60
257 598 60
257 604 60
257 610 60
257 616 60
257 622 60
257 628 60
257 634 60
257 640 60
257 646 60
257 652 60
257 658 60
257 664 60
257 670 60
257 676 60
257 682 60
257 688 60
257 694 60
257 700 60
257 706 60
257 712 60
257 718 60
257 724 60
257 730 60
257 736 60
257 742 60
257 748 60
257 754 60
257 760 60
257 766 60
257 772 60
251 772 60
251 766 60
251 760 60
251 754 60
251 748 60
251 742 60
251 736 61
251 730 61
251 724 61
251 718 61
251 712 61
251 706 61
251 700 61
251 694 61
251 688 61
251 682 61
251 676 61
251 670 61
251 664 61
251 658 61
251 652 61
251 646 61
251 640 61
251 634 61
251 628 61
251 622 61
251 616 61
251 610 61
251 604 61
251 598 61
251 592 61
251 586 61
245 586 61
245 592 61
245 598 61
245 604 61
245 610 61
245 616 61
245 622 61
245 628 61
245 634 61
245 640 61
245 646 61
245 652 61
245 658 61
245 664 61
245 670 62
245 676 62
245 682 62
245 688 62
245 694 62
245 700 62
245 706 62
245 712 62
245 718 62
245 724 62
245 730 62
245 736 62
245 742 62
245 748 62
245 754 62
245 760 62
245 766 62
245 772 62
239 772 62
239 766 62
239 760 62
239 754 62
239 748 62
239 742 62
239 736 62
239 730 62
239 724 62
239 718 62
239 712 62
239 706 62
239 700 62
239 694 62
239 688 62
239 682 62
239 676 62
239 670 62
239 664 62
239 658 62
239 652 62
239 646 62
239 640 63
239 634 63
239 628 63
239 622 63
239 616 63
239 610 63
239 604 63
239 598 63
239 592 63
239 586 63
233 586 63
233 592 63
233 598 63
233 604 63
233 610 63
233 616 63
233 622 63
233 628 63
233 634 63
233 640 63
233 646 63
233 652 63
233 658 63
233 664 63
233 670 63
233 676 63
233 682 63
233 688 63
233 694 63
233 700 63
233 706 63
233 712 63
233 718 63
233 724 63
233 730 63
233 736 63
233 742 63
233 748 63
233 754 63
233 760 63
233 766 64
233 772 64
227 772 64
227 766 64
227 760 64
227 754 64
227 748 64
227 742 64
227 736 64
227 730 64
227 724 64
227 718 64
227 712 64
227 706 64
227 700 64
227 694 64
227 688 64
227 682 64
227 676 64
227 670 64
227 664 64
227 658 64
227 652 64
227 646 64
227 640 64
227 634 64
227 628 64
227 622 64
227 616 64
227 610 64
227 604 64
227 598 64
227 592 64
227 586 64
221 586 64
221 592 64
221 598 64
221 604 64
221 610 64
221 616 64
221 622 65
221 628 65
221 634 65
221 640 65
221 646 65
221 652 65
221 658 65
221 664 65
221 670 65
221 676 65
221 682 65
221 688 65
221 694 65
221 700 65
221 706 65
221 712 65
221 718 65
221 724 65
221 730 65
221 736 65
221 742 65
221 748 65
221 754 65
221 760 65
221 766 65
221 772 65
215 586 65
215 592 65
215 598 65
215 604 65
215 610 65
215 616 65
215 622 65
215 628 65
215 634 65
215 640 65
215 646 65
215 652 65
215 658 65
215 664 65
215 670 66
215 676 66
215 682 66
215 688 66
215 694 66
215 700 66
215 706 66
215 712 66
215 718 66
215 724 66
215 730 66
215 736 66
215 742 66
215 748 66
215 754 66
215 760 66
215 766 66
215 772 66
293 898 66
293 892 66
293 886 66
293 880 66
293 874 66
293 868 66
293 862 66
293 856 66
293 850 66
293 844 66
293 838 66
293 832 66
293 826 66
293 820 66
293 814 66
299 814 66
299 820 66
299 826 66
299 832 66
299 838 66
299 844 66
299 850 66
299 856 67
299 862 67
299 868 67
299 874 67
299 880 67
299 886 67
299 892 67
299 898 67
305 898 67
305 892 67
305 886 67
305 880 67
305 874 67
305 868 67
305 862 67
305 856 67
305 850 67
305 844 67
305 838 67
305 832 67
305 826 67
305 820 67
305 814 67
311 814 67
311 820 67
311 826 67
311 832 67
311 838 67
311 844 67
311 850 67
311 856 67
311 862 67
311 868 67
311 874 67
311 880 67
311 886 67
311 892 67
311 898 67
317 898 67
317 892 67
317 886 68
317 880 68
317 874 68
317 868 68
317 862 68
317 856 68
317 850 68
317 844 68
317 838 68
317 832 68
317 826 68
317 820 68
317 814 68
323 814 68
323 820 68
323 826 68
323 832 68
323 838 68
323 844 68
323 850 68
323 856 68
323 862 68
323 868 68
323 874 68
323 880 68
323 886 68
323 892 68
323 898 68
329 898 68
329 892 68
329 886 68
329 880 68
329 874 68
329 868 68
329 862 68
329 856 68
329 850 68
329 844 68
329 838 68
329 832 68
329 826 69
329 820 69
329 814 69
335 814 69
335 820 69
335 826 69
335 832 69
335 838 69
335 844 69
335 850 69
335 856 69
335 862 69
335 868 69
335 874 69
335 880 69
335 886 69
335 892 69
335 898 69
341 898 69
341 892 69
341 886 69
341 880 69
341 874 69
341 868 69
341 862 69
341 856 69
341 850 69
341 844 69
341 838 69
341 832 69
341 826 69
341 820 69
341 814 69
347 814 69
347 820 69
347 826 69
347 832 69
347 838 69
347 844 69
347 850 69
347 856 70
347 862 70
347 868 70
347 874 70
347 880 70
347 886 70
347 892 70
347 898 70
353 898 70
353 892 70
353 886 70
353 880 70
353 874 70
353 868 70
353 862 70
353 856 70
353 850 70
353 844 70
353 838 70
353 832 70
353 826 70
353 820 70
353 814 70
359 814 70
359 820 70
359 826 70
359 832 70
359 838 70
359 844 70
359 850 70
359 856 70
359 862 70
359 868 70
359 874 70
359 880 70
359 886 70
359 892 70
359 898 70
365 898 70
365 892 70
365 886 71
365 880 71
365 874 71
365 868 71
365 862 71
365 856 71
365 850 71
365 844 71
365 838 71
365 832 71
365 826 71
365 820 71
365 814 71
371 814 71
371 820 71
371 826 71
371 832 71
371 838 71
371 844 71
371 850 71
371 856 71
371 862 71
371 868 71
371 874 71
371 880 71
371 886 71
371 892 71
371 898 71
377 898 71
377 892 71
377 886 71
377 880 71
377 874 71
377 868 71
377 862 71
377 856 71
377 850 71
377 844 71
377 838 71
377 832 71
377 826 72
377 820 72
377 814 72
383 814 72
383 820 72
383 826 72
383 832 72
383 838 72
383 844 72
383 850 72
383 856 72
383 862 72
383 868 72
383 874 72
383 880 72
383 886 72
383 892 72
383 898 72
389 898 72
389 892 72
389 886 72
389 880 72
389 874 72
389 868 72
389 862 72
389 856 72
389 850 72
389 844 72
389 838 72
389 832 72
389 826 72
389 820 72
389 814 72
395 814 72
395 820 72
395 826 72
395 832 72
395 838 72
395 844 72
395 850 72
395 856 73
395 862 73
395 868 73
395 874 73
395 880 73
395 886 73
395 892 73
395 898 73
401 898 73
401 892 73
401 886 73
401 880 73
401 874 73
401 868 73
401 862 73
401 856 73
401 850 73
401 844 73
401 838 73
401 832 73
401 826 73
401 820 73
401 814 73
407 814 73
407 820 73
407 826 73
407 832 73
407 838 73
407 844 73
407 850 73
407 856 73
407 862 73
407 868 73
407 874 73
407 880 73
407 886 73
407 892 73
407 898 73
413 898 73
413 892 73
413 886 74
413 880 74
413 874 74
413 868 74
413 862 74
413 856 74
413 850 74
413 844 74
413 838 74
413 832 74
413 826 74
413 820 74
413 814 74
419 814 74
419 820 74
419 826 74
419 832 74
419 838 74
419 844 74
419 850 74
419 856 74
419 862 74
419 868 74
419 874 74
419 880 74
419 886 74
419 892 74
419 898 74
425 898 74
425 892 74
425 886 74
425 880 74
425 874 74
425 868 74
425 862 74
425 856 74
425 850 74
425 844 74
425 838 74
425 832 74
425 826 75
425 820 75
425 814 75
431 814 75
431 820 75
431 826 75
431 832 75
431 838 75
431 844 75
431 850 75
431 856 75
431 862 75
431 868 75
431 874 75
431 880 75
431 886 75
431 892 75
431 898 75
437 898 75
437 892 75
437 886 75
437 880 75
437 874 75
437 868 75
437 862 75
437 856 75
437 850 75
437 844 75
437 838 75
437 832 75
437 826 75
437 820 75
437 814 75
443 814 75
443 820 75
443 826 75
443 832 75
443 838 75
443 844 75
443 850 75
443 856 76
443 862 76
443 868 76
443 874 76
443 880 76
443 886 76
443 892 76
443 898 76
449 898 76
449 892 76
449 886 76
449 880 76
449 874 76
449 868 76
449 862 76
449 856 76
449 850 76
449 844 76
449 838 76
449 832 76
449 826 76
449 820 76
449 814 76
455 814 76
455 820 76
455 826 76
455 832 76
455 838 76
455 844 76
455 850 76
455 856 76
455 862 76
455 868 76
455 874 76
455 880 76
455 886 76
455 892 76
455 898 76
461 1024 76
461 1018 76
461 1012 77
461 1006 77
461 1000 77
461 994 77
461 988 77
461 982 77
461 976 77
461 970 77
461 964 77
461 958 77
461 952 77
461 946 77
461 940 77
461 934 77
461 928 77
461 922 77
461 916 77
461 910 77
461 904 77
461 898 77
461 892 77
461 886 77
461 880 77
461 874 77
461 868 77
461 862 77
461 856 77
461 850 77
461 844 77
461 838 77
461 832 77
461 826 77
461 820 77
461 814 77
467 814 77
467 820 77
467 826 77
467 832 77
467 838 77
467 844 77
467 850 78
467 856 78
467 862 78
467 868 78
467 874 78
467 880 78
467 886 78
467 892 78
467 898 78
467 904 78
467 910 78
467 916 78
467 922 78
467 928 78
467 934 78
467 940 78
467 946 78
467 952 78
467 958 78
467 964 78
467 970 78
467 976 78
467 982 78
467 988 78
467 994 78
467 1000 78
467 1006 78
467 1012 78
467 1018 78
467 1024 78
473 1024 78
473 1018 78
473 1012 78
473 1006 78
473 1000 78
473 994 78
473 988 78
473 982 78
473 976 78
473 970 78
473 964 79
473 958 79
473 952 79
473 946 79
473 940 79
473 934 79
473 928 79
473 922 79
473 916 79
473 910 79
473 904 79
473 898 79
473 892 79
473 886 79
473 880 79
473 874 79
473 868 79
473 862 79
473 856 79
473 850 79
473 844 79
473 838 79
473 832 79
473 826 79
473 820 79
473 814 79
479 814 79
479 820 79
479 826 79
479 832 79
479 838 79
479 844 79
479 850 79
479 856 79
479 862 79
479 868 79
479 874 79
479 880 79
479 886 79
479 892 79
479 898 80
479 904 80
479 910 80
479 916 80
479 922 80
479 928 80
479 934 80
479 940 80
479 946 80
479 952 80
479 958 80
479 964 80
479 970 80
479 976 80
479 982 80
479 988 80
479 994 80
479 1000 80
479 1006 80
479 1012 80
479 1018 80
479 1024 80
485 1024 80
485 1018 80
485 1012 80
485 1006 80
485 1000 80
485 994 80
485 988 80
485 982 80
485 976 80
485 970 80
485 964 80
485 958 80
485 952 80
485 946 80
485 940 80
485 934 80
485 928 80
485 922 80
485 916 81
485 910 81
485 904 81
485 898 81
485 892 81
485 886 81
485 880 81
485 874 81
485 868 81
485 862 81
485 856 81
485 850 81
485 844 81
485 838 81
485 832 81
485 826 81
485 820 81
485 814 81
491 814 81
491 820 81
491 826 81
491 832 81
491 838 81
491 844 81
491 850 81
491 856 81
491 862 81
491 868 81
491 874 81
491 880 81
491 886 81
491 892 81
491 898 81
491 904 81
491 910 81
491 916 81
491 922 81
491 928 81
491 934 81
491 940 81
491 946 82
491 952 82
491 958 82
491 964 82
491 970 82
491 976 82
491 982 82
491 988 82
491 994 82
491 1000 82
491 1006 82
491 1012 82
491 1018 82
491 1024 82
497 1024 82
497 1018 82
497 1012 82
497 1006 82
497 1000 82
497 994 82
497 988 82
497 982 82
497 976 82
497 970 82
497 964 82
497 958 82
497 952 82
497 946 82
497 940 82
497 934 82
497 928 82
497 922 82
497 916 82
497 910 82
497 904 82
497 898 82
497 892 82
497 886 82
497 880 82
497 874 82
497 868 83
497 862 83
497 856 83
497 850 83
497 844 83
497 838 83
497 832 83
497 826 83
497 820 83
497 814 83
503 814 83
503 820 83
503 826 83
503 832 83
503 838 83
503 844 83
503 850 83
503 856 83
503 862 83
503 868 83
503 874 83
503 880 83
503 886 83
503 892 83
503 898 83
503 904 83
503 910 83
503 916 83
503 922 83
503 928 83
503 934 83
503 940 83
503 946 83
503 952 83
503 958 83
503 964 83
503 970 83
503 976 83
503 982 83
503 988 83
503 994 84
503 1000 84
503 1006 84
503 1012 84
503 1018 84
503 1024 84
509 1024 84
509 1018 84
509 1012 84
509 1006 84
509 1000 84
509 994 84
509 988 84
509 982 84
509 976 84
509 970 84
509 964 84
509 958 84
509 952 84
509 946 84
509 940 84
509 934 84
509 928 84
509 922 84
509 916 84
509 910 84
509 904 84
509 898 84
509 892 84
509 886 84
509 880 84
509 874 84
509 868 84
509 862 84
509 856 84
509 850 84
509 844 84
509 838 84
509 832 84
509 826 84
509 820 85
509 814 85
515 814 85
515 820 85
515 826 85
515 832 85
515 838 85
515 844 85
515 850 85
515 856 85
515 862 85
515 868 85
515 874 85
515 880 85
515 886 85
515 892 85
515 898 85
515 904 85
515 910 85
515 916 85
515 922 85
515 928 85
515 934 85
515 940 85
515 946 85
515 952 85
515 958 85
515 964 85
515 970 85
515 976 85
515 982 85
515 988 85
515 994 85
515 1000 85
515 1006 85
515 1012 85
515 1018 85
515 1024 85
521 1024 85
521 1018 85
521 1012 86
521 1006 86
521 1000 86
521 994 86
521 988 86
521 982 86
521 976 86
521 970 86
521 964 86
521 958 86
521 952 86
521 946 86
521 940 86
521 934 86
521 928 86
521 922 86
521 916 86
521 910 86
521 904 86
521 898 86
521 892 86
521 886 86
521 880 86
521 874 86
521 868 86
521 862 86
521 856 86
521 850 86
521 844 86
521 838 86
521 832 86
521 826 86
521 820 86
521 814 86
527 814 86
527 820 86
527 826 86
527 832 86
527 838 86
527 844 86
527 850 87
527 856 87
527 862 87
527 868 87
527 874 87
527 880 87
527 886 87
527 892 87
527 898 87
527 904 87
527 910 87
527 916 87
527 922 87
527 928 87
527 934 87
527 940 87
527 946 87
527 952 87
527 958 87
527 964 87
527 970 87
527 976 87
527 982 87
527 988 87
527 994 87
527 1000 87
527 1006 87
527 1012 87
527 1018 87
527 1024 87
533 1024 87
533 1018 87
533 1012 87
533 1006 87
533 1000 87
533 994 87
533 988 87
533 982 87
533 976 87
533 970 87
533 964 88
533 958 88
533 952 88
533 946 88
533 940 88
533 934 88
533 928 88
533 922 88
533 916 88
533 910 88
533 904 88
533 898 88
533 892 88
533 886 88
533 880 88
533 874 88
533 868 88
533 862 88
533 856 88
533 850 88
533 844 88
533 838 88
533 832 88
533 826 88
533 820 88
533 814 88
539 814 88
539 820 88
539 826 88
539 832 88
539 838 88
539 844 88
539 850 88
539 856 88
539 862 88
539 868 88
539 874 88
539 880 88
539 886 88
539 892 88
539 898 89
539 904 89
539 910 89
539 916 89
539 922 89
539 928 89
539 934 89
539 940 89
539 946 89
539 952 89
539 958 89
539 964 89
539 970 89
539 976 89
539 982 89
539 988 89
539 994 89
539 1000 89
539 1006 89
539 1012 89
539 1018 89
539 1024 89
545 1024 89
545 1018 89
545 1012 89
545 1006 89
545 1000 89
545 994 89
545 988 89
545 982 89
545 976 89
545 970 89
545 964 89
545 958 89
545 952 89
545 946 89
545 940 89
545 934 89
545 928 89
545 922 89
545 916 90
545 910 90
545 904 90
545 898 90
545 892 90
545 886 90
545 880 90
545 874 90
545 868 90
545 862 90
545 856 90
545 850 90
545 844 90
545 838 90
545 832 90
545 826 90
545 820 90
545 814 90
551 814 90
551 820 90
551 826 90
551 832 90
551 838 90
551 844 90
551 850 90
551 856 90
551 862 90
551 868 90
551 874 90
551 880 90
551 886 90
551 892 90
551 898 90
551 904 90
551 910 90
551 916 90
551 922 90
551 928 90
551 934 90
551 940 90
551 946 91
551 952 91
551 958 91
551 964 91
551 970 91
551 976 91
551 982 91
551 988 91
551 994 91
551 1000 91
551 1006 91
551 1012 91
551 1018 91
551 1024 91
557 1024 91
557 1018 91
557 1012 91
557 1006 91
557 1000 91
557 994 91
557 988 91
557 982 91
557 976 91
557 970 91
557 964 91
557 958 91
557 952 91
557 946 91
557 940 91
557 934 91
557 928 91
557 922 91
557 916 91
557 910 91
557 904 91
557 898 91
557 892 91
557 886 91
557 880 91
557 874 91
557 868 92
557 862 92
557 856 92
557 850 92
557 844 92
557 838 92
557 832 92
557 826 92
557 820 92
557 814 92
563 814 92
563 820 92
563 826 92
563 832 92
563 838 92
563 844 92
563 850 92
563 856 92
563 862 92
563 868 92
563 874 92
563 880 92
563 886 92
563 892 92
563 898 92
563 904 92
563 910 92
563 916 92
563 922 92
563 928 92
563 934 92
563 940 92
563 946 92
563 952 92
563 958 92
563 964 92
563 970 92
563 976 92
563 982 92
563 988 92
563 994 93
563 1000 93
563 1006 93
563 1012 93
563 1018 93
563 1024 93
569 1024 93
569 1018 93
569 1012 93
569 1006 93
569 1000 93
569 994 93
569 988 93
569 982 93
569 976 93
569 970 93
569 964 93
569 958 93
569 952 93
569 946 93
569 940 93
569 934 93
569 928 93
569 922 93
569 916 93
569 910 93
569 904 93
569 898 93
569 892 93
569 886 93
569 880 93
569 874 93
569 868 93
569 862 93
569 856 93
569 850 93
569 844 93
569 838 93
569 832 93
569 826 93
569 820 94
569 814 94
575 814 94
575 820 94
575 826 94
575 832 94
575 838 94
575 844 94
575 850 94
575 856 94
575 862 94
575 868 94
575 874 94
575 880 94
575 886 94
575 892 94
575 898 94
575 904 94
575 910 94
575 916 94
575 922 94
575 928 94
575 934 94
575 940 94
575 946 94
575 952 94
575 958 94
575 964 94
575 970 94
575 976 94
575 982 94
575 988 94
575 994 94
575 1000 94
575 1006 94
575 1012 94
575 1018 94
575 1024 94
581 1024 94
581 1018 94
581 1012 95
581 1006 95
581 1000 95
581 994 95
581 988 95
581 982 95
581 976 95
581 970 95
581 964 95
581 958 95
581 952 95
581 946 95
581 940 95
581 934 95
581 928 95
581 922 95
581 916 95
581 910 95
581 904 95
581 898 95
581 892 95
581 886 95
581 880 95
581 874 95
581 868 95
581 862 95
581 856 95
581 850 95
581 844 95
581 838 95
581 832 95
581 826 95
581 820 95
581 814 95
587 814 95
587 820 95
587 826 95
587 832 95
587 838 95
587 844 95
587 850 96
587 856 96
587 862 96
587 868 96
587 874 96
587 880 96
587 886 96
587 892 96
587 898 96
587 904 96
587 910 96
587 916 96
587 922 96
587 928 96
587 934 96
587 940 96
587 946 96
587 952 96
587 958 96
587 964 96
587 970 96
587 976 96
587 982 96
587 988 96
587 994 96
587 1000 96
587 1006 96
587 1012 96
587 1018 96
587 1024 96
593 1024 96
593 1018 96
593 1012 96
593 1006 96
593 1000 96
593 994 96
593 988 96
593 982 96
593 976 96
593 970 96
593 964 97
593 958 97
593 952 97
593 946 97
593 940 97
593 934 97
593 928 97
593 922 97
593 916 97
593 910 97
593 904 97
593 898 97
593 892 97
593 886 97
593 880 97
593 874 97
593 868 97
593 862 97
593 856 97
593 850 97
593 844 97
593 838 97
593 832 97
593 826 97
593 820 97
593 814 97
599 814 97
599 820 97
599 826 97
599 832 97
599 838 97
599 844 97
599 850 97
599 856 97
599 862 97
599 868 97
599 874 97
599 880 97
599 886 97
599 892 97
599 898 98
599 904 98
599 910 98
599 916 98
599 922 98
599 928 98
599 934 98
599 940 98
599 946 98
599 952 98
599 958 98
599 964 98
599 970 98
599 976 98
599 982 98
599 988 98
599 994 98
599 1000 98
599 1006 98
599 1012 98
599 1018 98
599 1024 98
605 1024 98
605 1018 98
605 1012 98
605 1006 98
605 1000 98
605 994 98
605 988 98
605 982 98
605 976 98
605 970 98
605 964 98
605 958 98
605 952 98
605 946 98
605 940 98
605 934 98
605 928 98
605 922 98
605 916 99
605 910 99
605 904 99
605 898 99
605 892 99
605 886 99
605 880 99
605 874 99
605 868 99
605 862 99
605 856 99
605 850 99
605 844 99
605 838 99
605 832 99
605 826 99
605 820 99
605 814 99
611 814 99
611 820 99
611 826 99
611 832 99
611 838 99
611 844 99
611 850 99
611 856 99
611 862 99
611 868 99
611 874 99
611 880 99
611 886 99
611 892 99
611 898 99
611 904 99
611 910 99
611 916 99
611 922 99
611 928 99
611 934 99
611 940 99
611 946 100
611 952 100
611 958 100
611 964 100
611 970 100
611 976 100
611 982 100
611 988 100
611 994 100
611 1000 100
611 1006 100
611 1012 100
611 1018 100
611 1024 100
617 1024 100
617 1018 100
617 1012 100
617 1006 100
617 1000 100
617 994 100
617 988 100
617 982 100
617 976 100
617 970 100
617 964 100
617 958 100
617 952 100
617 946 100
617 940 100
617 934 100
617 928 100
617 922 100
617 916 100
617 910 100
617 904 100
617 898 100
617 892 100
617 886 100
617 880 100
617 874 100
617 868 101
617 862 101
617 856 101
617 850 101
617 844 101
617 838 101
617 832 101
617 826 101
617 820 101
617 814 101
623 814 101
623 820 101
623 826 101
623 832 101
623 838 101
623 844 101
623 850 101
623 856 101
623 862 101
623 868 101
623 874 101
623 880 101
623 886 101
623 892 101
623 898 101
623 904 101
623 910 101
623 916 101
623 922 101
623 928 101
623 934 101
623 940 101
623 946 101
623 952 101
623 958 101
623 964 101
623 970 101
623 976 101
623 982 101
623 988 101
623 994 102
623 1000 102
623 1006 102
623 1012 102
623 1018 102
623 1024 102
629 1024 102
629 1018 102
629 1012 102
629 1006 102
629 1000 102
629 994 102
629 988 102
629 982 102
629 976 102
629 970 102
629 964 102
629 958 102
629 952 102
629 946 102
629 940 102
629 934 102
629 928 102
629 922 102
629 916 102
629 910 102
629 904 102
629 898 102
629 892 102
629 886 102
629 880 102
629 874 102
629 868 102
629 862 102
629 856 102
629 850 102
629 844 102
629 838 102
629 832 102
629 826 102
629 820 103
629 814 103
635 814 103
635 820 103
635 826 103
635 832 103
635 838 103
635 844 103
635 850 103
635 856 103
635 862 103
635 868 103
635 874 103
635 880 103
635 886 103
635 892 103
635 898 103
635 904 103
635 910 103
635 916 103
635 922 103
635 928 103
635 934 103
635 940 103
635 946 103
635 952 103
635 958 103
635 964 103
635 970 103
635 976 103
635 982 103
635 988 103
635 994 103
635 1000 103
635 1006 103
635 1012 103
635 1018 103
635 1024 103
641 814 103
641 820 103
641 826 104
641 832 104
641 838 104
641 844 104
641 850 104
641 856 104
641 862 104
641 868 104
641 874 104
641 880 104
641 886 104
641 892 104
641 898 104
641 904 104
641 910 104
641 916 104
641 922 104
641 928 104
641 934 104
641 940 104
641 946 104
641 952 104
641 958 104
641 964 104
641 970 104
641 976 104
641 982 104
641 988 104
641 994 104
641 1000 104
641 1006 104
641 1012 104
641 1018 104
641 1024 104
