641 586 0
641 592 0
641 598 0
641 604 0
641 610 0
641 616 0
641 622 0
641 628 0
641 634 0
641 640 0
641 646 0
641 652 0
641 658 0
641 664 0
641 670 0
641 676 0
641 682 0
641 688 0
641 694 0
641 700 0
641 706 0
641 712 0
641 718 0
641 724 0
641 730 0
635 730 0
635 724 0
635 718 0
635 712 0
635 706 0
635 700 0
635 694 0
635 688 0
635 682 0
635 676 0
635 670 0
635 664 0
635 658 0
635 652 0
635 646 0
635 640 1
635 634 1
635 628 1
635 622 1
635 616 1
635 610 1
635 604 1
635 598 1
635 592 1
635 586 1
629 586 1
629 592 1
629 598 1
629 604 1
629 610 1
629 616 1
629 622 1
629 628 1
629 634 1
629 640 1
629 646 1
629 652 1
629 658 1
629 664 1
629 670 1
629 676 1
629 682 1
629 688 1
629 694 1
629 700 1
629 706 1
629 712 1
629 718 1
629 724 1
629 730 1
623 730 1
623 724 1
623 718 1
623 712 1
623 706 1
623 700 2
623 694 2
623 688 2
623 682 2
623 676 2
623 670 2
623 664 2
623 658 2
623 652 2
623 646 2
623 640 2
623 634 2
623 628 2
623 622 2
623 616 2
623 610 2
623 604 2
623 598 2
623 592 2
623 586 2
617 586 2
617 592 2
617 598 2
617 604 2
617 610 2
617 616 2
617 622 2
617 628 2
617 634 2
617 640 2
617 646 2
617 652 2
617 658 2
617 664 2
617 670 2
617 676 2
617 682 2
617 688 2
617 694 2
617 700 2
617 706 3
617 712 3
617 718 3
617 724 3
617 730 3
611 730 3
611 724 3
611 718 3
611 712 3
611 706 3
611 700 3
611 694 3
611 688 3
611 682 3
611 676 3
611 670 3
611 664 3
611 658 3
611 652 3
611 646 3
611 640 3
611 634 3
611 628 3
611 622 3
611 616 3
611 610 3
611 604 3
611 598 3
611 592 3
611 586 3
605 586 3
605 592 3
605 598 3
605 604 3
605 610 3
605 616 3
605 622 3
605 628 3
605 634 3
605 640 3
605 646 4
605 652 4
605 658 4
605 664 4
605 670 4
605 676 4
605 682 4
605 688 4
605 694 4
605 700 4
605 706 4
605 712 4
605 718 4
605 724 4
605 730 4
599 730 4
599 724 4
599 718 4
599 712 4
599 706 4
599 700 4
599 694 4
599 688 4
599 682 4
599 676 4
599 670 4
599 664 4
599 658 4
599 652 4
599 646 4
599 640 4
599 634 4
599 628 4
599 622 4
599 616 4
599 610 4
599 604 4
599 598 4
599 592 4
599 586 4
593 586 5
593 592 5
593 598 5
593 604 5
593 610 5
593 616 5
593 622 5
593 628 5
593 634 5
593 640 5
593 646 5
593 652 5
593 658 5
593 664 5
593 670 5
593 676 5
593 682 5
593 688 5
593 694 5
593 700 5
593 706 5
593 712 5
593 718 5
593 724 5
593 730 5
587 730 5
587 724 5
587 718 5
587 712 5
587 706 5
587 700 5
587 694 5
587 688 5
587 682 5
587 676 5
587 670 5
587 664 5
587 658 5
587 652 5
587 646 5
587 640 6
587 634 6
587 628 6
587 622 6
587 616 6
587 610 6
587 604 6
587 598 6
587 592 6
587 586 6
581 586 6
581 592 6
581 598 6
581 604 6
581 610 6
581 616 6
581 622 6
581 628 6
581 634 6
581 640 6
581 646 6
581 652 6
581 658 6
581 664 6
581 670 6
581 676 6
581 682 6
581 688 6
581 694 6
581 700 6
581 706 6
581 712 6
581 718 6
581 724 6
581 730 6
575 730 6
575 724 6
575 718 6
575 712 6
575 706 6
575 700 7
575 694 7
575 688 7
575 682 7
575 676 7
575 670 7
575 664 7
575 658 7
575 652 7
575 646 7
575 640 7
575 634 7
575 628 7
575 622 7
575 616 7
575 610 7
575 604 7
575 598 7
575 592 7
575 586 7
569 586 7
569 592 7
569 598 7
569 604 7
569 610 7
569 616 7
569 622 7
569 628 7
569 634 7
569 640 7
569 646 7
569 652 7
569 658 7
569 664 7
569 670 7
569 676 7
569 682 7
569 688 7
569 694 7
569 700 7
569 706 8
569 712 8
569 718 8
569 724 8
569 730 8
563 730 8
563 724 8
563 718 8
563 712 8
563 706 8
563 700 8
563 694 8
563 688 8
563 682 8
563 676 8
563 670 8
563 664 8
563 658 8
563 652 8
563 646 8
563 640 8
563 634 8
563 628 8
563 622 8
563 616 8
563 610 8
563 604 8
563 598 8
563 592 8
563 586 8
557 586 8
557 592 8
557 598 8
557 604 8
557 610 8
557 616 8
557 622 8
557 628 8
557 634 8
557 640 8
557 646 9
557 652 9
557 658 9
557 664 9
557 670 9
557 676 9
557 682 9
557 688 9
557 694 9
557 700 9
557 706 9
557 712 9
557 718 9
557 724 9
557 730 9
551 730 9
551 724 9
551 718 9
551 712 9
551 706 9
551 700 9
551 694 9
551 688 9
551 682 9
551 676 9
551 670 9
551 664 9
551 658 9
551 652 9
551 646 9
551 640 9
551 634 9
551 628 9
551 622 9
551 616 9
551 610 9
551 604 9
551 598 9
551 592 9
551 586 9
545 586 10
545 592 10
545 598 10
545 604 10
545 610 10
545 616 10
545 622 10
545 628 10
545 634 10
545 640 10
545 646 10
545 652 10
545 658 10
545 664 10
545 670 10
545 676 10
545 682 10
545 688 10
545 694 10
545 700 10
545 706 10
545 712 10
545 718 10
545 724 10
545 730 10
539 730 10
539 724 10
539 718 10
539 712 10
539 706 10
539 700 10
539 694 10
539 688 10
539 682 10
539 676 10
539 670 10
539 664 10
539 658 10
539 652 10
539 646 10
539 640 11
539 634 11
539 628 11
539 622 11
539 616 11
539 610 11
539 604 11
539 598 11
539 592 11
539 586 11
533 586 11
533 592 11
533 598 11
533 604 11
533 610 11
533 616 11
533 622 11
533 628 11
533 634 11
533 640 11
533 646 11
533 652 11
533 658 11
533 664 11
533 670 11
533 676 11
533 682 11
533 688 11
533 694 11
533 700 11
533 706 11
533 712 11
533 718 11
533 724 11
533 730 11
527 730 11
527 724 11
527 718 11
527 712 11
527 706 11
527 700 12
527 694 12
527 688 12
527 682 12
527 676 12
527 670 12
527 664 12
527 658 12
527 652 12
527 646 12
527 640 12
527 634 12
527 628 12
527 622 12
527 616 12
527 610 12
527 604 12
527 598 12
527 592 12
527 586 12
521 586 12
521 592 12
521 598 12
521 604 12
521 610 12
521 616 12
521 622 12
521 628 12
521 634 12
521 640 12
521 646 12
521 652 12
521 658 12
521 664 12
521 670 12
521 676 12
521 682 12
521 688 12
521 694 12
521 700 12
521 706 13
521 712 13
521 718 13
521 724 13
521 730 13
515 730 13
515 724 13
515 718 13
515 712 13
515 706 13
515 700 13
515 694 13
515 688 13
515 682 13
515 676 13
515 670 13
515 664 13
515 658 13
515 652 13
515 646 13
515 640 13
515 634 13
515 628 13
515 622 13
515 616 13
515 610 13
515 604 13
515 598 13
515 592 13
515 586 13
509 586 13
509 592 13
509 598 13
509 604 13
509 610 13
509 616 13
509 622 13
509 628 13
509 634 13
509 640 13
509 646 14
509 652 14
509 658 14
509 664 14
509 670 14
509 676 14
509 682 14
509 688 14
509 694 14
509 700 14
509 706 14
509 712 14
509 718 14
509 724 14
509 730 14
503 730 14
503 724 14
503 718 14
503 712 14
503 706 14
503 700 14
503 694 14
503 688 14
503 682 14
503 676 14
503 670 14
503 664 14
503 658 14
503 652 14
503 646 14
503 640 14
503 634 14
503 628 14
503 622 14
503 616 14
503 610 14
503 604 14
503 598 14
503 592 14
503 586 14
497 586 15
497 592 15
497 598 15
497 604 15
497 610 15
497 616 15
497 622 15
497 628 15
497 634 15
497 640 15
497 646 15
497 652 15
497 658 15
497 664 15
497 670 15
497 676 15
497 682 15
497 688 15
497 694 15
497 700 15
497 706 15
497 712 15
497 718 15
497 724 15
497 730 15
491 730 15
491 724 15
491 718 15
491 712 15
491 706 15
491 700 15
491 694 15
491 688 15
491 682 15
491 676 15
491 670 15
491 664 15
491 658 15
491 652 15
491 646 15
491 640 16
491 634 16
491 628 16
491 622 16
491 616 16
491 610 16
491 604 16
491 598 16
491 592 16
491 586 16
485 586 16
485 592 16
485 598 16
485 604 16
485 610 16
485 616 16
485 622 16
485 628 16
485 634 16
485 640 16
485 646 16
485 652 16
485 658 16
485 664 16
485 670 16
485 676 16
485 682 16
485 688 16
485 694 16
485 700 16
485 706 16
485 712 16
485 718 16
485 724 16
485 730 16
479 730 16
479 724 16
479 718 16
479 712 16
479 706 16
479 700 17
479 694 17
479 688 17
479 682 17
479 676 17
479 670 17
479 664 17
479 658 17
479 652 17
479 646 17
479 640 17
479 634 17
479 628 17
479 622 17
479 616 17
479 610 17
479 604 17
479 598 17
479 592 17
479 586 17
473 586 17
473 592 17
473 598 17
473 604 17
473 610 17
473 616 17
473 622 17
473 628 17
473 634 17
473 640 17
473 646 17
473 652 17
473 658 17
473 664 17
473 670 17
473 676 17
473 682 17
473 688 17
473 694 17
473 700 17
473 706 18
473 712 18
473 718 18
473 724 18
473 730 18
467 730 18
467 724 18
467 718 18
467 712 18
467 706 18
467 700 18
467 694 18
467 688 18
467 682 18
467 676 18
467 670 18
467 664 18
467 658 18
467 652 18
467 646 18
467 640 18
467 634 18
467 628 18
467 622 18
467 616 18
467 610 18
467 604 18
467 598 18
467 592 18
467 586 18
461 586 18
461 592 18
461 598 18
461 604 18
461 610 18
461 616 18
461 622 18
461 628 18
461 634 18
461 640 18
461 646 19
461 652 19
461 658 19
461 664 19
461 670 19
461 676 19
461 682 19
461 688 19
461 694 19
461 700 19
461 706 19
461 712 19
461 718 19
461 724 19
461 730 19
455 730 19
455 724 19
455 718 19
455 712 19
455 706 19
455 700 19
455 694 19
455 688 19
455 682 19
455 676 19
455 670 19
455 664 19
455 658 19
455 652 19
455 646 19
455 640 19
455 634 19
455 628 19
455 622 19
455 616 19
455 610 19
455 604 19
455 598 19
455 592 19
455 586 19
449 586 20
449 592 20
449 598 20
449 604 20
449 610 20
449 616 20
449 622 20
449 628 20
449 634 20
449 640 20
449 646 20
449 652 20
449 658 20
449 664 20
449 670 20
449 676 20
449 682 20
449 688 20
449 694 20
449 700 20
449 706 20
449 712 20
449 718 20
449 724 20
449 730 20
443 730 20
443 724 20
443 718 20
443 712 20
443 706 20
443 700 20
443 694 20
443 688 20
443 682 20
443 676 20
443 670 20
443 664 20
443 658 20
443 652 20
443 646 20
443 640 21
443 634 21
443 628 21
443 622 21
443 616 21
443 610 21
443 604 21
443 598 21
443 592 21
443 586 21
437 586 21
437 592 21
437 598 21
437 604 21
437 610 21
437 616 21
437 622 21
437 628 21
437 634 21
437 640 21
437 646 21
437 652 21
437 658 21
437 664 21
437 670 21
437 676 21
437 682 21
437 688 21
437 694 21
437 700 21
437 706 21
437 712 21
437 718 21
437 724 21
437 730 21
431 730 21
431 724 21
431 718 21
431 712 21
431 706 21
431 700 22
431 694 22
431 688 22
431 682 22
431 676 22
431 670 22
431 664 22
431 658 22
431 652 22
431 646 22
431 640 22
431 634 22
431 628 22
431 622 22
431 616 22
431 610 22
431 604 22
431 598 22
431 592 22
431 586 22
425 586 22
425 592 22
425 598 22
425 604 22
425 610 22
425 616 22
425 622 22
425 628 22
425 634 22
425 640 22
425 646 22
425 652 22
425 658 22
425 664 22
425 670 22
425 676 22
425 682 22
425 688 22
425 694 22
425 700 22
425 706 23
425 712 23
425 718 23
425 724 23
425 730 23
419 730 23
419 724 23
419 718 23
419 712 23
419 706 23
419 700 23
419 694 23
419 688 23
419 682 23
419 676 23
419 670 23
419 664 23
419 658 23
419 652 23
419 646 23
419 640 23
419 634 23
419 628 23
419 622 23
419 616 23
419 610 23
419 604 23
419 598 23
419 592 23
419 586 23
413 586 23
413 592 23
413 598 23
413 604 23
413 610 23
413 616 23
413 622 23
413 628 23
413 634 23
413 640 23
413 646 24
413 652 24
413 658 24
413 664 24
413 670 24
413 676 24
413 682 24
413 688 24
413 694 24
413 700 24
413 706 24
413 712 24
413 718 24
413 724 24
413 730 24
407 730 24
407 724 24
407 718 24
407 712 24
407 706 24
407 700 24
407 694 24
407 688 24
407 682 24
407 676 24
407 670 24
407 664 24
407 658 24
407 652 24
407 646 24
407 640 24
407 634 24
407 628 24
407 622 24
407 616 24
407 610 24
407 604 24
407 598 24
407 592 24
407 586 24
401 586 25
401 592 25
401 598 25
401 604 25
401 610 25
401 616 25
401 622 25
401 628 25
401 634 25
401 640 25
401 646 25
401 652 25
401 658 25
401 664 25
401 670 25
401 676 25
401 682 25
401 688 25
401 694 25
401 700 25
401 706 25
401 712 25
401 718 25
401 724 25
401 730 25
395 730 25
395 724 25
395 718 25
395 712 25
395 706 25
395 700 25
395 694 25
395 688 25
395 682 25
395 676 25
395 670 25
395 664 25
395 658 25
395 652 25
395 646 25
395 640 26
395 634 26
395 628 26
395 622 26
395 616 26
395 610 26
395 604 26
395 598 26
395 592 26
395 586 26
389 586 26
389 592 26
389 598 26
389 604 26
389 610 26
389 616 26
389 622 26
389 628 26
389 634 26
389 640 26
389 646 26
389 652 26
389 658 26
389 664 26
389 670 26
389 676 26
389 682 26
389 688 26
389 694 26
389 700 26
389 706 26
389 712 26
389 718 26
389 724 26
389 730 26
383 730 26
383 724 26
383 718 26
383 712 26
383 706 26
383 700 27
383 694 27
383 688 27
383 682 27
383 676 27
383 670 27
383 664 27
383 658 27
383 652 27
383 646 27
383 640 27
383 634 27
383 628 27
383 622 27
383 616 27
383 610 27
383 604 27
383 598 27
383 592 27
383 586 27
377 586 27
377 592 27
377 598 27
377 604 27
377 610 27
377 616 27
377 622 27
377 628 27
377 634 27
377 640 27
377 646 27
377 652 27
377 658 27
377 664 27
377 670 27
377 676 27
377 682 27
377 688 27
377 694 27
377 700 27
377 706 28
377 712 28
377 718 28
377 724 28
377 730 28
371 730 28
371 724 28
371 718 28
371 712 28
371 706 28
371 700 28
371 694 28
371 688 28
371 682 28
371 676 28
371 670 28
371 664 28
371 658 28
371 652 28
371 646 28
371 640 28
371 634 28
371 628 28
371 622 28
371 616 28
371 610 28
371 604 28
371 598 28
371 592 28
371 586 28
365 586 28
365 592 28
365 598 28
365 604 28
365 610 28
365 616 28
365 622 28
365 628 28
365 634 28
365 640 28
365 646 29
365 652 29
365 658 29
365 664 29
365 670 29
365 676 29
365 682 29
365 688 29
365 694 29
365 700 29
365 706 29
365 712 29
365 718 29
365 724 29
365 730 29
359 730 29
359 724 29
359 718 29
359 712 29
359 706 29
359 700 29
359 694 29
359 688 29
359 682 29
359 676 29
359 670 29
359 664 29
359 658 29
359 652 29
359 646 29
359 640 29
359 634 29
359 628 29
359 622 29
359 616 29
359 610 29
359 604 29
359 598 29
359 592 29
359 586 29
353 586 30
353 592 30
353 598 30
353 604 30
353 610 30
353 616 30
353 622 30
353 628 30
353 634 30
353 640 30
353 646 30
353 652 30
353 658 30
353 664 30
353 670 30
353 676 30
353 682 30
353 688 30
353 694 30
353 700 30
353 706 30
353 712 30
353 718 30
353 724 30
353 730 30
347 730 30
347 724 30
347 718 30
347 712 30
347 706 30
347 700 30
347 694 30
347 688 30
347 682 30
347 676 30
347 670 30
347 664 30
347 658 30
347 652 30
347 646 30
347 640 31
347 634 31
347 628 31
347 622 31
347 616 31
347 610 31
347 604 31
347 598 31
347 592 31
347 586 31
341 586 31
341 592 31
341 598 31
341 604 31
341 610 31
341 616 31
341 622 31
341 628 31
341 634 31
341 640 31
341 646 31
341 652 31
341 658 31
341 664 31
341 670 31
341 676 31
341 682 31
341 688 31
341 694 31
341 700 31
341 706 31
341 712 31
341 718 31
341 724 31
341 730 31
335 730 31
335 724 31
335 718 31
335 712 31
335 706 31
335 700 32
335 694 32
335 688 32
335 682 32
335 676 32
335 670 32
335 664 32
335 658 32
335 652 32
335 646 32
335 640 32
335 634 32
335 628 32
335 622 32
335 616 32
335 610 32
335 604 32
335 598 32
335 592 32
335 586 32
329 586 32
329 592 32
329 598 32
329 604 32
329 610 32
329 616 32
329 622 32
329 628 32
329 634 32
329 640 32
329 646 32
329 652 32
329 658 32
329 664 32
329 670 32
329 676 32
329 682 32
329 688 32
329 694 32
329 700 32
329 706 33
329 712 33
329 718 33
329 724 33
329 730 33
323 730 33
323 724 33
323 718 33
323 712 33
323 706 33
323 700 33
323 694 33
323 688 33
323 682 33
323 676 33
323 670 33
323 664 33
323 658 33
323 652 33
323 646 33
323 640 33
323 634 33
323 628 33
323 622 33
323 616 33
323 610 33
323 604 33
323 598 33
323 592 33
323 586 33
317 586 33
317 592 33
317 598 33
317 604 33
317 610 33
317 616 33
317 622 33
317 628 33
317 634 33
317 640 33
317 646 34
317 652 34
317 658 34
317 664 34
317 670 34
317 676 34
317 682 34
317 688 34
317 694 34
317 700 34
317 706 34
317 712 34
317 718 34
317 724 34
317 730 34
311 730 34
311 724 34
311 718 34
311 712 34
311 706 34
311 700 34
311 694 34
311 688 34
311 682 34
311 676 34
311 670 34
311 664 34
311 658 34
311 652 34
311 646 34
311 640 34
311 634 34
311 628 34
311 622 34
311 616 34
311 610 34
311 604 34
311 598 34
311 592 34
311 586 34
305 586 35
305 592 35
305 598 35
305 604 35
305 610 35
305 616 35
305 622 35
305 628 35
305 634 35
305 640 35
305 646 35
305 652 35
305 658 35
305 664 35
305 670 35
305 676 35
305 682 35
305 688 35
305 694 35
305 700 35
305 706 35
305 712 35
305 718 35
305 724 35
305 730 35
299 730 35
299 724 35
299 718 35
299 712 35
299 706 35
299 700 35
299 694 35
299 688 35
299 682 35
299 676 35
299 670 35
299 664 35
299 658 35
299 652 35
299 646 35
299 640 36
299 634 36
299 628 36
299 622 36
299 616 36
299 610 36
299 604 36
299 598 36
299 592 36
299 586 36
293 586 36
293 592 36
293 598 36
293 604 36
293 610 36
293 616 36
293 622 36
293 628 36
293 634 36
293 640 36
293 646 36
293 652 36
293 658 36
293 664 36
293 670 36
293 676 36
293 682 36
293 688 36
293 694 36
293 700 36
293 706 36
293 712 36
293 718 36
293 724 36
293 730 36
287 730 36
287 724 36
287 718 36
287 712 36
287 706 36
287 700 37
287 694 37
287 688 37
287 682 37
287 676 37
287 670 37
287 664 37
287 658 37
287 652 37
287 646 37
287 640 37
287 634 37
287 628 37
287 622 37
287 616 37
287 610 37
287 604 37
287 598 37
287 592 37
287 586 37
281 586 37
281 592 37
281 598 37
281 604 37
281 610 37
281 616 37
281 622 37
281 628 37
281 634 37
281 640 37
281 646 37
281 652 37
281 658 37
281 664 37
281 670 37
281 676 37
281 682 37
281 688 37
281 694 37
281 700 37
281 706 38
281 712 38
281 718 38
281 724 38
281 730 38
275 730 38
275 724 38
275 718 38
275 712 38
275 706 38
275 700 38
275 694 38
275 688 38
275 682 38
275 676 38
275 670 38
275 664 38
275 658 38
275 652 38
275 646 38
275 640 38
275 634 38
275 628 38
275 622 38
275 616 38
275 610 38
275 604 38
275 598 38
275 592 38
275 586 38
269 586 38
269 592 38
269 598 38
269 604 38
269 610 38
269 616 38
269 622 38
269 628 38
269 634 38
269 640 38
269 646 39
269 652 39
269 658 39
269 664 39
269 670 39
269 676 39
269 682 39
269 688 39
269 694 39
269 700 39
269 706 39
269 712 39
269 718 39
269 724 39
269 730 39
263 730 39
263 724 39
263 718 39
263 712 39
263 706 39
263 700 39
263 694 39
263 688 39
263 682 39
263 676 39
263 670 39
263 664 39
263 658 39
263 652 39
263 646 39
263 640 39
263 634 39
263 628 39
263 622 39
263 616 39
263 610 39
263 604 39
263 598 39
263 592 39
263 586 39
257 586 40
257 592 40
257 598 40
257 604 40
257 610 40
257 616 40
257 622 40
257 628 40
257 634 40
257 640 40
257 646 40
257 652 40
257 658 40
257 664 40
257 670 40
257 676 40
257 682 40
257 688 40
257 694 40
257 700 40
257 706 40
257 712 40
257 718 40
257 724 40
257 730 40
251 730 40
251 724 40
251 718 40
251 712 40
251 706 40
251 700 40
251 694 40
251 688 40
251 682 40
251 676 40
251 670 40
251 664 40
251 658 40
251 652 40
251 646 40
251 640 41
251 634 41
251 628 41
251 622 41
251 616 41
251 610 41
251 604 41
251 598 41
251 592 41
251 586 41
245 586 41
245 592 41
245 598 41
245 604 41
245 610 41
245 616 41
245 622 41
245 628 41
245 634 41
245 640 41
245 646 41
245 652 41
245 658 41
245 664 41
245 670 41
245 676 41
245 682 41
245 688 41
245 694 41
245 700 41
245 706 41
245 712 41
245 718 41
245 724 41
245 730 41
239 730 41
239 724 41
239 718 41
239 712 41
239 706 41
239 700 42
239 694 42
239 688 42
239 682 42
239 676 42
239 670 42
239 664 42
239 658 42
239 652 42
239 646 42
239 640 42
239 634 42
239 628 42
239 622 42
239 616 42
239 610 42
239 604 42
239 598 42
239 592 42
239 586 42
233 586 42
233 592 42
233 598 42
233 604 42
233 610 42
233 616 42
233 622 42
233 628 42
233 634 42
233 640 42
233 646 42
233 652 42
233 658 42
233 664 42
233 670 42
233 676 42
233 682 42
233 688 42
233 694 42
233 700 42
233 706 43
233 712 43
233 718 43
233 724 43
233 730 43
227 730 43
227 724 43
227 718 43
227 712 43
227 706 43
227 700 43
227 694 43
227 688 43
227 682 43
227 676 43
227 670 43
227 664 43
227 658 43
227 652 43
227 646 43
227 640 43
227 634 43
227 628 43
227 622 43
227 616 43
227 610 43
227 604 43
227 598 43
227 592 43
227 586 43
221 586 43
221 592 43
221 598 43
221 604 43
221 610 43
221 616 43
221 622 43
221 628 43
221 634 43
221 640 43
221 646 44
221 652 44
221 658 44
221 664 44
221 670 44
221 676 44
221 682 44
221 688 44
221 694 44
221 700 44
221 706 44
221 712 44
221 718 44
221 724 44
221 730 44
215 586 44
215 592 44
215 598 44
215 604 44
215 610 44
215 616 44
215 622 44
215 628 44
215 634 44
215 640 44
215 646 44
215 652 44
215 658 44
215 664 44
215 670 44
215 676 44
215 682 44
215 688 44
215 694 44
215 700 44
215 706 44
215 712 44
215 718 44
215 724 44
215 730 44
215 736 45
215 742 45
215 748 45
215 754 45
215 760 45
215 766 45
215 772 45
221 772 45
221 766 45
221 760 45
221 754 45
221 748 45
221 742 45
221 736 45
227 736 45
227 742 45
227 748 45
227 754 45
227 760 45
227 766 45
227 772 45
233 772 45
233 766 45
233 760 45
233 754 45
233 748 45
233 742 45
233 736 45
239 736 45
239 742 45
239 748 45
239 754 45
239 760 45
239 766 45
239 772 45
245 772 45
245 766 45
245 760 45
245 754 45
245 748 45
245 742 46
245 736 46
251 736 46
251 742 46
251 748 46
251 754 46
251 760 46
251 766 46
251 772 46
257 772 46
257 766 46
257 760 46
257 754 46
257 748 46
257 742 46
257 736 46
263 736 46
263 742 46
263 748 46
263 754 46
263 760 46
263 766 46
263 772 46
269 772 46
269 766 46
269 760 46
269 754 46
269 748 46
269 742 46
269 736 46
275 736 46
275 742 46
275 748 46
275 754 46
275 760 46
275 766 46
275 772 46
281 772 46
281 766 46
281 760 46
281 754 47
281 748 47
281 742 47
281 736 47
287 736 47
287 742 47
287 748 47
287 754 47
287 760 47
287 766 47
287 772 47
293 880 47
293 874 47
293 868 47
293 862 47
293 856 47
293 850 47
293 844 47
293 838 47
293 832 47
293 826 47
293 820 47
293 814 47
293 808 47
293 802 47
293 796 47
293 790 47
293 784 47
293 778 47
293 772 47
293 766 47
293 760 47
293 754 47
293 748 47
293 742 47
293 736 47
299 736 47
299 742 47
299 748 47
299 754 47
299 760 48
299 766 48
299 772 48
299 778 48
299 784 48
299 790 48
299 796 48
299 802 48
299 808 48
299 814 48
299 820 48
299 826 48
299 832 48
299 838 48
299 844 48
299 850 48
299 856 48
299 862 48
299 868 48
299 874 48
299 880 48
305 880 48
305 874 48
305 868 48
305 862 48
305 856 48
305 850 48
305 844 48
305 838 48
305 832 48
305 826 48
305 820 48
305 814 48
305 808 48
305 802 48
305 796 48
305 790 48
305 784 48
305 778 48
305 772 48
305 766 49
305 760 49
305 754 49
305 748 49
305 742 49
305 736 49
311 736 49
311 742 49
311 748 49
311 754 49
311 760 49
311 766 49
311 772 49
311 778 49
311 784 49
311 790 49
311 796 49
311 802 49
311 808 49
311 814 49
311 820 49
311 826 49
311 832 49
311 838 49
311 844 49
311 850 49
311 856 49
311 862 49
311 868 49
311 874 49
311 880 49
317 880 49
317 874 49
317 868 49
317 862 49
317 856 49
317 850 49
317 844 49
317 838 49
317 832 49
317 826 50
317 820 50
317 814 50
317 808 50
317 802 50
317 796 50
317 790 50
317 784 50
317 778 50
317 772 50
317 766 50
317 760 50
317 754 50
317 748 50
317 742 50
317 736 50
323 736 50
323 742 50
323 748 50
323 754 50
323 760 50
323 766 50
323 772 50
323 778 50
323 784 50
323 790 50
323 796 50
323 802 50
323 808 50
323 814 50
323 820 50
323 826 50
323 832 50
323 838 50
323 844 50
323 850 50
323 856 50
323 862 50
323 868 50
323 874 50
323 880 51
329 880 51
329 874 51
329 868 51
329 862 51
329 856 51
329 850 51
329 844 51
329 838 51
329 832 51
329 826 51
329 820 51
329 814 51
329 808 51
329 802 51
329 796 51
329 790 51
329 784 51
329 778 51
329 772 51
329 766 51
329 760 51
329 754 51
329 748 51
329 742 51
329 736 51
335 736 51
335 742 51
335 748 51
335 754 51
335 760 51
335 766 51
335 772 51
335 778 51
335 784 51
335 790 51
335 796 51
335 802 51
335 808 51
335 814 51
335 820 52
335 826 52
335 832 52
335 838 52
335 844 52
335 850 52
335 856 52
335 862 52
335 868 52
335 874 52
335 880 52
341 880 52
341 874 52
341 868 52
341 862 52
341 856 52
341 850 52
341 844 52
341 838 52
341 832 52
341 826 52
341 820 52
341 814 52
341 808 52
341 802 52
341 796 52
341 790 52
341 784 52
341 778 52
341 772 52
341 766 52
341 760 52
341 754 52
341 748 52
341 742 52
341 736 52
347 736 52
347 742 52
347 748 52
347 754 52
347 760 53
347 766 53
347 772 53
347 778 53
347 784 53
347 790 53
347 796 53
347 802 53
347 808 53
347 814 53
347 820 53
347 826 53
347 832 53
347 838 53
347 844 53
347 850 53
347 856 53
347 862 53
347 868 53
347 874 53
347 880 53
353 880 53
353 874 53
353 868 53
353 862 53
353 856 53
353 850 53
353 844 53
353 838 53
353 832 53
353 826 53
353 820 53
353 814 53
353 808 53
353 802 53
353 796 53
353 790 53
353 784 53
353 778 53
353 772 53
353 766 54
353 760 54
353 754 54
353 748 54
353 742 54
353 736 54
359 736 54
359 742 54
359 748 54
359 754 54
359 760 54
359 766 54
359 772 54
359 778 54
359 784 54
359 790 54
359 796 54
359 802 54
359 808 54
359 814 54
359 820 54
359 826 54
359 832 54
359 838 54
359 844 54
359 850 54
359 856 54
359 862 54
359 868 54
359 874 54
359 880 54
365 880 54
365 874 54
365 868 54
365 862 54
365 856 54
365 850 54
365 844 54
365 838 54
365 832 54
365 826 55
365 820 55
365 814 55
365 808 55
365 802 55
365 796 55
365 790 55
365 784 55
365 778 55
365 772 55
365 766 55
365 760 55
365 754 55
365 748 55
365 742 55
365 736 55
371 736 55
371 742 55
371 748 55
371 754 55
371 760 55
371 766 55
371 772 55
371 778 55
371 784 55
371 790 55
371 796 55
371 802 55
371 808 55
371 814 55
371 820 55
371 826 55
371 832 55
371 838 55
371 844 55
371 850 55
371 856 55
371 862 55
371 868 55
371 874 55
371 880 56
377 880 56
377 874 56
377 868 56
377 862 56
377 856 56
377 850 56
377 844 56
377 838 56
377 832 56
377 826 56
377 820 56
377 814 56
377 808 56
377 802 56
377 796 56
377 790 56
377 784 56
377 778 56
377 772 56
377 766 56
377 760 56
377 754 56
377 748 56
377 742 56
377 736 56
383 736 56
383 742 56
383 748 56
383 754 56
383 760 56
383 766 56
383 772 56
383 778 56
383 784 56
383 790 56
383 796 56
383 802 56
383 808 56
383 814 56
383 820 57
383 826 57
383 832 57
383 838 57
383 844 57
383 850 57
383 856 57
383 862 57
383 868 57
383 874 57
383 880 57
389 880 57
389 874 57
389 868 57
389 862 57
389 856 57
389 850 57
389 844 57
389 838 57
389 832 57
389 826 57
389 820 57
389 814 57
389 808 57
389 802 57
389 796 57
389 790 57
389 784 57
389 778 57
389 772 57
389 766 57
389 760 57
389 754 57
389 748 57
389 742 57
389 736 57
395 736 57
395 742 57
395 748 57
395 754 57
395 760 58
395 766 58
395 772 58
395 778 58
395 784 58
395 790 58
395 796 58
395 802 58
395 808 58
395 814 58
395 820 58
395 826 58
395 832 58
395 838 58
395 844 58
395 850 58
395 856 58
395 862 58
395 868 58
395 874 58
395 880 58
401 880 58
401 874 58
401 868 58
401 862 58
401 856 58
401 850 58
401 844 58
401 838 58
401 832 58
401 826 58
401 820 58
401 814 58
401 808 58
401 802 58
401 796 58
401 790 58
401 784 58
401 778 58
401 772 58
401 766 59
401 760 59
401 754 59
401 748 59
401 742 59
401 736 59
407 736 59
407 742 59
407 748 59
407 754 59
407 760 59
407 766 59
407 772 59
407 778 59
407 784 59
407 790 59
407 796 59
407 802 59
407 808 59
407 814 59
407 820 59
407 826 59
407 832 59
407 838 59
407 844 59
407 850 59
407 856 59
407 862 59
407 868 59
407 874 59
407 880 59
413 880 59
413 874 59
413 868 59
413 862 59
413 856 59
413 850 59
413 844 59
413 838 59
413 832 59
413 826 60
413 820 60
413 814 60
413 808 60
413 802 60
413 796 60
413 790 60
413 784 60
413 778 60
413 772 60
413 766 60
413 760 60
413 754 60
413 748 60
413 742 60
413 736 60
419 736 60
419 742 60
419 748 60
419 754 60
419 760 60
419 766 60
419 772 60
419 778 60
419 784 60
419 790 60
419 796 60
419 802 60
419 808 60
419 814 60
419 820 60
419 826 60
419 832 60
419 838 60
419 844 60
419 850 60
419 856 60
419 862 60
419 868 60
419 874 60
419 880 61
425 880 61
425 874 61
425 868 61
425 862 61
425 856 61
425 850 61
425 844 61
425 838 61
425 832 61
425 826 61
425 820 61
425 814 61
425 808 61
425 802 61
425 796 61
425 790 61
425 784 61
425 778 61
425 772 61
425 766 61
425 760 61
425 754 61
425 748 61
425 742 61
425 736 61
431 736 61
431 742 61
431 748 61
431 754 61
431 760 61
431 766 61
431 772 61
431 778 61
431 784 61
431 790 61
431 796 61
431 802 61
431 808 61
431 814 61
431 820 62
431 826 62
431 832 62
431 838 62
431 844 62
431 850 62
431 856 62
431 862 62
431 868 62
431 874 62
431 880 62
437 880 62
437 874 62
437 868 62
437 862 62
437 856 62
437 850 62
437 844 62
437 838 62
437 832 62
437 826 62
437 820 62
437 814 62
437 808 62
437 802 62
437 796 62
437 790 62
437 784 62
437 778 62
437 772 62
437 766 62
437 760 62
437 754 62
437 748 62
437 742 62
437 736 62
443 736 62
443 742 62
443 748 62
443 754 62
443 760 63
443 766 63
443 772 63
443 778 63
443 784 63
443 790 63
443 796 63
443 802 63
443 808 63
443 814 63
443 820 63
443 826 63
443 832 63
443 838 63
443 844 63
443 850 63
443 856 63
443 862 63
443 868 63
443 874 63
443 880 63
449 880 63
449 874 63
449 868 63
449 862 63
449 856 63
449 850 63
449 844 63
449 838 63
449 832 63
449 826 63
449 820 63
449 814 63
449 808 63
449 802 63
449 796 63
449 790 63
449 784 63
449 778 63
449 772 63
449 766 64
449 760 64
449 754 64
449 748 64
449 742 64
449 736 64
455 736 64
455 742 64
455 748 64
455 754 64
455 760 64
455 766 64
455 772 64
455 778 64
455 784 64
455 790 64
455 796 64
455 802 64
455 808 64
455 814 64
455 820 64
455 826 64
455 832 64
455 838 64
455 844 64
455 850 64
455 856 64
455 862 64
455 868 64
455 874 64
455 880 64
461 880 64
461 874 64
461 868 64
461 862 64
461 856 64
461 850 64
461 844 64
461 838 64
461 832 64
461 826 65
461 820 65
461 814 65
461 808 65
461 802 65
461 796 65
461 790 65
461 784 65
461 778 65
461 772 65
461 766 65
461 760 65
461 754 65
461 748 65
461 742 65
461 736 65
467 736 65
467 742 65
467 748 65
467 754 65
467 760 65
467 766 65
467 772 65
467 778 65
467 784 65
467 790 65
467 796 65
467 802 65
467 808 65
467 814 65
467 820 65
467 826 65
467 832 65
467 838 65
467 844 65
467 850 65
467 856 65
467 862 65
467 868 65
467 874 65
467 880 66
473 880 66
473 874 66
473 868 66
473 862 66
473 856 66
473 850 66
473 844 66
473 838 66
473 832 66
473 826 66
473 820 66
473 814 66
473 808 66
473 802 66
473 796 66
473 790 66
473 784 66
473 778 66
473 772 66
473 766 66
473 760 66
473 754 66
473 748 66
473 742 66
473 736 66
479 736 66
479 742 66
479 748 66
479 754 66
479 760 66
479 766 66
479 772 66
479 778 66
479 784 66
479 790 66
479 796 66
479 802 66
479 808 66
479 814 66
479 820 67
479 826 67
479 832 67
479 838 67
479 844 67
479 850 67
479 856 67
479 862 67
479 868 67
479 874 67
479 880 67
485 880 67
485 874 67
485 868 67
485 862 67
485 856 67
485 850 67
485 844 67
485 838 67
485 832 67
485 826 67
485 820 67
485 814 67
485 808 67
485 802 67
485 796 67
485 790 67
485 784 67
485 778 67
485 772 67
485 766 67
485 760 67
485 754 67
485 748 67
485 742 67
485 736 67
491 736 67
491 742 67
491 748 67
491 754 67
491 760 68
491 766 68
491 772 68
491 778 68
491 784 68
491 790 68
491 796 68
491 802 68
491 808 68
491 814 68
491 820 68
491 826 68
491 832 68
491 838 68
491 844 68
491 850 68
491 856 68
491 862 68
491 868 68
491 874 68
491 880 68
497 880 68
497 874 68
497 868 68
497 862 68
497 856 68
497 850 68
497 844 68
497 838 68
497 832 68
497 826 68
497 820 68
497 814 68
497 808 68
497 802 68
497 796 68
497 790 68
497 784 68
497 778 68
497 772 68
497 766 69
497 760 69
497 754 69
497 748 69
497 742 69
497 736 69
503 736 69
503 742 69
503 748 69
503 754 69
503 760 69
503 766 69
503 772 69
503 778 69
503 784 69
503 790 69
503 796 69
503 802 69
503 808 69
503 814 69
503 820 69
503 826 69
503 832 69
503 838 69
503 844 69
503 850 69
503 856 69
503 862 69
503 868 69
503 874 69
503 880 69
509 880 69
509 874 69
509 868 69
509 862 69
509 856 69
509 850 69
509 844 69
509 838 69
509 832 69
509 826 70
509 820 70
509 814 70
509 808 70
509 802 70
509 796 70
509 790 70
509 784 70
509 778 70
509 772 70
509 766 70
509 760 70
509 754 70
509 748 70
509 742 70
509 736 70
515 736 70
515 742 70
515 748 70
515 754 70
515 760 70
515 766 70
515 772 70
515 778 70
515 784 70
515 790 70
515 796 70
515 802 70
515 808 70
515 814 70
515 820 70
515 826 70
515 832 70
515 838 70
515 844 70
515 850 70
515 856 70
515 862 70
515 868 70
515 874 70
515 880 71
521 880 71
521 874 71
521 868 71
521 862 71
521 856 71
521 850 71
521 844 71
521 838 71
521 832 71
521 826 71
521 820 71
521 814 71
521 808 71
521 802 71
521 796 71
521 790 71
521 784 71
521 778 71
521 772 71
521 766 71
521 760 71
521 754 71
521 748 71
521 742 71
521 736 71
527 736 71
527 742 71
527 748 71
527 754 71
527 760 71
527 766 71
527 772 71
527 778 71
527 784 71
527 790 71
527 796 71
527 802 71
527 808 71
527 814 71
527 820 72
527 826 72
527 832 72
527 838 72
527 844 72
527 850 72
527 856 72
527 862 72
527 868 72
527 874 72
527 880 72
533 880 72
533 874 72
533 868 72
533 862 72
533 856 72
533 850 72
533 844 72
533 838 72
533 832 72
533 826 72
533 820 72
533 814 72
533 808 72
533 802 72
533 796 72
533 790 72
533 784 72
533 778 72
533 772 72
533 766 72
533 760 72
533 754 72
533 748 72
533 742 72
533 736 72
539 736 72
539 742 72
539 748 72
539 754 72
539 760 73
539 766 73
539 772 73
539 778 73
539 784 73
539 790 73
539 796 73
539 802 73
539 808 73
539 814 73
539 820 73
539 826 73
539 832 73
539 838 73
539 844 73
539 850 73
539 856 73
539 862 73
539 868 73
539 874 73
539 880 73
545 880 73
545 874 73
545 868 73
545 862 73
545 856 73
545 850 73
545 844 73
545 838 73
545 832 73
545 826 73
545 820 73
545 814 73
545 808 73
545 802 73
545 796 73
545 790 73
545 784 73
545 778 73
545 772 73
545 766 74
545 760 74
545 754 74
545 748 74
545 742 74
545 736 74
551 736 74
551 742 74
551 748 74
551 754 74
551 760 74
551 766 74
551 772 74
551 778 74
551 784 74
551 790 74
551 796 74
551 802 74
551 808 74
551 814 74
551 820 74
551 826 74
551 832 74
551 838 74
551 844 74
551 850 74
551 856 74
551 862 74
551 868 74
551 874 74
551 880 74
557 880 74
557 874 74
557 868 74
557 862 74
557 856 74
557 850 74
557 844 74
557 838 74
557 832 74
557 826 75
557 820 75
557 814 75
557 808 75
557 802 75
557 796 75
557 790 75
557 784 75
557 778 75
557 772 75
557 766 75
557 760 75
557 754 75
557 748 75
557 742 75
557 736 75
563 736 75
563 742 75
563 748 75
563 754 75
563 760 75
563 766 75
563 772 75
563 778 75
563 784 75
563 790 75
563 796 75
563 802 75
563 808 75
563 814 75
563 820 75
563 826 75
563 832 75
563 838 75
563 844 75
563 850 75
563 856 75
563 862 75
563 868 75
563 874 75
563 880 76
569 880 76
569 874 76
569 868 76
569 862 76
569 856 76
569 850 76
569 844 76
569 838 76
569 832 76
569 826 76
569 820 76
569 814 76
569 808 76
569 802 76
569 796 76
569 790 76
569 784 76
569 778 76
569 772 76
569 766 76
569 760 76
569 754 76
569 748 76
569 742 76
569 736 76
575 736 76
575 742 76
575 748 76
575 754 76
575 760 76
575 766 76
575 772 76
575 778 76
575 784 76
575 790 76
575 796 76
575 802 76
575 808 76
575 814 76
575 820 77
575 826 77
575 832 77
575 838 77
575 844 77
575 850 77
575 856 77
575 862 77
575 868 77
575 874 77
575 880 77
581 880 77
581 874 77
581 868 77
581 862 77
581 856 77
581 850 77
581 844 77
581 838 77
581 832 77
581 826 77
581 820 77
581 814 77
581 808 77
581 802 77
581 796 77
581 790 77
581 784 77
581 778 77
581 772 77
581 766 77
581 760 77
581 754 77
581 748 77
581 742 77
581 736 77
587 736 77
587 742 77
587 748 77
587 754 77
587 760 78
587 766 78
587 772 78
587 778 78
587 784 78
587 790 78
587 796 78
587 802 78
587 808 78
587 814 78
587 820 78
587 826 78
587 832 78
587 838 78
587 844 78
587 850 78
587 856 78
587 862 78
587 868 78
587 874 78
587 880 78
593 880 78
593 874 78
593 868 78
593 862 78
593 856 78
593 850 78
593 844 78
593 838 78
593 832 78
593 826 78
593 820 78
593 814 78
593 808 78
593 802 78
593 796 78
593 790 78
593 784 78
593 778 78
593 772 78
593 766 79
593 760 79
593 754 79
593 748 79
593 742 79
593 736 79
599 736 79
599 742 79
599 748 79
599 754 79
599 760 79
599 766 79
599 772 79
599 778 79
599 784 79
599 790 79
599 796 79
599 802 79
599 808 79
599 814 79
599 820 79
599 826 79
599 832 79
599 838 79
599 844 79
599 850 79
599 856 79
599 862 79
599 868 79
599 874 79
599 880 79
605 880 79
605 874 79
605 868 79
605 862 79
605 856 79
605 850 79
605 844 79
605 838 79
605 832 79
605 826 80
605 820 80
605 814 80
605 808 80
605 802 80
605 796 80
605 790 80
605 784 80
605 778 80
605 772 80
605 766 80
605 760 80
605 754 80
605 748 80
605 742 80
605 736 80
611 736 80
611 742 80
611 748 80
611 754 80
611 760 80
611 766 80
611 772 80
611 778 80
611 784 80
611 790 80
611 796 80
611 802 80
611 808 80
611 814 80
611 820 80
611 826 80
611 832 80
611 838 80
611 844 80
611 850 80
611 856 80
611 862 80
611 868 80
611 874 80
611 880 81
617 880 81
617 874 81
617 868 81
617 862 81
617 856 81
617 850 81
617 844 81
617 838 81
617 832 81
617 826 81
617 820 81
617 814 81
617 808 81
617 802 81
617 796 81
617 790 81
617 784 81
617 778 81
617 772 81
617 766 81
617 760 81
617 754 81
617 748 81
617 742 81
617 736 81
623 736 81
623 742 81
623 748 81
623 754 81
623 760 81
623 766 81
623 772 81
623 778 81
623 784 81
623 790 81
623 796 81
623 802 81
623 808 81
623 814 81
623 820 82
623 826 82
623 832 82
623 838 82
623 844 82
623 850 82
623 856 82
623 862 82
623 868 82
623 874 82
623 880 82
629 880 82
629 874 82
629 868 82
629 862 82
629 856 82
629 850 82
629 844 82
629 838 82
629 832 82
629 826 82
629 820 82
629 814 82
629 808 82
629 802 82
629 796 82
629 790 82
629 784 82
629 778 82
629 772 82
629 766 82
629 760 82
629 754 82
629 748 82
629 742 82
629 736 82
635 736 82
635 742 82
635 748 82
635 754 82
635 760 83
635 766 83
635 772 83
635 778 83
635 784 83
635 790 83
635 796 83
635 802 83
635 808 83
635 814 83
635 820 83
635 826 83
635 832 83
635 838 83
635 844 83
635 850 83
635 856 83
635 862 83
635 868 83
635 874 83
635 880 83
641 736 83
641 742 83
641 748 83
641 754 83
641 760 83
641 766 83
641 772 83
641 778 83
641 784 83
641 790 83
641 796 83
641 802 83
641 808 83
641 814 83
641 820 83
641 826 83
641 832 83
641 838 83
641 844 83
641 850 84
641 856 84
641 862 84
641 868 84
641 874 84
641 880 84
641 886 84
641 892 84
641 898 84
641 904 84
641 910 84
641 916 84
641 922 84
641 928 84
641 934 84
641 940 84
641 946 84
641 952 84
641 958 84
641 964 84
641 970 84
641 976 84
641 982 84
641 988 84
641 994 84
641 1000 84
641 1006 84
641 1012 84
641 1018 84
641 1024 84
635 1024 84
635 1018 84
635 1012 84
635 1006 84
635 1000 84
635 994 84
635 988 84
635 982 84
635 976 84
635 970 84
635 964 85
635 958 85
635 952 85
635 946 85
635 940 85
635 934 85
635 928 85
635 922 85
635 916 85
635 910 85
635 904 85
635 898 85
635 892 85
635 886 85
629 886 85
629 892 85
629 898 85
629 904 85
629 910 85
629 916 85
629 922 85
629 928 85
629 934 85
629 940 85
629 946 85
629 952 85
629 958 85
629 964 85
629 970 85
629 976 85
629 982 85
629 988 85
629 994 85
629 1000 85
629 1006 85
629 1012 85
629 1018 85
629 1024 85
623 1024 85
623 1018 85
623 1012 86
623 1006 86
623 1000 86
623 994 86
623 988 86
623 982 86
623 976 86
623 970 86
623 964 86
623 958 86
623 952 86
623 946 86
623 940 86
623 934 86
623 928 86
623 922 86
623 916 86
623 910 86
623 904 86
623 898 86
623 892 86
623 886 86
617 886 86
617 892 86
617 898 86
617 904 86
617 910 86
617 916 86
617 922 86
617 928 86
617 934 86
617 940 86
617 946 86
617 952 86
617 958 86
617 964 86
617 970 86
617 976 86
617 982 86
617 988 86
617 994 87
617 1000 87
617 1006 87
617 1012 87
617 1018 87
617 1024 87
611 1024 87
611 1018 87
611 1012 87
611 1006 87
611 1000 87
611 994 87
611 988 87
611 982 87
611 976 87
611 970 87
611 964 87
611 958 87
611 952 87
611 946 87
611 940 87
611 934 87
611 928 87
611 922 87
611 916 87
611 910 87
611 904 87
611 898 87
611 892 87
611 886 87
605 886 87
605 892 87
605 898 87
605 904 87
605 910 87
605 916 87
605 922 87
605 928 87
605 934 87
605 940 87
605 946 88
605 952 88
605 958 88
605 964 88
605 970 88
605 976 88
605 982 88
605 988 88
605 994 88
605 1000 88
605 1006 88
605 1012 88
605 1018 88
605 1024 88
599 1024 88
599 1018 88
599 1012 88
599 1006 88
599 1000 88
599 994 88
599 988 88
599 982 88
599 976 88
599 970 88
599 964 88
599 958 88
599 952 88
599 946 88
599 940 88
599 934 88
599 928 88
599 922 88
599 916 88
599 910 88
599 904 88
599 898 88
599 892 88
599 886 88
593 886 88
593 892 88
593 898 89
593 904 89
593 910 89
593 916 89
593 922 89
593 928 89
593 934 89
593 940 89
593 946 89
593 952 89
593 958 89
593 964 89
593 970 89
593 976 89
593 982 89
593 988 89
593 994 89
593 1000 89
593 1006 89
593 1012 89
593 1018 89
593 1024 89
587 1024 89
587 1018 89
587 1012 89
587 1006 89
587 1000 89
587 994 89
587 988 89
587 982 89
587 976 89
587 970 89
587 964 89
587 958 89
587 952 89
587 946 89
587 940 89
587 934 89
587 928 89
587 922 89
587 916 90
587 910 90
587 904 90
587 898 90
587 892 90
587 886 90
581 886 90
581 892 90
581 898 90
581 904 90
581 910 90
581 916 90
581 922 90
581 928 90
581 934 90
581 940 90
581 946 90
581 952 90
581 958 90
581 964 90
581 970 90
581 976 90
581 982 90
581 988 90
581 994 90
581 1000 90
581 1006 90
581 1012 90
581 1018 90
581 1024 90
575 1024 90
575 1018 90
575 1012 90
575 1006 90
575 1000 90
575 994 90
575 988 90
575 982 90
575 976 90
575 970 90
575 964 91
575 958 91
575 952 91
575 946 91
575 940 91
575 934 91
575 928 91
575 922 91
575 916 91
575 910 91
575 904 91
575 898 91
575 892 91
575 886 91
569 886 91
569 892 91
569 898 91
569 904 91
569 910 91
569 916 91
569 922 91
569 928 91
569 934 91
569 940 91
569 946 91
569 952 91
569 958 91
569 964 91
569 970 91
569 976 91
569 982 91
569 988 91
569 994 91
569 1000 91
569 1006 91
569 1012 91
569 1018 91
569 1024 91
563 1024 91
563 1018 91
563 1012 92
563 1006 92
563 1000 92
563 994 92
563 988 92
563 982 92
563 976 92
563 970 92
563 964 92
563 958 92
563 952 92
563 946 92
563 940 92
563 934 92
563 928 92
563 922 92
563 916 92
563 910 92
563 904 92
563 898 92
563 892 92
563 886 92
557 886 92
557 892 92
557 898 92
557 904 92
557 910 92
557 916 92
557 922 92
557 928 92
557 934 92
557 940 92
557 946 92
557 952 92
557 958 92
557 964 92
557 970 92
557 976 92
557 982 92
557 988 92
557 994 93
557 1000 93
557 1006 93
557 1012 93
557 1018 93
557 1024 93
551 1024 93
551 1018 93
551 1012 93
551 1006 93
551 1000 93
551 994 93
551 988 93
551 982 93
551 976 93
551 970 93
551 964 93
551 958 93
551 952 93
551 946 93
551 940 93
551 934 93
551 928 93
551 922 93
551 916 93
551 910 93
551 904 93
551 898 93
551 892 93
551 886 93
545 886 93
545 892 93
545 898 93
545 904 93
545 910 93
545 916 93
545 922 93
545 928 93
545 934 93
545 940 93
545 946 94
545 952 94
545 958 94
545 964 94
545 970 94
545 976 94
545 982 94
545 988 94
545 994 94
545 1000 94
545 1006 94
545 1012 94
545 1018 94
545 1024 94
539 1024 94
539 1018 94
539 1012 94
539 1006 94
539 1000 94
539 994 94
539 988 94
539 982 94
539 976 94
539 970 94
539 964 94
539 958 94
539 952 94
539 946 94
539 940 94
539 934 94
539 928 94
539 922 94
539 916 94
539 910 94
539 904 94
539 898 94
539 892 94
539 886 94
533 886 94
533 892 94
533 898 95
533 904 95
533 910 95
533 916 95
533 922 95
533 928 95
533 934 95
533 940 95
533 946 95
533 952 95
533 958 95
533 964 95
533 970 95
533 976 95
533 982 95
533 988 95
533 994 95
533 1000 95
533 1006 95
533 1012 95
533 1018 95
533 1024 95
527 1024 95
527 1018 95
527 1012 95
527 1006 95
527 1000 95
527 994 95
527 988 95
527 982 95
527 976 95
527 970 95
527 964 95
527 958 95
527 952 95
527 946 95
527 940 95
527 934 95
527 928 95
527 922 95
527 916 96
527 910 96
527 904 96
527 898 96
527 892 96
527 886 96
521 886 96
521 892 96
521 898 96
521 904 96
521 910 96
521 916 96
521 922 96
521 928 96
521 934 96
521 940 96
521 946 96
521 952 96
521 958 96
521 964 96
521 970 96
521 976 96
521 982 96
521 988 96
521 994 96
521 1000 96
521 1006 96
521 1012 96
521 1018 96
521 1024 96
515 1024 96
515 1018 96
515 1012 96
515 1006 96
515 1000 96
515 994 96
515 988 96
515 982 96
515 976 96
515 970 96
515 964 97
515 958 97
515 952 97
515 946 97
515 940 97
515 934 97
515 928 97
515 922 97
515 916 97
515 910 97
515 904 97
515 898 97
515 892 97
515 886 97
509 886 97
509 892 97
509 898 97
509 904 97
509 910 97
509 916 97
509 922 97
509 928 97
509 934 97
509 940 97
509 946 97
509 952 97
509 958 97
509 964 97
509 970 97
509 976 97
509 982 97
509 988 97
509 994 97
509 1000 97
509 1006 97
509 1012 97
509 1018 97
509 1024 97
503 1024 97
503 1018 97
503 1012 98
503 1006 98
503 1000 98
503 994 98
503 988 98
503 982 98
503 976 98
503 970 98
503 964 98
503 958 98
503 952 98
503 946 98
503 940 98
503 934 98
503 928 98
503 922 98
503 916 98
503 910 98
503 904 98
503 898 98
503 892 98
503 886 98
497 886 98
497 892 98
497 898 98
497 904 98
497 910 98
497 916 98
497 922 98
497 928 98
497 934 98
497 940 98
497 946 98
497 952 98
497 958 98
497 964 98
497 970 98
497 976 98
497 982 98
497 988 98
497 994 99
497 1000 99
497 1006 99
497 1012 99
497 1018 99
497 1024 99
491 1024 99
491 1018 99
491 1012 99
491 1006 99
491 1000 99
491 994 99
491 988 99
491 982 99
491 976 99
491 970 99
491 964 99
491 958 99
491 952 99
491 946 99
491 940 99
491 934 99
491 928 99
491 922 99
491 916 99
491 910 99
491 904 99
491 898 99
491 892 99
491 886 99
485 886 99
485 892 99
485 898 99
485 904 99
485 910 99
485 916 99
485 922 99
485 928 99
485 934 99
485 940 99
485 946 100
485 952 100
485 958 100
485 964 100
485 970 100
485 976 100
485 982 100
485 988 100
485 994 100
485 1000 100
485 1006 100
485 1012 100
485 1018 100
485 1024 100
479 1024 100
479 1018 100
479 1012 100
479 1006 100
479 1000 100
479 994 100
479 988 100
479 982 100
479 976 100
479 970 100
479 964 100
479 958 100
479 952 100
479 946 100
479 940 100
479 934 100
479 928 100
479 922 100
479 916 100
479 910 100
479 904 100
479 898 100
479 892 100
479 886 100
473 886 100
473 892 100
473 898 101
473 904 101
473 910 101
473 916 101
473 922 101
473 928 101
473 934 101
473 940 101
473 946 101
473 952 101
473 958 101
473 964 101
473 970 101
473 976 101
473 982 101
473 988 101
473 994 101
473 1000 101
473 1006 101
473 1012 101
473 1018 101
473 1024 101
467 1024 101
467 1018 101
467 1012 101
467 1006 101
467 1000 101
467 994 101
467 988 101
467 982 101
467 976 101
467 970 101
467 964 101
467 958 101
467 952 101
467 946 101
467 940 101
467 934 101
467 928 101
467 922 101
467 916 102
467 910 102
467 904 102
467 898 102
467 892 102
467 886 102
461 886 102
461 892 102
461 898 102
461 904 102
461 910 102
461 916 102
461 922 102
461 928 102
461 934 102
461 940 102
461 946 102
461 952 102
461 958 102
461 964 102
461 970 102
461 976 102
461 982 102
461 988 102
461 994 102
461 1000 102
461 1006 102
461 1012 102
461 1018 102
461 1024 102
455 898 102
455 892 102
455 886 102
449 886 102
449 892 102
449 898 102
443 898 102
443 892 102
443 886 102
437 886 102
437 892 103
437 898 103
431 898 103
431 892 103
431 886 103
425 886 103
425 892 103
425 898 103
419 898 103
419 892 103
419 886 103
413 886 103
413 892 103
413 898 103
407 898 103
407 892 103
407 886 103
401 886 103
401 892 103
401 898 103
395 898 103
395 892 103
395 886 103
389 886 103
389 892 103
389 898 103
383 898 103
383 892 103
383 886 103
377 886 103
377 892 103
377 898 103
371 898 103
371 892 103
371 886 103
365 886 103
365 892 103
365 898 103
359 898 103
359 892 103
359 886 104
353 886 104
353 892 104
353 898 104
347 898 104
347 892 104
347 886 104
341 886 104
341 892 104
341 898 104
335 898 104
335 892 104
335 886 104
329 886 104
329 892 104
329 898 104
323 898 104
323 892 104
323 886 104
317 886 104
317 892 104
317 898 104
311 898 104
311 892 104
311 886 104
305 886 104
305 892 104
305 898 104
299 898 104
299 892 104
299 886 104
293 886 104
293 892 104
293 898 104
